2.000000e+000 1.685566e-005 0.000000e+000 3.400769e-008 0.000000e+000 1.371713e+003
4.000000e+000 1.686299e-005 0.000000e+000 3.402250e-008 0.000000e+000 1.371688e+003
6.000000e+000 1.687521e-005 0.000000e+000 3.404721e-008 0.000000e+000 1.371707e+003
8.000000e+000 1.689236e-005 0.000000e+000 3.408188e-008 0.000000e+000 1.371754e+003
1.000000e+001 1.691446e-005 0.000000e+000 3.412655e-008 0.000000e+000 1.371808e+003
1.200000e+001 1.694155e-005 0.000000e+000 3.418132e-008 0.000000e+000 1.371871e+003
1.400000e+001 1.697369e-005 0.000000e+000 3.424627e-008 0.000000e+000 1.371943e+003
1.600000e+001 1.701092e-005 0.000000e+000 3.432154e-008 0.000000e+000 1.372028e+003
1.800000e+001 1.705332e-005 0.000000e+000 3.440726e-008 0.000000e+000 1.372124e+003
2.000000e+001 1.710097e-005 0.000000e+000 3.450358e-008 0.000000e+000 1.372228e+003
2.200000e+001 1.715396e-005 0.000000e+000 3.461070e-008 0.000000e+000 1.372359e+003
2.400000e+001 1.721238e-005 0.000000e+000 3.472879e-008 0.000000e+000 1.372486e+003
2.600000e+001 1.727635e-005 0.000000e+000 3.485811e-008 0.000000e+000 1.372623e+003
2.800000e+001 1.734599e-005 0.000000e+000 3.499888e-008 0.000000e+000 1.372772e+003
3.000000e+001 1.742143e-005 0.000000e+000 3.515139e-008 0.000000e+000 1.372932e+003
3.200000e+001 1.750283e-005 0.000000e+000 3.531594e-008 0.000000e+000 1.373104e+003
3.400000e+001 1.759035e-005 0.000000e+000 3.549285e-008 0.000000e+000 1.373287e+003
3.600000e+001 1.768416e-005 0.000000e+000 3.568249e-008 0.000000e+000 1.373481e+003
3.800000e+001 1.778446e-005 0.000000e+000 3.588525e-008 0.000000e+000 1.373686e+003
4.000000e+001 1.789146e-005 0.000000e+000 3.610154e-008 0.000000e+000 1.373903e+003
4.200000e+001 1.800538e-005 0.000000e+000 3.633184e-008 0.000000e+000 1.374131e+003
4.400000e+001 1.812648e-005 0.000000e+000 3.657663e-008 0.000000e+000 1.374371e+003
4.600000e+001 1.825501e-005 0.000000e+000 3.683647e-008 0.000000e+000 1.374622e+003
4.800000e+001 1.839128e-005 0.000000e+000 3.711194e-008 0.000000e+000 1.374885e+003
5.000000e+001 1.853560e-005 0.000000e+000 3.740367e-008 0.000000e+000 1.375159e+003
5.200000e+001 1.868830e-005 0.000000e+000 3.771236e-008 0.000000e+000 1.375446e+003
5.400000e+001 1.884976e-005 0.000000e+000 3.803875e-008 0.000000e+000 1.375744e+003
5.600000e+001 1.902038e-005 0.000000e+000 3.838365e-008 0.000000e+000 1.376054e+003
5.800000e+001 1.920058e-005 0.000000e+000 3.874793e-008 0.000000e+000 1.376376e+003
6.000000e+001 1.939084e-005 0.000000e+000 3.913254e-008 0.000000e+000 1.376709e+003
6.200000e+001 1.959167e-005 0.000000e+000 3.953852e-008 0.000000e+000 1.377056e+003
6.400000e+001 1.980363e-005 0.000000e+000 3.996699e-008 0.000000e+000 1.377414e+003
6.600000e+001 2.002731e-005 0.000000e+000 4.041916e-008 0.000000e+000 1.377785e+003
6.800000e+001 2.026337e-005 0.000000e+000 4.089636e-008 0.000000e+000 1.378167e+003
7.000000e+001 2.051253e-005 0.000000e+000 4.140003e-008 0.000000e+000 1.378563e+003
7.200000e+001 2.077557e-005 0.000000e+000 4.193176e-008 0.000000e+000 1.378970e+003
7.400000e+001 2.105334e-005 0.000000e+000 4.249327e-008 0.000000e+000 1.379391e+003
7.600000e+001 2.134677e-005 0.000000e+000 4.308644e-008 0.000000e+000 1.379825e+003
7.800000e+001 2.165688e-005 0.000000e+000 4.371334e-008 0.000000e+000 1.380270e+003
8.000000e+001 2.198482e-005 0.000000e+000 4.437626e-008 0.000000e+000 1.380730e+003
8.200000e+001 2.233180e-005 0.000000e+000 4.507767e-008 0.000000e+000 1.381202e+003
8.400000e+001 2.269919e-005 0.000000e+000 4.582036e-008 0.000000e+000 1.381688e+003
8.600000e+001 2.308850e-005 0.000000e+000 4.660735e-008 0.000000e+000 1.382187e+003
8.800000e+001 2.350139e-005 0.000000e+000 4.744201e-008 0.000000e+000 1.382698e+003
9.000000e+001 2.393974e-005 0.000000e+000 4.832813e-008 0.000000e+000 1.383224e+003
9.200000e+001 2.440559e-005 0.000000e+000 4.926984e-008 0.000000e+000 1.383763e+003
9.400000e+001 2.490125e-005 0.000000e+000 5.027182e-008 0.000000e+000 1.384317e+003
9.600000e+001 2.542930e-005 0.000000e+000 5.133929e-008 0.000000e+000 1.384885e+003
9.800000e+001 2.599264e-005 0.000000e+000 5.247807e-008 0.000000e+000 1.385466e+003
1.000000e+002 2.659453e-005 0.000000e+000 5.369479e-008 0.000000e+000 1.386061e+003
1.020000e+002 2.723866e-005 0.000000e+000 5.499690e-008 0.000000e+000 1.386672e+003
1.040000e+002 2.792923e-005 0.000000e+000 5.639289e-008 0.000000e+000 1.387296e+003
1.060000e+002 2.867101e-005 0.000000e+000 5.789239e-008 0.000000e+000 1.387936e+003
1.080000e+002 2.946947e-005 0.000000e+000 5.950648e-008 0.000000e+000 1.388590e+003
1.100000e+002 3.033089e-005 0.000000e+000 6.124786e-008 0.000000e+000 1.389260e+003
1.120000e+002 3.126256e-005 0.000000e+000 6.313122e-008 0.000000e+000 1.389945e+003
1.140000e+002 3.227291e-005 0.000000e+000 6.517366e-008 0.000000e+000 1.390645e+003
1.160000e+002 3.337183e-005 0.000000e+000 6.739512e-008 0.000000e+000 1.391361e+003
1.180000e+002 3.457092e-005 0.000000e+000 6.981909e-008 0.000000e+000 1.392093e+003
1.200000e+002 3.588396e-005 0.000000e+000 7.247339e-008 0.000000e+000 1.392841e+003
1.220000e+002 3.732734e-005 0.000000e+000 7.539120e-008 0.000000e+000 1.393606e+003
1.240000e+002 3.892083e-005 0.000000e+000 7.861244e-008 0.000000e+000 1.394387e+003
1.260000e+002 4.068840e-005 0.000000e+000 8.218558e-008 0.000000e+000 1.395185e+003
1.280000e+002 4.265942e-005 0.000000e+000 8.617000e-008 0.000000e+000 1.395999e+003
1.300000e+002 4.487032e-005 0.000000e+000 9.063936e-008 0.000000e+000 1.396831e+003
1.320000e+002 4.736681e-005 0.000000e+000 9.568602e-008 0.000000e+000 1.397680e+003
1.340000e+002 5.020696e-005 0.000000e+000 1.014274e-007 0.000000e+000 1.398547e+003
1.360000e+002 5.346588e-005 0.000000e+000 1.080153e-007 0.000000e+000 1.399432e+003
1.380000e+002 5.724220e-005 0.000000e+000 1.156492e-007 0.000000e+000 1.400336e+003
1.400000e+002 6.166833e-005 0.000000e+000 1.245966e-007 0.000000e+000 1.401258e+003
1.420000e+002 6.692598e-005 0.000000e+000 1.352250e-007 0.000000e+000 1.402198e+003
1.440000e+002 7.327172e-005 0.000000e+000 1.480529e-007 0.000000e+000 1.403158e+003
1.460000e+002 8.107991e-005 0.000000e+000 1.638372e-007 0.000000e+000 1.404137e+003
1.480000e+002 9.091888e-005 0.000000e+000 1.837267e-007 0.000000e+000 1.405136e+003
1.500000e+002 1.036955e-004 0.000000e+000 2.095547e-007 0.000000e+000 1.406155e+003
1.520000e+002 1.209508e-004 0.000000e+000 2.444363e-007 0.000000e+000 1.407194e+003
1.540000e+002 1.455326e-004 0.000000e+000 2.941286e-007 0.000000e+000 1.408254e+003
1.560000e+002 1.833534e-004 0.000000e+000 3.705835e-007 0.000000e+000 1.409335e+003
1.580000e+002 2.490294e-004 0.000000e+000 5.033479e-007 0.000000e+000 1.410438e+003
1.600000e+002 3.912132e-004 0.000000e+000 7.907734e-007 0.000000e+000 1.411562e+003
1.620000e+002 9.298411e-004 0.000000e+000 1.879612e-006 0.000000e+000 1.412709e+003
1.640000e+002 -2.343891e-003 0.000000e+000 -4.738255e-006 0.000000e+000 1.413878e+003
1.660000e+002 -5.127579e-004 0.000000e+000 -1.036609e-006 0.000000e+000 1.415070e+003
1.680000e+002 -2.860797e-004 0.000000e+000 -5.783780e-007 0.000000e+000 1.416286e+003
1.700000e+002 -1.975257e-004 0.000000e+000 -3.993655e-007 0.000000e+000 1.417526e+003
1.720000e+002 -1.503372e-004 0.000000e+000 -3.039738e-007 0.000000e+000 1.418790e+003
1.740000e+002 -1.210224e-004 0.000000e+000 -2.447138e-007 0.000000e+000 1.420078e+003
1.760000e+002 -1.010460e-004 0.000000e+000 -2.043314e-007 0.000000e+000 1.421393e+003
1.780000e+002 -8.656134e-005 0.000000e+000 -1.750506e-007 0.000000e+000 1.422733e+003
1.800000e+002 -7.557910e-005 0.000000e+000 -1.528499e-007 0.000000e+000 1.424099e+003
1.820000e+002 -6.696717e-005 0.000000e+000 -1.354408e-007 0.000000e+000 1.425492e+003
1.840000e+002 -6.003401e-005 0.000000e+000 -1.214254e-007 0.000000e+000 1.426912e+003
1.860000e+002 -5.433314e-005 0.000000e+000 -1.099011e-007 0.000000e+000 1.428360e+003
1.880000e+002 -4.956344e-005 0.000000e+000 -1.002591e-007 0.000000e+000 1.429838e+003
1.900000e+002 -4.551457e-005 0.000000e+000 -9.207433e-008 0.000000e+000 1.431344e+003
1.920000e+002 -4.203511e-005 0.000000e+000 -8.504057e-008 0.000000e+000 1.432880e+003
1.940000e+002 -3.901319e-005 0.000000e+000 -7.893175e-008 0.000000e+000 1.434447e+003
1.960000e+002 -3.636451e-005 0.000000e+000 -7.357744e-008 0.000000e+000 1.436044e+003
1.980000e+002 -3.402416e-005 0.000000e+000 -6.884642e-008 0.000000e+000 1.437674e+003
2.000000e+002 -3.194156e-005 0.000000e+000 -6.463643e-008 0.000000e+000 1.439336e+003
2.020000e+002 -3.007657e-005 0.000000e+000 -6.086635e-008 0.000000e+000 1.441031e+003
2.040000e+002 -2.839694e-005 0.000000e+000 -5.747098e-008 0.000000e+000 1.442761e+003
2.060000e+002 -2.687653e-005 0.000000e+000 -5.439746e-008 0.000000e+000 1.444525e+003
2.080000e+002 -2.549386e-005 0.000000e+000 -5.160240e-008 0.000000e+000 1.446325e+003
2.100000e+002 -2.423115e-005 0.000000e+000 -4.904983e-008 0.000000e+000 1.448162e+003
2.120000e+002 -2.307356e-005 0.000000e+000 -4.670976e-008 0.000000e+000 1.450036e+003
2.140000e+002 -2.200858e-005 0.000000e+000 -4.455691e-008 0.000000e+000 1.451948e+003
2.160000e+002 -2.102561e-005 0.000000e+000 -4.256983e-008 0.000000e+000 1.453901e+003
2.180000e+002 -2.011562e-005 0.000000e+000 -4.073029e-008 0.000000e+000 1.455893e+003
2.200000e+002 -1.927082e-005 0.000000e+000 -3.902253e-008 0.000000e+000 1.457927e+003
2.220000e+002 -1.848454e-005 0.000000e+000 -3.743307e-008 0.000000e+000 1.460003e+003
2.240000e+002 -1.775095e-005 0.000000e+000 -3.595011e-008 0.000000e+000 1.462123e+003
2.260000e+002 -1.706495e-005 0.000000e+000 -3.456338e-008 0.000000e+000 1.464287e+003
2.280000e+002 -1.642212e-005 0.000000e+000 -3.326390e-008 0.000000e+000 1.466499e+003
2.300000e+002 -1.581856e-005 0.000000e+000 -3.204380e-008 0.000000e+000 1.468757e+003
2.320000e+002 -1.525081e-005 0.000000e+000 -3.089610e-008 0.000000e+000 1.471062e+003
2.340000e+002 -1.471578e-005 0.000000e+000 -2.981454e-008 0.000000e+000 1.473419e+003
2.360000e+002 -1.421077e-005 0.000000e+000 -2.879367e-008 0.000000e+000 1.475827e+003
2.380000e+002 -1.373333e-005 0.000000e+000 -2.782852e-008 0.000000e+000 1.478288e+003
2.400000e+002 -1.328130e-005 0.000000e+000 -2.691476e-008 0.000000e+000 1.480803e+003
2.420000e+002 -1.285272e-005 0.000000e+000 -2.604839e-008 0.000000e+000 1.483373e+003
2.440000e+002 -1.244582e-005 0.000000e+000 -2.522584e-008 0.000000e+000 1.486002e+003
2.460000e+002 -1.205901e-005 0.000000e+000 -2.444391e-008 0.000000e+000 1.488690e+003
2.480000e+002 -1.169085e-005 0.000000e+000 -2.369967e-008 0.000000e+000 1.491439e+003
2.500000e+002 -1.134003e-005 0.000000e+000 -2.299051e-008 0.000000e+000 1.494251e+003
2.520000e+002 -1.100536e-005 0.000000e+000 -2.231397e-008 0.000000e+000 1.497129e+003
2.540000e+002 -1.068576e-005 0.000000e+000 -2.166791e-008 0.000000e+000 1.500073e+003
2.560000e+002 -1.038023e-005 0.000000e+000 -2.105030e-008 0.000000e+000 1.503087e+003
2.580000e+002 -1.008788e-005 0.000000e+000 -2.045932e-008 0.000000e+000 1.506172e+003
2.600000e+002 -9.807858e-006 0.000000e+000 -1.989325e-008 0.000000e+000 1.509331e+003
2.620000e+002 -9.539408e-006 0.000000e+000 -1.935059e-008 0.000000e+000 1.512567e+003
2.640000e+002 -9.281826e-006 0.000000e+000 -1.882989e-008 0.000000e+000 1.515882e+003
2.660000e+002 -9.034461e-006 0.000000e+000 -1.832986e-008 0.000000e+000 1.519278e+003
2.680000e+002 -8.796710e-006 0.000000e+000 -1.784925e-008 0.000000e+000 1.522760e+003
2.700000e+002 -8.568017e-006 0.000000e+000 -1.738695e-008 0.000000e+000 1.526329e+003
2.720000e+002 -8.347875e-006 0.000000e+000 -1.694194e-008 0.000000e+000 1.529989e+003
2.740000e+002 -8.135807e-006 0.000000e+000 -1.651326e-008 0.000000e+000 1.533742e+003
2.760000e+002 -7.931355e-006 0.000000e+000 -1.609997e-008 0.000000e+000 1.537594e+003
2.780000e+002 -7.734131e-006 0.000000e+000 -1.570129e-008 0.000000e+000 1.541546e+003
2.800000e+002 -7.543717e-006 0.000000e+000 -1.531637e-008 0.000000e+000 1.545605e+003
2.820000e+002 -7.359780e-006 0.000000e+000 -1.494455e-008 0.000000e+000 1.549772e+003
2.840000e+002 -7.181985e-006 0.000000e+000 -1.458515e-008 0.000000e+000 1.554051e+003
2.860000e+002 -7.009997e-006 0.000000e+000 -1.423749e-008 0.000000e+000 1.558450e+003
2.880000e+002 -6.843537e-006 0.000000e+000 -1.390100e-008 0.000000e+000 1.562971e+003
2.900000e+002 -6.682324e-006 0.000000e+000 -1.357511e-008 0.000000e+000 1.567621e+003
2.920000e+002 -6.526102e-006 0.000000e+000 -1.325932e-008 0.000000e+000 1.572403e+003
2.940000e+002 -6.374625e-006 0.000000e+000 -1.295312e-008 0.000000e+000 1.577324e+003
2.960000e+002 -6.227665e-006 0.000000e+000 -1.265605e-008 0.000000e+000 1.582389e+003
2.980000e+002 -6.085005e-006 0.000000e+000 -1.236768e-008 0.000000e+000 1.587606e+003
3.000000e+002 -5.946442e-006 0.000000e+000 -1.208758e-008 0.000000e+000 1.592980e+003
3.020000e+002 -5.811782e-006 0.000000e+000 -1.181538e-008 0.000000e+000 1.598519e+003
3.040000e+002 -5.680843e-006 0.000000e+000 -1.155069e-008 0.000000e+000 1.604230e+003
3.060000e+002 -5.553454e-006 0.000000e+000 -1.129319e-008 0.000000e+000 1.610122e+003
3.080000e+002 -5.429451e-006 0.000000e+000 -1.104253e-008 0.000000e+000 1.616203e+003
3.100000e+002 -5.308678e-006 0.000000e+000 -1.079840e-008 0.000000e+000 1.622481e+003
3.120000e+002 -5.190988e-006 0.000000e+000 -1.056050e-008 0.000000e+000 1.628968e+003
3.140000e+002 -5.076240e-006 0.000000e+000 -1.032855e-008 0.000000e+000 1.635672e+003
3.160000e+002 -4.964303e-006 0.000000e+000 -1.010228e-008 0.000000e+000 1.642606e+003
3.180000e+002 -4.855047e-006 0.000000e+000 -9.881433e-009 0.000000e+000 1.649781e+003
3.200000e+002 -4.748352e-006 0.000000e+000 -9.665761e-009 0.000000e+000 1.657210e+003
3.220000e+002 -4.644101e-006 0.000000e+000 -9.455032e-009 0.000000e+000 1.664905e+003
3.240000e+002 -4.542183e-006 0.000000e+000 -9.249019e-009 0.000000e+000 1.672883e+003
3.260000e+002 -4.442492e-006 0.000000e+000 -9.047508e-009 0.000000e+000 1.681159e+003
3.280000e+002 -4.344924e-006 0.000000e+000 -8.850289e-009 0.000000e+000 1.689749e+003
3.300000e+002 -4.249382e-006 0.000000e+000 -8.657164e-009 0.000000e+000 1.698672e+003
3.320000e+002 -4.155770e-006 0.000000e+000 -8.467943e-009 0.000000e+000 1.707948e+003
3.340000e+002 -4.063996e-006 0.000000e+000 -8.282438e-009 0.000000e+000 1.717597e+003
3.360000e+002 -3.973973e-006 0.000000e+000 -8.100472e-009 0.000000e+000 1.727644e+003
3.380000e+002 -3.885614e-006 0.000000e+000 -7.921872e-009 0.000000e+000 1.738112e+003
3.400000e+002 -3.798836e-006 0.000000e+000 -7.746467e-009 0.000000e+000 1.749030e+003
3.420000e+002 -3.713558e-006 0.000000e+000 -7.574095e-009 0.000000e+000 1.760427e+003
3.440000e+002 -3.629702e-006 0.000000e+000 -7.404597e-009 0.000000e+000 1.772334e+003
3.460000e+002 -3.547189e-006 0.000000e+000 -7.237816e-009 0.000000e+000 1.784789e+003
3.480000e+002 -3.465945e-006 0.000000e+000 -7.073601e-009 0.000000e+000 1.797828e+003
3.500000e+002 -3.385895e-006 0.000000e+000 -6.911800e-009 0.000000e+000 1.811495e+003
3.520000e+002 -3.306966e-006 0.000000e+000 -6.752266e-009 0.000000e+000 1.825836e+003
3.540000e+002 -3.229087e-006 0.000000e+000 -6.594854e-009 0.000000e+000 1.840902e+003
3.560000e+002 -3.152185e-006 0.000000e+000 -6.439418e-009 0.000000e+000 1.856751e+003
3.580000e+002 -3.076189e-006 0.000000e+000 -6.285816e-009 0.000000e+000 1.873445e+003
3.600000e+002 -3.001028e-006 0.000000e+000 -6.133902e-009 0.000000e+000 1.891054e+003
3.620000e+002 -2.926632e-006 0.000000e+000 -5.983535e-009 0.000000e+000 1.909655e+003
3.640000e+002 -2.852929e-006 0.000000e+000 -5.834570e-009 0.000000e+000 1.929337e+003
3.660000e+002 -2.779847e-006 0.000000e+000 -5.686863e-009 0.000000e+000 1.950196e+003
3.680000e+002 -2.707314e-006 0.000000e+000 -5.540264e-009 0.000000e+000 1.972342e+003
3.700000e+002 -2.635255e-006 0.000000e+000 -5.394627e-009 0.000000e+000 1.995897e+003
3.720000e+002 -2.563595e-006 0.000000e+000 -5.249798e-009 0.000000e+000 2.021003e+003
3.740000e+002 -2.492256e-006 0.000000e+000 -5.105619e-009 0.000000e+000 2.047819e+003
3.760000e+002 -2.421159e-006 0.000000e+000 -4.961931e-009 0.000000e+000 2.076525e+003
3.780000e+002 -2.350221e-006 0.000000e+000 -4.818567e-009 0.000000e+000 2.107332e+003
3.800000e+002 -2.279357e-006 0.000000e+000 -4.675354e-009 0.000000e+000 2.140479e+003
3.820000e+002 -2.208477e-006 0.000000e+000 -4.532111e-009 0.000000e+000 2.176245e+003
3.840000e+002 -2.137487e-006 0.000000e+000 -4.388649e-009 0.000000e+000 2.214954e+003
3.860000e+002 -2.066288e-006 0.000000e+000 -4.244770e-009 0.000000e+000 2.256990e+003
3.880000e+002 -1.994777e-006 0.000000e+000 -4.100261e-009 0.000000e+000 2.302800e+003
3.900000e+002 -1.922841e-006 0.000000e+000 -3.954898e-009 0.000000e+000 2.352921e+003
3.920000e+002 -1.850364e-006 0.000000e+000 -3.808445e-009 0.000000e+000 2.407993e+003
3.940000e+002 -1.777216e-006 0.000000e+000 -3.660643e-009 0.000000e+000 2.468792e+003
3.960000e+002 -1.703261e-006 0.000000e+000 -3.511217e-009 0.000000e+000 2.536264e+003
3.980000e+002 -1.628351e-006 0.000000e+000 -3.359867e-009 0.000000e+000 2.611576e+003
4.000000e+002 -1.552324e-006 0.000000e+000 -3.206267e-009 0.000000e+000 2.696184e+003
4.020000e+002 -1.475003e-006 0.000000e+000 -3.050064e-009 0.000000e+000 2.791928e+003
4.040000e+002 -1.396194e-006 0.000000e+000 -2.890867e-009 0.000000e+000 2.901169e+003
4.060000e+002 -1.315683e-006 0.000000e+000 -2.728246e-009 0.000000e+000 3.026987e+003
4.080000e+002 -1.233232e-006 0.000000e+000 -2.561723e-009 0.000000e+000 3.173478e+003
4.100000e+002 -1.148575e-006 0.000000e+000 -2.390768e-009 0.000000e+000 3.346201e+003
4.120000e+002 -1.061414e-006 0.000000e+000 -2.214787e-009 0.000000e+000 3.552914e+003
4.140000e+002 -9.714107e-007 0.000000e+000 -2.033107e-009 0.000000e+000 3.804766e+003
4.160000e+002 -8.781802e-007 0.000000e+000 -1.844969e-009 0.000000e+000 4.118380e+003
4.180000e+002 -7.812770e-007 0.000000e+000 -1.649501e-009 0.000000e+000 4.519687e+003
4.200000e+002 -6.801782e-007 0.000000e+000 -1.445695e-009 0.000000e+000 5.051494e+003
4.220000e+002 -5.742516e-007 0.000000e+000 -1.232362e-009 0.000000e+000 5.789894e+003
4.240000e+002 -4.626918e-007 0.000000e+000 -1.008058e-009 0.000000e+000 6.884395e+003
4.260000e+002 -3.443405e-007 0.000000e+000 -7.708859e-010 0.000000e+000 8.674659e+003
4.280000e+002 -2.169700e-007 0.000000e+000 -5.177744e-010 0.000000e+000 1.213370e+004
4.300000e+002 -7.138388e-008 0.000000e+000 -2.386585e-010 0.000000e+000 2.163318e+004
4.320000e+002 -6.033078e-008 0.000000e+000 -8.509252e-011 0.000000e+000 1.619964e+005
4.340000e+002 1.749865e-007 0.000000e+000 3.054516e-010 0.000000e+000 -2.604192e+004
4.360000e+002 3.457405e-007 0.000000e+000 6.421184e-010 0.000000e+000 -1.132392e+004
4.380000e+002 5.256587e-007 0.000000e+000 1.002653e-009 0.000000e+000 -6.916612e+003
4.400000e+002 7.209630e-007 0.000000e+000 1.395805e-009 0.000000e+000 -4.795744e+003
4.420000e+002 9.356998e-007 0.000000e+000 1.828882e-009 0.000000e+000 -3.548422e+003
4.440000e+002 1.174215e-006 0.000000e+000 2.310357e-009 0.000000e+000 -2.727046e+003
4.460000e+002 1.441827e-006 0.000000e+000 2.850846e-009 0.000000e+000 -2.145196e+003
4.480000e+002 1.745356e-006 0.000000e+000 3.464067e-009 0.000000e+000 -1.711390e+003
4.500000e+002 2.093803e-006 0.000000e+000 4.168174e-009 0.000000e+000 -1.375468e+003
4.520000e+002 2.499344e-006 0.000000e+000 4.987760e-009 0.000000e+000 -1.107631e+003
4.540000e+002 2.978902e-006 0.000000e+000 5.957018e-009 0.000000e+000 -8.890612e+002
4.560000e+002 3.556727e-006 0.000000e+000 7.124966e-009 0.000000e+000 -7.072892e+002
4.580000e+002 4.268866e-006 0.000000e+000 8.564463e-009 0.000000e+000 -5.537264e+002
4.600000e+002 5.171328e-006 0.000000e+000 1.038874e-008 0.000000e+000 -4.222635e+002
4.620000e+002 6.356154e-006 0.000000e+000 1.278385e-008 0.000000e+000 -3.084364e+002
4.640000e+002 7.985942e-006 0.000000e+000 1.607850e-008 0.000000e+000 -2.089071e+002
4.660000e+002 1.037751e-005 0.000000e+000 2.091316e-008 0.000000e+000 -1.211299e+002
4.680000e+002 1.424160e-005 0.000000e+000 2.872466e-008 0.000000e+000 -4.312933e+001
4.700000e+002 2.157126e-005 0.000000e+000 4.354212e-008 0.000000e+000 2.665103e+001
4.720000e+002 4.091031e-005 0.000000e+000 8.263758e-008 0.000000e+000 8.945399e+001
4.740000e+002 2.382944e-004 0.000000e+000 4.816663e-007 0.000000e+000 1.462840e+002
4.760000e+002 -6.843933e-005 0.000000e+000 -1.384222e-007 0.000000e+000 1.979617e+002
4.780000e+002 -3.108602e-005 0.000000e+000 -6.290932e-008 0.000000e+000 2.451640e+002
4.800000e+002 -2.056214e-005 0.000000e+000 -4.163446e-008 0.000000e+000 2.884546e+002
4.820000e+002 -1.559165e-005 0.000000e+000 -3.158623e-008 0.000000e+000 3.283062e+002
4.840000e+002 -1.269152e-005 0.000000e+000 -2.572342e-008 0.000000e+000 3.651184e+002
4.860000e+002 -1.078788e-005 0.000000e+000 -2.187510e-008 0.000000e+000 3.992313e+002
4.880000e+002 -9.440115e-006 0.000000e+000 -1.915051e-008 0.000000e+000 4.309363e+002
4.900000e+002 -8.434057e-006 0.000000e+000 -1.711672e-008 0.000000e+000 4.604844e+002
4.920000e+002 -7.653074e-006 0.000000e+000 -1.553794e-008 0.000000e+000 4.880932e+002
4.940000e+002 -7.028240e-006 0.000000e+000 -1.427482e-008 0.000000e+000 5.139509e+002
4.960000e+002 -6.516161e-006 0.000000e+000 -1.323965e-008 0.000000e+000 5.382239e+002
4.980000e+002 -6.088197e-006 0.000000e+000 -1.237452e-008 0.000000e+000 5.610569e+002
5.000000e+002 -5.724661e-006 0.000000e+000 -1.163963e-008 0.000000e+000 5.825782e+002
5.020000e+002 -5.411577e-006 0.000000e+000 -1.100674e-008 0.000000e+000 6.029012e+002
5.040000e+002 -5.138751e-006 0.000000e+000 -1.045523e-008 0.000000e+000 6.221267e+002
5.060000e+002 -4.898573e-006 0.000000e+000 -9.969721e-009 0.000000e+000 6.403444e+002
5.080000e+002 -4.685242e-006 0.000000e+000 -9.538485e-009 0.000000e+000 6.576348e+002
5.100000e+002 -4.494264e-006 0.000000e+000 -9.152436e-009 0.000000e+000 6.740699e+002
5.120000e+002 -4.322100e-006 0.000000e+000 -8.804421e-009 0.000000e+000 6.897146e+002
5.140000e+002 -4.165925e-006 0.000000e+000 -8.488729e-009 0.000000e+000 7.046274e+002
5.160000e+002 -4.023461e-006 0.000000e+000 -8.200752e-009 0.000000e+000 7.188611e+002
5.180000e+002 -3.892841e-006 0.000000e+000 -7.936720e-009 0.000000e+000 7.324638e+002
5.200000e+002 -3.772531e-006 0.000000e+000 -7.693530e-009 0.000000e+000 7.454792e+002
5.220000e+002 -3.661252e-006 0.000000e+000 -7.468597e-009 0.000000e+000 7.579469e+002
5.240000e+002 -3.557932e-006 0.000000e+000 -7.259752e-009 0.000000e+000 7.699031e+002
5.260000e+002 -3.461663e-006 0.000000e+000 -7.065162e-009 0.000000e+000 7.813811e+002
5.280000e+002 -3.371674e-006 0.000000e+000 -6.883266e-009 0.000000e+000 7.924113e+002
5.300000e+002 -3.287303e-006 0.000000e+000 -6.712728e-009 0.000000e+000 8.030216e+002
5.320000e+002 -3.207981e-006 0.000000e+000 -6.552398e-009 0.000000e+000 8.132376e+002
5.340000e+002 -3.133215e-006 0.000000e+000 -6.401275e-009 0.000000e+000 8.230832e+002
5.360000e+002 -3.062575e-006 0.000000e+000 -6.258494e-009 0.000000e+000 8.325800e+002
5.380000e+002 -2.995684e-006 0.000000e+000 -6.123292e-009 0.000000e+000 8.417484e+002
5.400000e+002 -2.932213e-006 0.000000e+000 -5.995004e-009 0.000000e+000 8.506069e+002
5.420000e+002 -2.871869e-006 0.000000e+000 -5.873037e-009 0.000000e+000 8.591731e+002
5.440000e+002 -2.814395e-006 0.000000e+000 -5.756871e-009 0.000000e+000 8.674631e+002
5.460000e+002 -2.759561e-006 0.000000e+000 -5.646042e-009 0.000000e+000 8.754915e+002
5.480000e+002 -2.707162e-006 0.000000e+000 -5.540136e-009 0.000000e+000 8.832726e+002
5.500000e+002 -2.657014e-006 0.000000e+000 -5.438780e-009 0.000000e+000 8.908193e+002
5.520000e+002 -2.608953e-006 0.000000e+000 -5.341643e-009 0.000000e+000 8.981437e+002
5.540000e+002 -2.562830e-006 0.000000e+000 -5.248425e-009 0.000000e+000 9.052571e+002
5.560000e+002 -2.518511e-006 0.000000e+000 -5.158852e-009 0.000000e+000 9.121704e+002
5.580000e+002 -2.475874e-006 0.000000e+000 -5.072680e-009 0.000000e+000 9.188934e+002
5.600000e+002 -2.434810e-006 0.000000e+000 -4.989688e-009 0.000000e+000 9.254353e+002
5.620000e+002 -2.395219e-006 0.000000e+000 -4.909672e-009 0.000000e+000 9.318048e+002
5.640000e+002 -2.357007e-006 0.000000e+000 -4.832445e-009 0.000000e+000 9.380106e+002
5.660000e+002 -2.320092e-006 0.000000e+000 -4.757841e-009 0.000000e+000 9.440600e+002
5.680000e+002 -2.284398e-006 0.000000e+000 -4.685704e-009 0.000000e+000 9.499602e+002
5.700000e+002 -2.249852e-006 0.000000e+000 -4.615889e-009 0.000000e+000 9.557186e+002
5.720000e+002 -2.216392e-006 0.000000e+000 -4.548269e-009 0.000000e+000 9.613412e+002
5.740000e+002 -2.183957e-006 0.000000e+000 -4.482720e-009 0.000000e+000 9.668344e+002
5.760000e+002 -2.152492e-006 0.000000e+000 -4.419132e-009 0.000000e+000 9.722039e+002
5.780000e+002 -2.121946e-006 0.000000e+000 -4.357402e-009 0.000000e+000 9.774550e+002
5.800000e+002 -2.092272e-006 0.000000e+000 -4.297435e-009 0.000000e+000 9.825931e+002
5.820000e+002 -2.063426e-006 0.000000e+000 -4.239141e-009 0.000000e+000 9.876233e+002
5.840000e+002 -2.035367e-006 0.000000e+000 -4.182439e-009 0.000000e+000 9.925497e+002
5.860000e+002 -2.008057e-006 0.000000e+000 -4.127252e-009 0.000000e+000 9.973772e+002
5.880000e+002 -1.981462e-006 0.000000e+000 -4.073508e-009 0.000000e+000 1.002110e+003
5.900000e+002 -1.955547e-006 0.000000e+000 -4.021140e-009 0.000000e+000 1.006751e+003
5.920000e+002 -1.930282e-006 0.000000e+000 -3.970088e-009 0.000000e+000 1.011306e+003
5.940000e+002 -1.905639e-006 0.000000e+000 -3.920291e-009 0.000000e+000 1.015777e+003
5.960000e+002 -1.881591e-006 0.000000e+000 -3.871696e-009 0.000000e+000 1.020168e+003
5.980000e+002 -1.858111e-006 0.000000e+000 -3.824250e-009 0.000000e+000 1.024483e+003
6.000000e+002 -1.835176e-006 0.000000e+000 -3.777907e-009 0.000000e+000 1.028723e+003
6.020000e+002 -1.812764e-006 0.000000e+000 -3.732622e-009 0.000000e+000 1.032893e+003
6.040000e+002 -1.790854e-006 0.000000e+000 -3.688350e-009 0.000000e+000 1.036996e+003
6.060000e+002 -1.769426e-006 0.000000e+000 -3.645052e-009 0.000000e+000 1.041033e+003
6.080000e+002 -1.748460e-006 0.000000e+000 -3.602690e-009 0.000000e+000 1.045008e+003
6.100000e+002 -1.727940e-006 0.000000e+000 -3.561229e-009 0.000000e+000 1.048923e+003
6.120000e+002 -1.707849e-006 0.000000e+000 -3.520635e-009 0.000000e+000 1.052780e+003
6.140000e+002 -1.688171e-006 0.000000e+000 -3.480875e-009 0.000000e+000 1.056582e+003
6.160000e+002 -1.668890e-006 0.000000e+000 -3.441920e-009 0.000000e+000 1.060331e+003
6.180000e+002 -1.649994e-006 0.000000e+000 -3.403741e-009 0.000000e+000 1.064029e+003
6.200000e+002 -1.631467e-006 0.000000e+000 -3.366310e-009 0.000000e+000 1.067677e+003
6.220000e+002 -1.613299e-006 0.000000e+000 -3.329602e-009 0.000000e+000 1.071279e+003
6.240000e+002 -1.595475e-006 0.000000e+000 -3.293591e-009 0.000000e+000 1.074836e+003
6.260000e+002 -1.577985e-006 0.000000e+000 -3.258256e-009 0.000000e+000 1.078350e+003
6.280000e+002 -1.560817e-006 0.000000e+000 -3.223573e-009 0.000000e+000 1.081822e+003
6.300000e+002 -1.543962e-006 0.000000e+000 -3.189521e-009 0.000000e+000 1.085254e+003
6.320000e+002 -1.527410e-006 0.000000e+000 -3.156081e-009 0.000000e+000 1.088647e+003
6.340000e+002 -1.511151e-006 0.000000e+000 -3.123233e-009 0.000000e+000 1.092004e+003
6.360000e+002 -1.495174e-006 0.000000e+000 -3.090958e-009 0.000000e+000 1.095326e+003
6.380000e+002 -1.479473e-006 0.000000e+000 -3.059240e-009 0.000000e+000 1.098613e+003
6.400000e+002 -1.464039e-006 0.000000e+000 -3.028060e-009 0.000000e+000 1.101869e+003
6.420000e+002 -1.448864e-006 0.000000e+000 -2.997404e-009 0.000000e+000 1.105093e+003
6.440000e+002 -1.433939e-006 0.000000e+000 -2.967257e-009 0.000000e+000 1.108287e+003
6.460000e+002 -1.419259e-006 0.000000e+000 -2.937601e-009 0.000000e+000 1.111453e+003
6.480000e+002 -1.404816e-006 0.000000e+000 -2.908425e-009 0.000000e+000 1.114591e+003
6.500000e+002 -1.390602e-006 0.000000e+000 -2.879715e-009 0.000000e+000 1.117703e+003
6.520000e+002 -1.376613e-006 0.000000e+000 -2.851458e-009 0.000000e+000 1.120790e+003
6.540000e+002 -1.362842e-006 0.000000e+000 -2.823641e-009 0.000000e+000 1.123854e+003
6.560000e+002 -1.349282e-006 0.000000e+000 -2.796252e-009 0.000000e+000 1.126894e+003
6.580000e+002 -1.335929e-006 0.000000e+000 -2.769280e-009 0.000000e+000 1.129913e+003
6.600000e+002 -1.322776e-006 0.000000e+000 -2.742714e-009 0.000000e+000 1.132911e+003
6.620000e+002 -1.309819e-006 0.000000e+000 -2.716543e-009 0.000000e+000 1.135889e+003
6.640000e+002 -1.297052e-006 0.000000e+000 -2.690758e-009 0.000000e+000 1.138848e+003
6.660000e+002 -1.284471e-006 0.000000e+000 -2.665348e-009 0.000000e+000 1.141789e+003
6.680000e+002 -1.272070e-006 0.000000e+000 -2.640302e-009 0.000000e+000 1.144714e+003
6.700000e+002 -1.259847e-006 0.000000e+000 -2.615614e-009 0.000000e+000 1.147622e+003
6.720000e+002 -1.247795e-006 0.000000e+000 -2.591275e-009 0.000000e+000 1.150515e+003
6.740000e+002 -1.235910e-006 0.000000e+000 -2.567273e-009 0.000000e+000 1.153393e+003
6.760000e+002 -1.224190e-006 0.000000e+000 -2.543603e-009 0.000000e+000 1.156258e+003
6.780000e+002 -1.212629e-006 0.000000e+000 -2.520256e-009 0.000000e+000 1.159111e+003
6.800000e+002 -1.201224e-006 0.000000e+000 -2.497225e-009 0.000000e+000 1.161951e+003
6.820000e+002 -1.189972e-006 0.000000e+000 -2.474502e-009 0.000000e+000 1.164780e+003
6.840000e+002 -1.178869e-006 0.000000e+000 -2.452080e-009 0.000000e+000 1.167599e+003
6.860000e+002 -1.167911e-006 0.000000e+000 -2.429952e-009 0.000000e+000 1.170408e+003
6.880000e+002 -1.157095e-006 0.000000e+000 -2.408111e-009 0.000000e+000 1.173209e+003
6.900000e+002 -1.146418e-006 0.000000e+000 -2.386553e-009 0.000000e+000 1.176000e+003
6.920000e+002 -1.135877e-006 0.000000e+000 -2.365267e-009 0.000000e+000 1.178785e+003
6.940000e+002 -1.125469e-006 0.000000e+000 -2.344252e-009 0.000000e+000 1.181562e+003
6.960000e+002 -1.115190e-006 0.000000e+000 -2.323498e-009 0.000000e+000 1.184333e+003
6.980000e+002 -1.105039e-006 0.000000e+000 -2.303003e-009 0.000000e+000 1.187099e+003
7.000000e+002 -1.095012e-006 0.000000e+000 -2.282757e-009 0.000000e+000 1.189860e+003
7.020000e+002 -1.085107e-006 0.000000e+000 -2.262760e-009 0.000000e+000 1.192616e+003
7.040000e+002 -1.075321e-006 0.000000e+000 -2.243002e-009 0.000000e+000 1.195369e+003
7.060000e+002 -1.065651e-006 0.000000e+000 -2.223480e-009 0.000000e+000 1.198119e+003
7.080000e+002 -1.056096e-006 0.000000e+000 -2.204190e-009 0.000000e+000 1.200867e+003
7.100000e+002 -1.046653e-006 0.000000e+000 -2.185126e-009 0.000000e+000 1.203612e+003
7.120000e+002 -1.037320e-006 0.000000e+000 -2.166284e-009 0.000000e+000 1.206357e+003
7.140000e+002 -1.028093e-006 0.000000e+000 -2.147659e-009 0.000000e+000 1.209101e+003
7.160000e+002 -1.018972e-006 0.000000e+000 -2.129247e-009 0.000000e+000 1.211845e+003
7.180000e+002 -1.009954e-006 0.000000e+000 -2.111043e-009 0.000000e+000 1.214590e+003
7.200000e+002 -1.001038e-006 0.000000e+000 -2.093044e-009 0.000000e+000 1.217335e+003
7.220000e+002 -9.922194e-007 0.000000e+000 -2.075244e-009 0.000000e+000 1.220083e+003
7.240000e+002 -9.834985e-007 0.000000e+000 -2.057642e-009 0.000000e+000 1.222834e+003
7.260000e+002 -9.748734e-007 0.000000e+000 -2.040233e-009 0.000000e+000 1.225586e+003
7.280000e+002 -9.663407e-007 0.000000e+000 -2.023011e-009 0.000000e+000 1.228343e+003
7.300000e+002 -9.579002e-007 0.000000e+000 -2.005976e-009 0.000000e+000 1.231103e+003
7.320000e+002 -9.495500e-007 0.000000e+000 -1.989123e-009 0.000000e+000 1.233867e+003
7.340000e+002 -9.412871e-007 0.000000e+000 -1.972447e-009 0.000000e+000 1.236638e+003
7.360000e+002 -9.331114e-007 0.000000e+000 -1.955948e-009 0.000000e+000 1.239413e+003
7.380000e+002 -9.250198e-007 0.000000e+000 -1.939618e-009 0.000000e+000 1.242195e+003
7.400000e+002 -9.170122e-007 0.000000e+000 -1.923459e-009 0.000000e+000 1.244984e+003
7.420000e+002 -9.090862e-007 0.000000e+000 -1.907465e-009 0.000000e+000 1.247780e+003
7.440000e+002 -9.012401e-007 0.000000e+000 -1.891632e-009 0.000000e+000 1.250584e+003
7.460000e+002 -8.934735e-007 0.000000e+000 -1.875961e-009 0.000000e+000 1.253396e+003
7.480000e+002 -8.857836e-007 0.000000e+000 -1.860445e-009 0.000000e+000 1.256217e+003
7.500000e+002 -8.781698e-007 0.000000e+000 -1.845082e-009 0.000000e+000 1.259048e+003
7.520000e+002 -8.706306e-007 0.000000e+000 -1.829871e-009 0.000000e+000 1.261889e+003
7.540000e+002 -8.631650e-007 0.000000e+000 -1.814809e-009 0.000000e+000 1.264740e+003
7.560000e+002 -8.557711e-007 0.000000e+000 -1.799892e-009 0.000000e+000 1.267603e+003
7.580000e+002 -8.484476e-007 0.000000e+000 -1.785117e-009 0.000000e+000 1.270478e+003
7.600000e+002 -8.411939e-007 0.000000e+000 -1.770484e-009 0.000000e+000 1.273364e+003
7.620000e+002 -8.340082e-007 0.000000e+000 -1.755989e-009 0.000000e+000 1.276264e+003
7.640000e+002 -8.268898e-007 0.000000e+000 -1.741629e-009 0.000000e+000 1.279176e+003
7.660000e+002 -8.198369e-007 0.000000e+000 -1.727403e-009 0.000000e+000 1.282104e+003
7.680000e+002 -8.128490e-007 0.000000e+000 -1.713308e-009 0.000000e+000 1.285045e+003
7.700000e+002 -8.059247e-007 0.000000e+000 -1.699342e-009 0.000000e+000 1.288001e+003
7.720000e+002 -7.990628e-007 0.000000e+000 -1.685502e-009 0.000000e+000 1.290973e+003
7.740000e+002 -7.922623e-007 0.000000e+000 -1.671786e-009 0.000000e+000 1.293962e+003
7.760000e+002 -7.855218e-007 0.000000e+000 -1.658192e-009 0.000000e+000 1.296968e+003
7.780000e+002 -7.788412e-007 0.000000e+000 -1.644720e-009 0.000000e+000 1.299991e+003
7.800000e+002 -7.722182e-007 0.000000e+000 -1.631364e-009 0.000000e+000 1.303032e+003
7.820000e+002 -7.656529e-007 0.000000e+000 -1.618125e-009 0.000000e+000 1.306092e+003
7.840000e+002 -7.591444e-007 0.000000e+000 -1.605001e-009 0.000000e+000 1.309171e+003
7.860000e+002 -7.526906e-007 0.000000e+000 -1.591988e-009 0.000000e+000 1.312270e+003
7.880000e+002 -7.462914e-007 0.000000e+000 -1.579086e-009 0.000000e+000 1.315390e+003
7.900000e+002 -7.399460e-007 0.000000e+000 -1.566293e-009 0.000000e+000 1.318531e+003
7.920000e+002 -7.336528e-007 0.000000e+000 -1.553605e-009 0.000000e+000 1.321694e+003
7.940000e+002 -7.274118e-007 0.000000e+000 -1.541023e-009 0.000000e+000 1.324879e+003
7.960000e+002 -7.212216e-007 0.000000e+000 -1.528545e-009 0.000000e+000 1.328088e+003
7.980000e+002 -7.150813e-007 0.000000e+000 -1.516167e-009 0.000000e+000 1.331320e+003
8.000000e+002 -7.089901e-007 0.000000e+000 -1.503889e-009 0.000000e+000 1.334578e+003
8.020000e+002 -7.029474e-007 0.000000e+000 -1.491709e-009 0.000000e+000 1.337860e+003
8.040000e+002 -6.969526e-007 0.000000e+000 -1.479627e-009 0.000000e+000 1.341168e+003
8.060000e+002 -6.910040e-007 0.000000e+000 -1.467638e-009 0.000000e+000 1.344503e+003
8.080000e+002 -6.851015e-007 0.000000e+000 -1.455743e-009 0.000000e+000 1.347866e+003
8.100000e+002 -6.792440e-007 0.000000e+000 -1.443939e-009 0.000000e+000 1.351257e+003
8.120000e+002 -6.734314e-007 0.000000e+000 -1.432226e-009 0.000000e+000 1.354677e+003
8.140000e+002 -6.676621e-007 0.000000e+000 -1.420601e-009 0.000000e+000 1.358127e+003
8.160000e+002 -6.619359e-007 0.000000e+000 -1.409063e-009 0.000000e+000 1.361607e+003
8.180000e+002 -6.562517e-007 0.000000e+000 -1.397611e-009 0.000000e+000 1.365119e+003
8.200000e+002 -6.506089e-007 0.000000e+000 -1.386243e-009 0.000000e+000 1.368664e+003
8.220000e+002 -6.450059e-007 0.000000e+000 -1.374955e-009 0.000000e+000 1.372243e+003
8.240000e+002 -6.394389e-007 0.000000e+000 -1.363741e-009 0.000000e+000 1.375864e+003
8.260000e+002 -6.339481e-007 0.000000e+000 -1.352681e-009 0.000000e+000 1.379451e+003
8.280000e+002 -6.284492e-007 0.000000e+000 -1.341605e-009 0.000000e+000 1.383162e+003
8.300000e+002 -6.230018e-007 0.000000e+000 -1.330634e-009 0.000000e+000 1.386884e+003
8.320000e+002 -6.175938e-007 0.000000e+000 -1.319742e-009 0.000000e+000 1.390640e+003
8.340000e+002 -6.122230e-007 0.000000e+000 -1.308927e-009 0.000000e+000 1.394434e+003
8.360000e+002 -6.068884e-007 0.000000e+000 -1.298184e-009 0.000000e+000 1.398268e+003
8.380000e+002 -6.015897e-007 0.000000e+000 -1.287515e-009 0.000000e+000 1.402141e+003
8.400000e+002 -5.963260e-007 0.000000e+000 -1.276917e-009 0.000000e+000 1.406056e+003
8.420000e+002 -5.910966e-007 0.000000e+000 -1.266389e-009 0.000000e+000 1.410013e+003
8.440000e+002 -5.859009e-007 0.000000e+000 -1.255930e-009 0.000000e+000 1.414014e+003
8.460000e+002 -5.807384e-007 0.000000e+000 -1.245538e-009 0.000000e+000 1.418060e+003
8.480000e+002 -5.756085e-007 0.000000e+000 -1.235212e-009 0.000000e+000 1.422152e+003
8.500000e+002 -5.705106e-007 0.000000e+000 -1.224952e-009 0.000000e+000 1.426290e+003
8.520000e+002 -5.654446e-007 0.000000e+000 -1.214756e-009 0.000000e+000 1.430476e+003
8.540000e+002 -5.604090e-007 0.000000e+000 -1.204623e-009 0.000000e+000 1.434712e+003
8.560000e+002 -5.554041e-007 0.000000e+000 -1.194552e-009 0.000000e+000 1.438998e+003
8.580000e+002 -5.504284e-007 0.000000e+000 -1.184540e-009 0.000000e+000 1.443338e+003
8.600000e+002 -5.454823e-007 0.000000e+000 -1.174589e-009 0.000000e+000 1.447729e+003
8.620000e+002 -5.405647e-007 0.000000e+000 -1.164696e-009 0.000000e+000 1.452175e+003
8.640000e+002 -5.356756e-007 0.000000e+000 -1.154862e-009 0.000000e+000 1.456677e+003
8.660000e+002 -5.308139e-007 0.000000e+000 -1.145083e-009 0.000000e+000 1.461236e+003
8.680000e+002 -5.259790e-007 0.000000e+000 -1.135359e-009 0.000000e+000 1.465855e+003
8.700000e+002 -5.211709e-007 0.000000e+000 -1.125690e-009 0.000000e+000 1.470534e+003
8.720000e+002 -5.163884e-007 0.000000e+000 -1.116073e-009 0.000000e+000 1.475276e+003
8.740000e+002 -5.116320e-007 0.000000e+000 -1.106509e-009 0.000000e+000 1.480080e+003
8.760000e+002 -5.069002e-007 0.000000e+000 -1.096996e-009 0.000000e+000 1.484950e+003
8.780000e+002 -5.021929e-007 0.000000e+000 -1.087533e-009 0.000000e+000 1.489887e+003
8.800000e+002 -4.975100e-007 0.000000e+000 -1.078120e-009 0.000000e+000 1.494891e+003
8.820000e+002 -4.928499e-007 0.000000e+000 -1.068754e-009 0.000000e+000 1.499968e+003
8.840000e+002 -4.882131e-007 0.000000e+000 -1.059436e-009 0.000000e+000 1.505116e+003
8.860000e+002 -4.835990e-007 0.000000e+000 -1.050164e-009 0.000000e+000 1.510338e+003
8.880000e+002 -4.790066e-007 0.000000e+000 -1.040937e-009 0.000000e+000 1.515637e+003
8.900000e+002 -4.744357e-007 0.000000e+000 -1.031754e-009 0.000000e+000 1.521014e+003
8.920000e+002 -4.698859e-007 0.000000e+000 -1.022615e-009 0.000000e+000 1.526472e+003
8.940000e+002 -4.653566e-007 0.000000e+000 -1.013517e-009 0.000000e+000 1.532012e+003
8.960000e+002 -4.608471e-007 0.000000e+000 -1.004461e-009 0.000000e+000 1.537638e+003
8.980000e+002 -4.563576e-007 0.000000e+000 -9.954457e-010 0.000000e+000 1.543350e+003
9.000000e+002 -4.518867e-007 0.000000e+000 -9.864692e-010 0.000000e+000 1.549152e+003
9.020000e+002 -4.474347e-007 0.000000e+000 -9.775314e-010 0.000000e+000 1.555046e+003
9.040000e+002 -4.430007e-007 0.000000e+000 -9.686313e-010 0.000000e+000 1.561035e+003
9.060000e+002 -4.385844e-007 0.000000e+000 -9.597677e-010 0.000000e+000 1.567121e+003
9.080000e+002 -4.341852e-007 0.000000e+000 -9.509394e-010 0.000000e+000 1.573308e+003
9.100000e+002 -4.298023e-007 0.000000e+000 -9.421455e-010 0.000000e+000 1.579598e+003
9.120000e+002 -4.254363e-007 0.000000e+000 -9.333864e-010 0.000000e+000 1.585993e+003
9.140000e+002 -4.210857e-007 0.000000e+000 -9.246596e-010 0.000000e+000 1.592498e+003
9.160000e+002 -4.167503e-007 0.000000e+000 -9.159647e-010 0.000000e+000 1.599114e+003
9.180000e+002 -4.124297e-007 0.000000e+000 -9.073007e-010 0.000000e+000 1.605847e+003
9.200000e+002 -4.081234e-007 0.000000e+000 -8.986668e-010 0.000000e+000 1.612698e+003
9.220000e+002 -4.038309e-007 0.000000e+000 -8.900620e-010 0.000000e+000 1.619672e+003
9.240000e+002 -3.995517e-007 0.000000e+000 -8.814852e-010 0.000000e+000 1.626772e+003
9.260000e+002 -3.952854e-007 0.000000e+000 -8.729357e-010 0.000000e+000 1.634003e+003
9.280000e+002 -3.910314e-007 0.000000e+000 -8.644124e-010 0.000000e+000 1.641367e+003
9.300000e+002 -3.867892e-007 0.000000e+000 -8.559143e-010 0.000000e+000 1.648870e+003
9.320000e+002 -3.825585e-007 0.000000e+000 -8.474408e-010 0.000000e+000 1.656516e+003
9.340000e+002 -3.783387e-007 0.000000e+000 -8.389906e-010 0.000000e+000 1.664308e+003
9.360000e+002 -3.741292e-007 0.000000e+000 -8.305629e-010 0.000000e+000 1.672253e+003
9.380000e+002 -3.699296e-007 0.000000e+000 -8.221565e-010 0.000000e+000 1.680354e+003
9.400000e+002 -3.657394e-007 0.000000e+000 -8.137708e-010 0.000000e+000 1.688617e+003
9.420000e+002 -3.615580e-007 0.000000e+000 -8.054046e-010 0.000000e+000 1.697047e+003
9.440000e+002 -3.573851e-007 0.000000e+000 -7.970569e-010 0.000000e+000 1.705649e+003
9.460000e+002 -3.532199e-007 0.000000e+000 -7.887269e-010 0.000000e+000 1.714430e+003
9.480000e+002 -3.490621e-007 0.000000e+000 -7.804134e-010 0.000000e+000 1.723395e+003
9.500000e+002 -3.449111e-007 0.000000e+000 -7.721155e-010 0.000000e+000 1.732551e+003
9.520000e+002 -3.407664e-007 0.000000e+000 -7.638322e-010 0.000000e+000 1.741904e+003
9.540000e+002 -3.366274e-007 0.000000e+000 -7.555624e-010 0.000000e+000 1.751462e+003
9.560000e+002 -3.324936e-007 0.000000e+000 -7.473051e-010 0.000000e+000 1.761231e+003
9.580000e+002 -3.283644e-007 0.000000e+000 -7.390594e-010 0.000000e+000 1.771218e+003
9.600000e+002 -3.242393e-007 0.000000e+000 -7.308242e-010 0.000000e+000 1.781432e+003
9.620000e+002 -3.201177e-007 0.000000e+000 -7.225982e-010 0.000000e+000 1.791882e+003
9.640000e+002 -3.159990e-007 0.000000e+000 -7.143805e-010 0.000000e+000 1.802575e+003
9.660000e+002 -3.118826e-007 0.000000e+000 -7.061700e-010 0.000000e+000 1.813521e+003
9.680000e+002 -3.077679e-007 0.000000e+000 -6.979656e-010 0.000000e+000 1.824729e+003
9.700000e+002 -3.036544e-007 0.000000e+000 -6.897661e-010 0.000000e+000 1.836210e+003
9.720000e+002 -2.995414e-007 0.000000e+000 -6.815706e-010 0.000000e+000 1.847973e+003
9.740000e+002 -2.954283e-007 0.000000e+000 -6.733776e-010 0.000000e+000 1.860030e+003
9.760000e+002 -2.913144e-007 0.000000e+000 -6.651860e-010 0.000000e+000 1.872393e+003
9.780000e+002 -2.871990e-007 0.000000e+000 -6.569947e-010 0.000000e+000 1.885074e+003
9.800000e+002 -2.830815e-007 0.000000e+000 -6.488025e-010 0.000000e+000 1.898086e+003
9.820000e+002 -2.789613e-007 0.000000e+000 -6.406081e-010 0.000000e+000 1.911442e+003
9.840000e+002 -2.748375e-007 0.000000e+000 -6.324102e-010 0.000000e+000 1.925157e+003
9.860000e+002 -2.707095e-007 0.000000e+000 -6.242075e-010 0.000000e+000 1.939246e+003
9.880000e+002 -2.665765e-007 0.000000e+000 -6.159987e-010 0.000000e+000 1.953725e+003
9.900000e+002 -2.624377e-007 0.000000e+000 -6.077824e-010 0.000000e+000 1.968612e+003
9.920000e+002 -2.582925e-007 0.000000e+000 -5.995574e-010 0.000000e+000 1.983923e+003
9.940000e+002 -2.541399e-007 0.000000e+000 -5.913220e-010 0.000000e+000 1.999679e+003
9.960000e+002 -2.499791e-007 0.000000e+000 -5.830750e-010 0.000000e+000 2.015899e+003
9.980000e+002 -2.458093e-007 0.000000e+000 -5.748147e-010 0.000000e+000 2.032605e+003
1.000000e+003 -2.416296e-007 0.000000e+000 -5.665396e-010 0.000000e+000 2.049820e+003
1.002000e+003 -2.374390e-007 0.000000e+000 -5.582484e-010 0.000000e+000 2.067568e+003
1.004000e+003 -2.332366e-007 0.000000e+000 -5.499390e-010 0.000000e+000 2.085875e+003
1.006000e+003 -2.290215e-007 0.000000e+000 -5.416101e-010 0.000000e+000 2.104767e+003
1.008000e+003 -2.247926e-007 0.000000e+000 -5.332599e-010 0.000000e+000 2.124276e+003
1.010000e+003 -2.205487e-007 0.000000e+000 -5.248865e-010 0.000000e+000 2.144432e+003
1.012000e+003 -2.162889e-007 0.000000e+000 -5.164882e-010 0.000000e+000 2.165267e+003
1.014000e+003 -2.120120e-007 0.000000e+000 -5.080631e-010 0.000000e+000 2.186819e+003
1.016000e+003 -2.077167e-007 0.000000e+000 -4.996091e-010 0.000000e+000 2.209126e+003
1.018000e+003 -2.034019e-007 0.000000e+000 -4.911244e-010 0.000000e+000 2.232228e+003
1.020000e+003 -1.990660e-007 0.000000e+000 -4.826066e-010 0.000000e+000 2.256171e+003
1.022000e+003 -1.947079e-007 0.000000e+000 -4.740536e-010 0.000000e+000 2.281001e+003
1.024000e+003 -1.903259e-007 0.000000e+000 -4.654632e-010 0.000000e+000 2.306769e+003
1.026000e+003 -1.859186e-007 0.000000e+000 -4.568328e-010 0.000000e+000 2.333532e+003
1.028000e+003 -1.814843e-007 0.000000e+000 -4.481601e-010 0.000000e+000 2.361348e+003
1.030000e+003 -1.770213e-007 0.000000e+000 -4.394424e-010 0.000000e+000 2.390282e+003
1.032000e+003 -1.725278e-007 0.000000e+000 -4.306768e-010 0.000000e+000 2.420404e+003
1.034000e+003 -1.680018e-007 0.000000e+000 -4.218608e-010 0.000000e+000 2.451789e+003
1.036000e+003 -1.634411e-007 0.000000e+000 -4.129908e-010 0.000000e+000 2.484520e+003
1.038000e+003 -1.588438e-007 0.000000e+000 -4.040640e-010 0.000000e+000 2.518687e+003
1.040000e+003 -1.542071e-007 0.000000e+000 -3.950768e-010 0.000000e+000 2.554387e+003
1.042000e+003 -1.495287e-007 0.000000e+000 -3.860256e-010 0.000000e+000 2.591727e+003
1.044000e+003 -1.448057e-007 0.000000e+000 -3.769065e-010 0.000000e+000 2.630825e+003
1.046000e+003 -1.400351e-007 0.000000e+000 -3.677153e-010 0.000000e+000 2.671810e+003
1.048000e+003 -1.352136e-007 0.000000e+000 -3.584476e-010 0.000000e+000 2.714821e+003
1.050000e+003 -1.303376e-007 0.000000e+000 -3.490988e-010 0.000000e+000 2.760016e+003
1.052000e+003 -1.254031e-007 0.000000e+000 -3.396634e-010 0.000000e+000 2.807567e+003
1.054000e+003 -1.204057e-007 0.000000e+000 -3.301359e-010 0.000000e+000 2.857666e+003
1.056000e+003 -1.153406e-007 0.000000e+000 -3.205100e-010 0.000000e+000 2.910524e+003
1.058000e+003 -1.102021e-007 0.000000e+000 -3.107787e-010 0.000000e+000 2.966382e+003
1.060000e+003 -1.049836e-007 0.000000e+000 -3.009333e-010 0.000000e+000 3.025513e+003
1.062000e+003 -9.967359e-008 0.000000e+000 -2.909569e-010 0.000000e+000 3.088281e+003
1.064000e+003 -9.431228e-008 0.000000e+000 -2.809299e-010 0.000000e+000 3.154321e+003
1.066000e+003 -8.879731e-008 0.000000e+000 -2.706671e-010 0.000000e+000 3.225372e+003
1.068000e+003 -8.318398e-008 0.000000e+000 -2.602793e-010 0.000000e+000 3.300906e+003
1.070000e+003 -7.744785e-008 0.000000e+000 -2.497295e-010 0.000000e+000 3.381591e+003
1.072000e+003 -7.157403e-008 0.000000e+000 -2.390003e-010 0.000000e+000 3.467998e+003
1.074000e+003 -6.554596e-008 0.000000e+000 -2.280732e-010 0.000000e+000 3.560767e+003
1.076000e+003 -5.934404e-008 0.000000e+000 -2.169270e-010 0.000000e+000 3.660631e+003
1.078000e+003 -5.294468e-008 0.000000e+000 -2.055365e-010 0.000000e+000 3.768442e+003
1.080000e+003 -4.631888e-008 0.000000e+000 -1.938709e-010 0.000000e+000 3.885196e+003
1.082000e+003 -3.943098e-008 0.000000e+000 -1.818931e-010 0.000000e+000 4.012055e+003
1.084000e+003 -3.223579e-008 0.000000e+000 -1.695561e-010 0.000000e+000 4.150399e+003
1.086000e+003 -2.467572e-008 0.000000e+000 -1.568012e-010 0.000000e+000 4.301866e+003
1.088000e+003 -1.667526e-008 0.000000e+000 -1.435513e-010 0.000000e+000 4.468426e+003
1.090000e+003 -8.134099e-009 0.000000e+000 -1.297053e-010 0.000000e+000 4.652458e+003
1.092000e+003 1.085198e-009 0.000000e+000 -1.151252e-010 0.000000e+000 4.856874e+003
1.094000e+003 1.117600e-008 0.000000e+000 -9.961790e-011 0.000000e+000 5.085268e+003
1.096000e+003 2.241993e-008 0.000000e+000 -8.290337e-011 0.000000e+000 5.342133e+003
1.098000e+003 3.524461e-008 0.000000e+000 -6.455761e-011 0.000000e+000 5.633157e+003
1.100000e+003 5.033378e-008 0.000000e+000 -4.390420e-011 0.000000e+000 5.965661e+003
1.102000e+003 6.885355e-008 0.000000e+000 -1.979169e-011 0.000000e+000 6.349208e+003
1.104000e+003 9.297244e-008 0.000000e+000 9.918828e-012 0.000000e+000 6.796546e+003
1.106000e+003 1.272395e-007 0.000000e+000 4.971147e-011 0.000000e+000 7.325063e+003
1.108000e+003 1.830948e-007 0.000000e+000 1.108587e-010 0.000000e+000 7.959089e+003
1.110000e+003 2.999109e-007 0.000000e+000 2.321519e-010 0.000000e+000 8.733763e+003
1.112000e+003 7.641191e-007 0.000000e+000 6.957879e-010 0.000000e+000 9.701772e+003
1.114000e+003 -1.296651e-006 0.000000e+000 -1.328161e-009 0.000000e+000 1.094588e+004
1.116000e+003 -3.232341e-007 0.000000e+000 -3.626989e-010 0.000000e+000 1.260395e+004
1.118000e+003 -1.679470e-007 0.000000e+000 -2.032497e-010 0.000000e+000 1.492397e+004
1.120000e+003 -1.004933e-007 0.000000e+000 -1.304170e-010 0.000000e+000 1.840138e+004
1.122000e+003 -5.951035e-008 0.000000e+000 -8.416489e-011 0.000000e+000 2.419052e+004
1.124000e+003 -2.322669e-008 0.000000e+000 -4.714228e-011 0.000000e+000 3.574522e+004
1.126000e+003 -2.826452e-008 0.000000e+000 -2.802144e-011 0.000000e+000 7.022518e+004
1.128000e+003 -5.076244e-009 0.000000e+000 -4.867585e-012 0.000000e+000 8.748020e+006
1.130000e+003 1.507584e-008 0.000000e+000 2.240972e-011 0.000000e+000 -6.935466e+004
1.132000e+003 2.914038e-008 0.000000e+000 4.366941e-011 0.000000e+000 -3.403946e+004
1.134000e+003 4.199784e-008 0.000000e+000 6.401319e-011 0.000000e+000 -2.233008e+004
1.136000e+003 5.405511e-008 0.000000e+000 8.381082e-011 0.000000e+000 -1.648676e+004
1.138000e+003 6.557661e-008 0.000000e+000 1.033064e-010 0.000000e+000 -1.298423e+004
1.140000e+003 7.674236e-008 0.000000e+000 1.226733e-010 0.000000e+000 -1.065054e+004
1.142000e+003 8.768161e-008 0.000000e+000 1.420413e-010 0.000000e+000 -8.984186e+003
1.144000e+003 9.849146e-008 0.000000e+000 1.615126e-010 0.000000e+000 -7.734657e+003
1.146000e+003 1.092476e-007 0.000000e+000 1.811706e-010 0.000000e+000 -6.762887e+003
1.148000e+003 1.200112e-007 0.000000e+000 2.010862e-010 0.000000e+000 -5.985481e+003
1.150000e+003 1.308334e-007 0.000000e+000 2.213219e-010 0.000000e+000 -5.349388e+003
1.152000e+003 1.417580e-007 0.000000e+000 2.419346e-010 0.000000e+000 -4.819257e+003
1.154000e+003 1.528243e-007 0.000000e+000 2.629778e-010 0.000000e+000 -4.370615e+003
1.156000e+003 1.640677e-007 0.000000e+000 2.845027e-010 0.000000e+000 -3.985990e+003
1.158000e+003 1.755216e-007 0.000000e+000 3.065599e-010 0.000000e+000 -3.652569e+003
1.160000e+003 1.872179e-007 0.000000e+000 3.292001e-010 0.000000e+000 -3.360746e+003
1.162000e+003 1.991880e-007 0.000000e+000 3.524750e-010 0.000000e+000 -3.103173e+003
1.164000e+003 2.114630e-007 0.000000e+000 3.764378e-010 0.000000e+000 -2.874138e+003
1.166000e+003 2.240745e-007 0.000000e+000 4.011445e-010 0.000000e+000 -2.669130e+003
1.168000e+003 2.370552e-007 0.000000e+000 4.266536e-010 0.000000e+000 -2.484544e+003
1.170000e+003 2.504387e-007 0.000000e+000 4.530275e-010 0.000000e+000 -2.317459e+003
1.172000e+003 2.642607e-007 0.000000e+000 4.803331e-010 0.000000e+000 -2.165485e+003
1.174000e+003 2.785590e-007 0.000000e+000 5.086422e-010 0.000000e+000 -2.026650e+003
1.176000e+003 2.933737e-007 0.000000e+000 5.380322e-010 0.000000e+000 -1.899308e+003
1.178000e+003 3.087483e-007 0.000000e+000 5.685874e-010 0.000000e+000 -1.782078e+003
1.180000e+003 3.247298e-007 0.000000e+000 6.003998e-010 0.000000e+000 -1.673792e+003
1.182000e+003 3.413689e-007 0.000000e+000 6.335696e-010 0.000000e+000 -1.573454e+003
1.184000e+003 3.587217e-007 0.000000e+000 6.682075e-010 0.000000e+000 -1.480210e+003
1.186000e+003 3.768491e-007 0.000000e+000 7.044348e-010 0.000000e+000 -1.393325e+003
1.188000e+003 3.958188e-007 0.000000e+000 7.423864e-010 0.000000e+000 -1.312160e+003
1.190000e+003 4.157053e-007 0.000000e+000 7.822114e-010 0.000000e+000 -1.236161e+003
1.192000e+003 4.365917e-007 0.000000e+000 8.240760e-010 0.000000e+000 -1.164840e+003
1.194000e+003 4.585705e-007 0.000000e+000 8.681664e-010 0.000000e+000 -1.097771e+003
1.196000e+003 4.817460e-007 0.000000e+000 9.146917e-010 0.000000e+000 -1.034575e+003
1.198000e+003 5.062375e-007 0.000000e+000 9.638926e-010 0.000000e+000 -9.749127e+002
1.200000e+003 5.320832e-007 0.000000e+000 1.015846e-009 0.000000e+000 -9.186704e+002
1.202000e+003 5.596688e-007 0.000000e+000 1.071328e-009 0.000000e+000 -8.651170e+002
1.204000e+003 5.889571e-007 0.000000e+000 1.130266e-009 0.000000e+000 -8.144233e+002
1.206000e+003 6.201988e-007 0.000000e+000 1.193164e-009 0.000000e+000 -7.662648e+002
1.208000e+003 6.536199e-007 0.000000e+000 1.260480e-009 0.000000e+000 -7.204450e+002
1.210000e+003 6.894781e-007 0.000000e+000 1.332733e-009 0.000000e+000 -6.767912e+002
1.212000e+003 7.280746e-007 0.000000e+000 1.410532e-009 0.000000e+000 -6.351454e+002
1.214000e+003 7.697593e-007 0.000000e+000 1.494584e-009 0.000000e+000 -5.953667e+002
1.216000e+003 8.149468e-007 0.000000e+000 1.585727e-009 0.000000e+000 -5.573246e+002
1.218000e+003 8.641266e-007 0.000000e+000 1.684950e-009 0.000000e+000 -5.209017e+002
1.220000e+003 9.178845e-007 0.000000e+000 1.793438e-009 0.000000e+000 -4.859904e+002
1.222000e+003 9.769263e-007 0.000000e+000 1.912616e-009 0.000000e+000 -4.524919e+002
1.224000e+003 1.042110e-006 0.000000e+000 2.044221e-009 0.000000e+000 -4.203158e+002
1.226000e+003 1.114490e-006 0.000000e+000 2.190384e-009 0.000000e+000 -3.893790e+002
1.228000e+003 1.195377e-006 0.000000e+000 2.353754e-009 0.000000e+000 -3.596049e+002
1.230000e+003 1.286419e-006 0.000000e+000 2.537665e-009 0.000000e+000 -3.309225e+002
1.232000e+003 1.389720e-006 0.000000e+000 2.746371e-009 0.000000e+000 -3.032665e+002
1.234000e+003 1.508008e-006 0.000000e+000 2.985386e-009 0.000000e+000 -2.765767e+002
1.236000e+003 1.644884e-006 0.000000e+000 3.261994e-009 0.000000e+000 -2.507965e+002
1.238000e+003 1.805206e-006 0.000000e+000 3.586016e-009 0.000000e+000 -2.258739e+002
1.240000e+003 1.995681e-006 0.000000e+000 3.971019e-009 0.000000e+000 -2.017602e+002
1.242000e+003 2.225851e-006 0.000000e+000 4.436293e-009 0.000000e+000 -1.784103e+002
1.244000e+003 2.509755e-006 0.000000e+000 5.010230e-009 0.000000e+000 -1.557816e+002
1.246000e+003 2.868940e-006 0.000000e+000 5.736399e-009 0.000000e+000 -1.338347e+002
1.248000e+003 3.338250e-006 0.000000e+000 6.685264e-009 0.000000e+000 -1.125325e+002
1.250000e+003 3.977962e-006 0.000000e+000 7.978712e-009 0.000000e+000 -9.184012e+001
1.252000e+003 4.902167e-006 0.000000e+000 9.847453e-009 0.000000e+000 -7.172490e+001
1.254000e+003 6.356070e-006 0.000000e+000 1.278733e-008 0.000000e+000 -5.215603e+001
1.256000e+003 8.980298e-006 0.000000e+000 1.809380e-008 0.000000e+000 -3.310445e+001
1.258000e+003 1.514635e-005 0.000000e+000 3.056240e-008 0.000000e+000 -1.454271e+001
1.260000e+003 4.696865e-005 0.000000e+000 9.491211e-008 0.000000e+000 3.555134e+000
1.262000e+003 -4.370450e-005 0.000000e+000 -8.844383e-008 0.000000e+000 2.121372e+001
1.264000e+003 -1.503037e-005 0.000000e+000 -3.046022e-008 0.000000e+000 3.845641e+001
1.266000e+003 -9.115733e-006 0.000000e+000 -1.850001e-008 0.000000e+000 5.530546e+001
1.268000e+003 -6.560665e-006 0.000000e+000 -1.333338e-008 0.000000e+000 7.178211e+001
1.270000e+003 -5.135120e-006 0.000000e+000 -1.045084e-008 0.000000e+000 8.790657e+001
1.272000e+003 -4.225158e-006 0.000000e+000 -8.610877e-009 0.000000e+000 1.036983e+002
1.274000e+003 -3.593519e-006 0.000000e+000 -7.333730e-009 0.000000e+000 1.191758e+002
1.276000e+003 -3.129150e-006 0.000000e+000 -6.394832e-009 0.000000e+000 1.343571e+002
1.278000e+003 -2.773141e-006 0.000000e+000 -5.675052e-009 0.000000e+000 1.492595e+002
1.280000e+003 -2.491332e-006 0.000000e+000 -5.105317e-009 0.000000e+000 1.638996e+002
1.282000e+003 -2.262554e-006 0.000000e+000 -4.642817e-009 0.000000e+000 1.782935e+002
1.284000e+003 -2.072986e-006 0.000000e+000 -4.259606e-009 0.000000e+000 1.924571e+002
1.286000e+003 -1.913223e-006 0.000000e+000 -3.936665e-009 0.000000e+000 2.064057e+002
1.288000e+003 -1.776642e-006 0.000000e+000 -3.660602e-009 0.000000e+000 2.201543e+002
1.290000e+003 -1.658445e-006 0.000000e+000 -3.421713e-009 0.000000e+000 2.337176e+002
1.292000e+003 -1.555068e-006 0.000000e+000 -3.212793e-009 0.000000e+000 2.471102e+002
1.294000e+003 -1.463812e-006 0.000000e+000 -3.028383e-009 0.000000e+000 2.603464e+002
1.296000e+003 -1.382592e-006 0.000000e+000 -2.864266e-009 0.000000e+000 2.734406e+002
1.298000e+003 -1.309772e-006 0.000000e+000 -2.717138e-009 0.000000e+000 2.864070e+002
1.300000e+003 -1.244054e-006 0.000000e+000 -2.584368e-009 0.000000e+000 2.992598e+002
1.302000e+003 -1.184388e-006 0.000000e+000 -2.463838e-009 0.000000e+000 3.120135e+002
1.304000e+003 -1.129922e-006 0.000000e+000 -2.353824e-009 0.000000e+000 3.246825e+002
1.306000e+003 -1.079952e-006 0.000000e+000 -2.252904e-009 0.000000e+000 3.372818e+002
1.308000e+003 -1.033896e-006 0.000000e+000 -2.159896e-009 0.000000e+000 3.498266e+002
1.310000e+003 -9.912637e-007 0.000000e+000 -2.073814e-009 0.000000e+000 3.623321e+002
1.312000e+003 -9.516414e-007 0.000000e+000 -1.993820e-009 0.000000e+000 3.748150e+002
1.314000e+003 -9.146767e-007 0.000000e+000 -1.919200e-009 0.000000e+000 3.872922e+002
1.316000e+003 -8.800679e-007 0.000000e+000 -1.849346e-009 0.000000e+000 3.997813e+002
1.318000e+003 -8.475530e-007 0.000000e+000 -1.783728e-009 0.000000e+000 4.123017e+002
1.320000e+003 -8.169043e-007 0.000000e+000 -1.721885e-009 0.000000e+000 4.248740e+002
1.322000e+003 -7.879199e-007 0.000000e+000 -1.663410e-009 0.000000e+000 4.375219e+002
1.324000e+003 -7.604207e-007 0.000000e+000 -1.607940e-009 0.000000e+000 4.502714e+002
1.326000e+003 -7.342394e-007 0.000000e+000 -1.555138e-009 0.000000e+000 4.631561e+002
1.328000e+003 -7.092145e-007 0.000000e+000 -1.504677e-009 0.000000e+000 4.762201e+002
1.330000e+003 -6.851659e-007 0.000000e+000 -1.456195e-009 0.000000e+000 4.895350e+002
1.332000e+003 -6.618190e-007 0.000000e+000 -1.409137e-009 0.000000e+000 5.032561e+002
1.334000e+003 -6.382919e-007 0.000000e+000 -1.361726e-009 0.000000e+000 5.180125e+002
1.336000e+003 -6.171290e-007 0.000000e+000 -1.319090e-009 0.000000e+000 5.319854e+002
1.338000e+003 -6.134163e-007 0.000000e+000 -1.311613e-009 0.000000e+000 5.331766e+002
1.340000e+003 -5.845332e-007 0.000000e+000 -1.253443e-009 0.000000e+000 5.544942e+002
1.342000e+003 -5.620640e-007 0.000000e+000 -1.208207e-009 0.000000e+000 5.720274e+002
1.344000e+003 -5.454068e-007 0.000000e+000 -1.174683e-009 0.000000e+000 5.853853e+002
1.346000e+003 -5.277069e-007 0.000000e+000 -1.139070e-009 0.000000e+000 6.005075e+002
1.348000e+003 -5.096415e-007 0.000000e+000 -1.102733e-009 0.000000e+000 6.169268e+002
1.350000e+003 -4.922284e-007 0.000000e+000 -1.067722e-009 0.000000e+000 6.336732e+002
1.352000e+003 -4.752186e-007 0.000000e+000 -1.033534e-009 0.000000e+000 6.510073e+002
1.354000e+003 -4.585269e-007 0.000000e+000 -1.000000e-009 0.000000e+000 6.690492e+002
1.356000e+003 -4.420930e-007 0.000000e+000 -9.669995e-010 0.000000e+000 6.879107e+002
1.358000e+003 -4.258641e-007 0.000000e+000 -9.344264e-010 0.000000e+000 7.077135e+002
1.360000e+003 -4.097916e-007 0.000000e+000 -9.021846e-010 0.000000e+000 7.285949e+002
1.362000e+003 -3.938287e-007 0.000000e+000 -8.701821e-010 0.000000e+000 7.507134e+002
1.364000e+003 -3.779288e-007 0.000000e+000 -8.383271e-010 0.000000e+000 7.742554e+002
1.366000e+003 -3.620438e-007 0.000000e+000 -8.065257e-010 0.000000e+000 7.994435e+002
1.368000e+003 -3.461233e-007 0.000000e+000 -7.746796e-010 0.000000e+000 8.265472e+002
1.370000e+003 -3.301108e-007 0.000000e+000 -7.426800e-010 0.000000e+000 8.559001e+002
1.372000e+003 -3.139388e-007 0.000000e+000 -7.103964e-010 0.000000e+000 8.879300e+002
1.374000e+003 -2.975126e-007 0.000000e+000 -6.776465e-010 0.000000e+000 9.232244e+002
1.376000e+003 -2.806521e-007 0.000000e+000 -6.440799e-010 0.000000e+000 9.627387e+002
1.378000e+003 -2.627031e-007 0.000000e+000 -6.084102e-010 0.000000e+000 1.009062e+003
1.380000e+003 -1.963609e-007 0.000000e+000 -4.773660e-010 0.000000e+000 1.238088e+003
1.382000e+003 -2.332415e-007 0.000000e+000 -5.500363e-010 0.000000e+000 1.094731e+003
1.384000e+003 -2.137910e-007 0.000000e+000 -5.116456e-010 0.000000e+000 1.161056e+003
1.386000e+003 -1.918714e-007 0.000000e+000 -4.685611e-010 0.000000e+000 1.246488e+003
1.388000e+003 -1.758370e-007 0.000000e+000 -4.371934e-010 0.000000e+000 1.316090e+003
1.390000e+003 -1.550979e-007 0.000000e+000 -3.968558e-010 0.000000e+000 1.419265e+003
1.392000e+003 -1.334389e-007 0.000000e+000 -3.550867e-010 0.000000e+000 1.544540e+003
1.394000e+003 -1.103682e-007 0.000000e+000 -3.111279e-010 0.000000e+000 1.701940e+003
1.396000e+003 -8.532976e-008 0.000000e+000 -2.642683e-010 0.000000e+000 1.906759e+003
1.398000e+003 -5.736145e-008 0.000000e+000 -2.134004e-010 0.000000e+000 2.185364e+003
1.400000e+003 -2.436186e-008 0.000000e+000 -1.562797e-010 0.000000e+000 2.587886e+003
1.402000e+003 1.993109e-008 0.000000e+000 -8.654336e-011 0.000000e+000 3.222933e+003
1.404000e+003 1.099088e-007 0.000000e+000 2.989712e-011 0.000000e+000 4.378170e+003
1.406000e+003 -7.065748e-007 0.000000e+000 -7.449452e-010 0.000000e+000 7.148186e+003
1.408000e+003 -2.259440e-008 0.000000e+000 -4.666404e-011 0.000000e+000 2.290712e+004
1.410000e+003 3.801075e-008 0.000000e+000 5.761985e-011 0.000000e+000 -1.622294e+004
1.412000e+003 9.077053e-008 0.000000e+000 1.475894e-010 0.000000e+000 -5.630133e+003
1.414000e+003 1.395934e-007 0.000000e+000 2.378657e-010 0.000000e+000 -3.264915e+003
1.416000e+003 1.898086e-007 0.000000e+000 3.342714e-010 0.000000e+000 -2.221268e+003
1.418000e+003 2.439150e-007 0.000000e+000 4.402196e-010 0.000000e+000 -1.632447e+003
1.420000e+003 3.038206e-007 0.000000e+000 5.588600e-010 0.000000e+000 -1.253685e+003
1.422000e+003 3.714941e-007 0.000000e+000 6.938165e-010 0.000000e+000 -9.891448e+002
1.424000e+003 4.493173e-007 0.000000e+000 8.497059e-010 0.000000e+000 -7.936014e+002
1.426000e+003 5.404248e-007 0.000000e+000 1.032747e-009 0.000000e+000 -6.429271e+002
1.428000e+003 6.491710e-007 0.000000e+000 1.251669e-009 0.000000e+000 -5.230745e+002
1.430000e+003 7.818833e-007 0.000000e+000 1.519216e-009 0.000000e+000 -4.253094e+002
1.432000e+003 9.481918e-007 0.000000e+000 1.854828e-009 0.000000e+000 -3.439154e+002
1.434000e+003 1.163564e-006 0.000000e+000 2.289761e-009 0.000000e+000 -2.749939e+002
1.436000e+003 1.454560e-006 0.000000e+000 2.877709e-009 0.000000e+000 -2.157948e+002
1.438000e+003 1.871001e-006 0.000000e+000 3.719417e-009 0.000000e+000 -1.643216e+002
1.440000e+003 2.518630e-006 0.000000e+000 5.028725e-009 0.000000e+000 -1.190898e+002
1.442000e+003 3.668261e-006 0.000000e+000 7.353313e-009 0.000000e+000 -7.897151e+001
1.444000e+003 6.284316e-006 0.000000e+000 1.264360e-008 0.000000e+000 -4.309369e+001
1.446000e+003 1.820090e-005 0.000000e+000 3.674309e-008 0.000000e+000 -1.076777e+001
1.448000e+003 -2.421172e-005 0.000000e+000 -4.903150e-008 0.000000e+000 1.856022e+001
1.450000e+003 -7.647124e-006 0.000000e+000 -1.553194e-008 0.000000e+000 4.535019e+001
1.452000e+003 -4.660811e-006 0.000000e+000 -9.492754e-009 0.000000e+000 7.001704e+001
1.454000e+003 -3.396970e-006 0.000000e+000 -6.937044e-009 0.000000e+000 9.313239e+001
1.456000e+003 -2.854075e-006 0.000000e+000 -5.839283e-009 0.000000e+000 1.090292e+002
1.458000e+003 -2.302568e-006 0.000000e+000 -4.724191e-009 0.000000e+000 1.326727e+002
1.460000e+003 -1.978375e-006 0.000000e+000 -4.068774e-009 0.000000e+000 1.523492e+002
1.462000e+003 -1.687167e-006 0.000000e+000 -3.480112e-009 0.000000e+000 1.761883e+002
1.464000e+003 -1.765136e-006 0.000000e+000 -3.637720e-009 0.000000e+000 1.684292e+002
1.466000e+003 -1.529191e-006 0.000000e+000 -3.160821e-009 0.000000e+000 1.919466e+002
1.468000e+003 -1.401846e-006 0.000000e+000 -2.903466e-009 0.000000e+000 2.075055e+002
1.470000e+003 -1.303514e-006 0.000000e+000 -2.704768e-009 0.000000e+000 2.213573e+002
1.472000e+003 -1.222651e-006 0.000000e+000 -2.541389e-009 0.000000e+000 2.342157e+002
1.474000e+003 -1.154180e-006 0.000000e+000 -2.403067e-009 0.000000e+000 2.463304e+002
1.476000e+003 -1.094910e-006 0.000000e+000 -2.283344e-009 0.000000e+000 2.578750e+002
1.478000e+003 -1.041661e-006 0.000000e+000 -2.175800e-009 0.000000e+000 2.692244e+002
1.480000e+003 -1.030361e-006 0.000000e+000 -2.152980e-009 0.000000e+000 2.711677e+002
1.482000e+003 -9.638553e-007 0.000000e+000 -2.018686e-009 0.000000e+000 2.874831e+002
1.484000e+003 -9.264647e-007 0.000000e+000 -1.943196e-009 0.000000e+000 2.972471e+002
1.486000e+003 -8.935138e-007 0.000000e+000 -1.876679e-009 0.000000e+000 3.063817e+002
1.488000e+003 -8.636835e-007 0.000000e+000 -1.816469e-009 0.000000e+000 3.151275e+002
1.490000e+003 -8.369977e-007 0.000000e+000 -1.762613e-009 0.000000e+000 3.233472e+002
1.492000e+003 -8.130590e-007 0.000000e+000 -1.714308e-009 0.000000e+000 3.310519e+002
1.494000e+003 -7.897948e-007 0.000000e+000 -1.667369e-009 0.000000e+000 3.389280e+002
1.496000e+003 -7.686878e-007 0.000000e+000 -1.624789e-009 0.000000e+000 3.463659e+002
1.498000e+003 -7.491399e-007 0.000000e+000 -1.585359e-009 0.000000e+000 3.535273e+002
1.500000e+003 -7.309467e-007 0.000000e+000 -1.548666e-009 0.000000e+000 3.604407e+002
1.502000e+003 -7.139539e-007 0.000000e+000 -1.514399e-009 0.000000e+000 3.671241e+002
1.504000e+003 -6.980327e-007 0.000000e+000 -1.482297e-009 0.000000e+000 3.735928e+002
1.506000e+003 -6.830739e-007 0.000000e+000 -1.452139e-009 0.000000e+000 3.798599e+002
1.508000e+003 -6.689829e-007 0.000000e+000 -1.423735e-009 0.000000e+000 3.859372e+002
1.510000e+003 -6.556782e-007 0.000000e+000 -1.396919e-009 0.000000e+000 3.918354e+002
1.512000e+003 -6.430881e-007 0.000000e+000 -1.371547e-009 0.000000e+000 3.975642e+002
1.514000e+003 -6.311498e-007 0.000000e+000 -1.347492e-009 0.000000e+000 4.031329e+002
1.516000e+003 -6.198073e-007 0.000000e+000 -1.324640e-009 0.000000e+000 4.085498e+002
1.518000e+003 -6.090115e-007 0.000000e+000 -1.302893e-009 0.000000e+000 4.138228e+002
1.520000e+003 -5.987193e-007 0.000000e+000 -1.282163e-009 0.000000e+000 4.189585e+002
1.522000e+003 -5.888906e-007 0.000000e+000 -1.262369e-009 0.000000e+000 4.239643e+002
1.524000e+003 -5.794905e-007 0.000000e+000 -1.243440e-009 0.000000e+000 4.288462e+002
1.526000e+003 -5.704877e-007 0.000000e+000 -1.225315e-009 0.000000e+000 4.336099e+002
1.528000e+003 -5.618542e-007 0.000000e+000 -1.207935e-009 0.000000e+000 4.382605e+002
1.530000e+003 -5.535629e-007 0.000000e+000 -1.191246e-009 0.000000e+000 4.428041e+002
1.532000e+003 -5.455919e-007 0.000000e+000 -1.175204e-009 0.000000e+000 4.472445e+002
1.534000e+003 -5.379191e-007 0.000000e+000 -1.159764e-009 0.000000e+000 4.515868e+002
1.536000e+003 -5.305258e-007 0.000000e+000 -1.144889e-009 0.000000e+000 4.558349e+002
1.538000e+003 -5.233933e-007 0.000000e+000 -1.130541e-009 0.000000e+000 4.599934e+002
1.540000e+003 -5.165064e-007 0.000000e+000 -1.116688e-009 0.000000e+000 4.640654e+002
1.542000e+003 -5.098490e-007 0.000000e+000 -1.103299e-009 0.000000e+000 4.680556e+002
1.544000e+003 -5.034075e-007 0.000000e+000 -1.090346e-009 0.000000e+000 4.719672e+002
1.546000e+003 -4.971694e-007 0.000000e+000 -1.077804e-009 0.000000e+000 4.758036e+002
1.548000e+003 -4.911214e-007 0.000000e+000 -1.065645e-009 0.000000e+000 4.795692e+002
1.550000e+003 -4.852516e-007 0.000000e+000 -1.053847e-009 0.000000e+000 4.832681e+002
1.552000e+003 -4.795474e-007 0.000000e+000 -1.042383e-009 0.000000e+000 4.869056e+002
1.554000e+003 -4.739947e-007 0.000000e+000 -1.031225e-009 0.000000e+000 4.904889e+002
1.556000e+003 -4.685724e-007 0.000000e+000 -1.020331e-009 0.000000e+000 4.940322e+002
1.558000e+003 -4.632437e-007 0.000000e+000 -1.009626e-009 0.000000e+000 4.975656e+002
1.560000e+003 -4.578388e-007 0.000000e+000 -9.987697e-010 0.000000e+000 5.012452e+002
1.562000e+003 -4.492517e-007 0.000000e+000 -9.815238e-010 0.000000e+000 5.080431e+002
1.564000e+003 -4.490376e-007 0.000000e+000 -9.810959e-010 0.000000e+000 5.069129e+002
1.566000e+003 -4.470034e-007 0.000000e+000 -9.770128e-010 0.000000e+000 5.075350e+002
1.568000e+003 -4.402174e-007 0.000000e+000 -9.633886e-010 0.000000e+000 5.128116e+002
1.570000e+003 -4.355233e-007 0.000000e+000 -9.539667e-010 0.000000e+000 5.161285e+002
1.572000e+003 -4.310725e-007 0.000000e+000 -9.450346e-010 0.000000e+000 5.192639e+002
1.574000e+003 -4.267667e-007 0.000000e+000 -9.363948e-010 0.000000e+000 5.223099e+002
1.576000e+003 -4.225780e-007 0.000000e+000 -9.279911e-010 0.000000e+000 5.252907e+002
1.578000e+003 -4.184926e-007 0.000000e+000 -9.197960e-010 0.000000e+000 5.282170e+002
1.580000e+003 -4.145031e-007 0.000000e+000 -9.117946e-010 0.000000e+000 5.310934e+002
1.582000e+003 -4.106037e-007 0.000000e+000 -9.039749e-010 0.000000e+000 5.339238e+002
1.584000e+003 -4.067894e-007 0.000000e+000 -8.963274e-010 0.000000e+000 5.367104e+002
1.586000e+003 -4.038125e-007 0.000000e+000 -8.903599e-010 0.000000e+000 5.386127e+002
1.588000e+003 -3.995174e-007 0.000000e+000 -8.817503e-010 0.000000e+000 5.420285e+002
1.590000e+003 -3.959898e-007 0.000000e+000 -8.746808e-010 0.000000e+000 5.446319e+002
1.592000e+003 -3.925611e-007 0.000000e+000 -8.678105e-010 0.000000e+000 5.471647e+002
1.594000e+003 -3.898646e-007 0.000000e+000 -8.624087e-010 0.000000e+000 5.488837e+002
1.596000e+003 -3.864748e-007 0.000000e+000 -8.556183e-010 0.000000e+000 5.514450e+002
1.598000e+003 -3.834053e-007 0.000000e+000 -8.494708e-010 0.000000e+000 5.536661e+002
1.600000e+003 -3.773679e-007 0.000000e+000 -8.373792e-010 0.000000e+000 5.595226e+002
1.602000e+003 -3.773384e-007 0.000000e+000 -8.373228e-010 0.000000e+000 5.581247e+002
1.604000e+003 -3.713407e-007 0.000000e+000 -8.253143e-010 0.000000e+000 5.640786e+002
1.606000e+003 -3.688250e-007 0.000000e+000 -8.202802e-010 0.000000e+000 5.657828e+002
1.608000e+003 -3.668408e-007 0.000000e+000 -8.163109e-010 0.000000e+000 5.668380e+002
1.610000e+003 -3.645408e-007 0.000000e+000 -8.117099e-010 0.000000e+000 5.683102e+002
1.612000e+003 -3.611324e-007 0.000000e+000 -8.048911e-010 0.000000e+000 5.712303e+002
1.614000e+003 -3.583192e-007 0.000000e+000 -7.992647e-010 0.000000e+000 5.734229e+002
1.616000e+003 -3.553878e-007 0.000000e+000 -7.934029e-010 0.000000e+000 5.758043e+002
1.618000e+003 -3.543134e-007 0.000000e+000 -7.912569e-010 0.000000e+000 5.757591e+002
1.620000e+003 -3.466166e-007 0.000000e+000 -7.758660e-010 0.000000e+000 5.846209e+002
1.622000e+003 -3.458488e-007 0.000000e+000 -7.743344e-010 0.000000e+000 5.841881e+002
1.624000e+003 -3.432778e-007 0.000000e+000 -7.691978e-010 0.000000e+000 5.862349e+002
1.626000e+003 -3.411391e-007 0.000000e+000 -7.649264e-010 0.000000e+000 5.877102e+002
1.628000e+003 -3.368629e-007 0.000000e+000 -7.563837e-010 0.000000e+000 5.922114e+002
1.630000e+003 -3.361650e-007 0.000000e+000 -7.549935e-010 0.000000e+000 5.917046e+002
1.632000e+003 -3.328173e-007 0.000000e+000 -7.483091e-010 0.000000e+000 5.949755e+002
1.634000e+003 -3.320283e-007 0.000000e+000 -7.467377e-010 0.000000e+000 5.946095e+002
1.636000e+003 -3.277754e-007 0.000000e+000 -7.382475e-010 0.000000e+000 5.992652e+002
1.638000e+003 -3.257598e-007 0.000000e+000 -7.342275e-010 0.000000e+000 6.007123e+002
1.640000e+003 -3.237603e-007 0.000000e+000 -7.302407e-010 0.000000e+000 6.021545e+002
1.642000e+003 -3.210826e-007 0.000000e+000 -7.249009e-010 0.000000e+000 6.046291e+002
1.644000e+003 -3.179876e-007 0.000000e+000 -7.187294e-010 0.000000e+000 6.077728e+002
1.646000e+003 -3.166848e-007 0.000000e+000 -7.161363e-010 0.000000e+000 6.082296e+002
1.648000e+003 -3.146306e-007 0.000000e+000 -7.120447e-010 0.000000e+000 6.098442e+002
1.650000e+003 -3.113553e-007 0.000000e+000 -7.055181e-010 0.000000e+000 6.133719e+002
1.652000e+003 -3.090836e-007 0.000000e+000 -7.009953e-010 0.000000e+000 6.153841e+002
1.654000e+003 -3.077889e-007 0.000000e+000 -6.984224e-010 0.000000e+000 6.158818e+002
1.656000e+003 -3.052236e-007 0.000000e+000 -6.933171e-010 0.000000e+000 6.184014e+002
1.658000e+003 -3.028606e-007 0.000000e+000 -6.886168e-010 0.000000e+000 6.206328e+002
1.660000e+003 -3.005736e-007 0.000000e+000 -6.840701e-010 0.000000e+000 6.227715e+002
1.662000e+003 -2.992518e-007 0.000000e+000 -6.814486e-010 0.000000e+000 6.233648e+002
1.664000e+003 -2.964518e-007 0.000000e+000 -6.758837e-010 0.000000e+000 6.263894e+002
1.666000e+003 -2.948968e-007 0.000000e+000 -6.728014e-010 0.000000e+000 6.273936e+002
1.668000e+003 -2.932451e-007 0.000000e+000 -6.695290e-010 0.000000e+000 6.285694e+002
1.670000e+003 -2.910617e-007 0.000000e+000 -6.652004e-010 0.000000e+000 6.306491e+002
1.672000e+003 -2.889378e-007 0.000000e+000 -6.609937e-010 0.000000e+000 6.326527e+002
1.674000e+003 -2.876746e-007 0.000000e+000 -6.585044e-010 0.000000e+000 6.332123e+002
1.676000e+003 -2.857735e-007 0.000000e+000 -6.547498e-010 0.000000e+000 6.348657e+002
1.678000e+003 -2.827993e-007 0.000000e+000 -6.488663e-010 0.000000e+000 6.383895e+002
1.680000e+003 -2.820556e-007 0.000000e+000 -6.474273e-010 0.000000e+000 6.380658e+002
1.682000e+003 -2.793359e-007 0.000000e+000 -6.420677e-010 0.000000e+000 6.411878e+002
1.684000e+003 -2.777441e-007 0.000000e+000 -6.389643e-010 0.000000e+000 6.423410e+002
1.686000e+003 -2.757379e-007 0.000000e+000 -6.350556e-010 0.000000e+000 6.442191e+002
1.688000e+003 -2.742510e-007 0.000000e+000 -6.322067e-010 0.000000e+000 6.451494e+002
1.690000e+003 -2.722793e-007 0.000000e+000 -6.284404e-010 0.000000e+000 6.468959e+002
1.692000e+003 -2.702761e-007 0.000000e+000 -6.246961e-010 0.000000e+000 6.485929e+002
1.694000e+003 -2.674774e-007 0.000000e+000 -6.195657e-010 0.000000e+000 6.514711e+002
1.696000e+003 -2.651915e-007 0.000000e+000 -6.161384e-010 0.000000e+000 6.523878e+002
1.698000e+003 -3.042505e-007 0.000000e+000 -6.441602e-010 0.000000e+000 6.538129e+002
1.700000e+003 -2.620910e-007 0.000000e+000 -6.091426e-010 0.000000e+000 6.559098e+002
1.702000e+003 -2.721670e-007 0.000000e+000 -6.163173e-010 0.000000e+000 6.573965e+002
1.704000e+003 -2.629264e-007 0.000000e+000 -6.065431e-010 0.000000e+000 6.586471e+002
1.706000e+003 -2.593405e-007 0.000000e+000 -6.012572e-010 0.000000e+000 6.610039e+002
1.708000e+003 -2.590592e-007 0.000000e+000 -6.001785e-010 0.000000e+000 6.605806e+002
1.710000e+003 -2.564526e-007 0.000000e+000 -5.952975e-010 0.000000e+000 6.635409e+002
1.712000e+003 -2.547736e-007 0.000000e+000 -5.921428e-010 0.000000e+000 6.649215e+002
1.714000e+003 -2.530683e-007 0.000000e+000 -5.888844e-010 0.000000e+000 6.664602e+002
1.716000e+003 -2.514364e-007 0.000000e+000 -5.857454e-010 0.000000e+000 6.679204e+002
1.718000e+003 -2.498013e-007 0.000000e+000 -5.825528e-010 0.000000e+000 6.694767e+002
1.720000e+003 -2.483105e-007 0.000000e+000 -5.796758e-010 0.000000e+000 6.707288e+002
1.722000e+003 -2.467480e-007 0.000000e+000 -5.766359e-010 0.000000e+000 6.721730e+002
1.724000e+003 -2.453647e-007 0.000000e+000 -5.739457e-010 0.000000e+000 6.732819e+002
1.726000e+003 -2.432631e-007 0.000000e+000 -5.698296e-010 0.000000e+000 6.758770e+002
1.728000e+003 -2.421743e-007 0.000000e+000 -5.677190e-010 0.000000e+000 6.764249e+002
1.730000e+003 -2.404623e-007 0.000000e+000 -5.643747e-010 0.000000e+000 6.782680e+002
1.732000e+003 -2.384653e-007 0.000000e+000 -5.604686e-010 0.000000e+000 6.807255e+002
1.734000e+003 -2.373772e-007 0.000000e+000 -5.583654e-010 0.000000e+000 6.813009e+002
1.736000e+003 -2.361782e-007 0.000000e+000 -5.560484e-010 0.000000e+000 6.821083e+002
1.738000e+003 -2.347190e-007 0.000000e+000 -5.532166e-010 0.000000e+000 6.834732e+002
1.740000e+003 -2.333772e-007 0.000000e+000 -5.506438e-010 0.000000e+000 6.845622e+002
1.742000e+003 -2.319547e-007 0.000000e+000 -5.479239e-010 0.000000e+000 6.858111e+002
1.744000e+003 -2.300444e-007 0.000000e+000 -5.442686e-010 0.000000e+000 6.880709e+002
1.746000e+003 -2.286725e-007 0.000000e+000 -5.417249e-010 0.000000e+000 6.891004e+002
1.748000e+003 -2.269594e-007 0.000000e+000 -5.385954e-010 0.000000e+000 6.907156e+002
1.750000e+003 -2.255607e-007 0.000000e+000 -5.362752e-010 0.000000e+000 6.912946e+002
1.752000e+003 -2.230587e-007 0.000000e+000 -5.323297e-010 0.000000e+000 6.932288e+002
1.754000e+003 -2.177653e-007 0.000000e+000 -5.262936e-010 0.000000e+000 6.946503e+002
1.756000e+003 -2.307401e-007 0.000000e+000 -5.360202e-010 0.000000e+000 6.954629e+002
1.758000e+003 -2.234715e-007 0.000000e+000 -5.280369e-010 0.000000e+000 6.974280e+002
1.760000e+003 -2.213291e-007 0.000000e+000 -5.251400e-010 0.000000e+000 6.977807e+002
1.762000e+003 -2.234579e-007 0.000000e+000 -5.266081e-010 0.000000e+000 6.998219e+002
1.764000e+003 -2.187310e-007 0.000000e+000 -5.200792e-010 0.000000e+000 7.009117e+002
1.766000e+003 -2.171634e-007 0.000000e+000 -5.173027e-010 0.000000e+000 7.020679e+002
1.768000e+003 -2.153850e-007 0.000000e+000 -5.140155e-010 0.000000e+000 7.038194e+002
1.770000e+003 -2.142775e-007 0.000000e+000 -5.118390e-010 0.000000e+000 7.050514e+002
1.772000e+003 -2.126587e-007 0.000000e+000 -5.087486e-010 0.000000e+000 7.070390e+002
1.774000e+003 -2.112847e-007 0.000000e+000 -5.061120e-010 0.000000e+000 7.084317e+002
1.776000e+003 -2.101654e-007 0.000000e+000 -5.039635e-010 0.000000e+000 7.092883e+002
1.778000e+003 -2.090791e-007 0.000000e+000 -5.018914e-010 0.000000e+000 7.099593e+002
1.780000e+003 -2.075644e-007 0.000000e+000 -4.989083e-010 0.000000e+000 7.121120e+002
1.782000e+003 -2.064726e-007 0.000000e+000 -4.967950e-010 0.000000e+000 7.129875e+002
1.784000e+003 -2.049219e-007 0.000000e+000 -4.937715e-010 0.000000e+000 7.150187e+002
1.786000e+003 -2.038469e-007 0.000000e+000 -4.916812e-010 0.000000e+000 7.159279e+002
1.788000e+003 -2.026688e-007 0.000000e+000 -4.893857e-010 0.000000e+000 7.171081e+002
1.790000e+003 -2.013221e-007 0.000000e+000 -4.867573e-010 0.000000e+000 7.187216e+002
1.792000e+003 -2.000928e-007 0.000000e+000 -4.843597e-010 0.000000e+000 7.200642e+002
1.794000e+003 -1.987182e-007 0.000000e+000 -4.816802e-010 0.000000e+000 7.217714e+002
1.796000e+003 -1.978942e-007 0.000000e+000 -4.799528e-010 0.000000e+000 7.225779e+002
1.798000e+003 -1.963930e-007 0.000000e+000 -4.771155e-010 0.000000e+000 7.243187e+002
1.800000e+003 -1.953590e-007 0.000000e+000 -4.751019e-010 0.000000e+000 7.252333e+002
1.802000e+003 -1.936854e-007 0.000000e+000 -4.718290e-010 0.000000e+000 7.277993e+002
1.804000e+003 -1.930204e-007 0.000000e+000 -4.705351e-010 0.000000e+000 7.278184e+002
1.806000e+003 -1.921122e-007 0.000000e+000 -4.687631e-010 0.000000e+000 7.284686e+002
1.808000e+003 -1.908898e-007 0.000000e+000 -4.663746e-010 0.000000e+000 7.299385e+002
1.810000e+003 -1.896215e-007 0.000000e+000 -4.638959e-010 0.000000e+000 7.315460e+002
1.812000e+003 -1.881979e-007 0.000000e+000 -4.611124e-010 0.000000e+000 7.335789e+002
1.814000e+003 -1.875728e-007 0.000000e+000 -4.598958e-010 0.000000e+000 7.335405e+002
1.816000e+003 -1.865047e-007 0.000000e+000 -4.578099e-010 0.000000e+000 7.346719e+002
1.818000e+003 -1.851956e-007 0.000000e+000 -4.552524e-010 0.000000e+000 7.364539e+002
1.820000e+003 -1.838075e-007 0.000000e+000 -4.525406e-010 0.000000e+000 7.384675e+002
1.822000e+003 -1.827257e-007 0.000000e+000 -4.504291e-010 0.000000e+000 7.396837e+002
1.824000e+003 -1.818693e-007 0.000000e+000 -4.487589e-010 0.000000e+000 7.403076e+002
1.826000e+003 -1.807724e-007 0.000000e+000 -4.466196e-010 0.000000e+000 7.415913e+002
1.828000e+003 -1.797802e-007 0.000000e+000 -4.446837e-010 0.000000e+000 7.426000e+002
1.830000e+003 -1.786064e-007 0.000000e+000 -4.423969e-010 0.000000e+000 7.440487e+002
1.832000e+003 -1.776055e-007 0.000000e+000 -4.404416e-010 0.000000e+000 7.451981e+002
1.834000e+003 -1.762811e-007 0.000000e+000 -4.378586e-010 0.000000e+000 7.471614e+002
1.836000e+003 -1.755136e-007 0.000000e+000 -4.363641e-010 0.000000e+000 7.476059e+002
1.838000e+003 -1.741143e-007 0.000000e+000 -4.336360e-010 0.000000e+000 7.498160e+002
1.840000e+003 -1.731950e-007 0.000000e+000 -4.318458e-010 0.000000e+000 7.507066e+002
1.842000e+003 -1.718591e-007 0.000000e+000 -4.292432e-010 0.000000e+000 7.527801e+002
1.844000e+003 -1.711611e-007 0.000000e+000 -4.278854e-010 0.000000e+000 7.530715e+002
1.846000e+003 -1.702360e-007 0.000000e+000 -4.260852e-010 0.000000e+000 7.540128e+002
1.848000e+003 -1.691652e-007 0.000000e+000 -4.240014e-010 0.000000e+000 7.553804e+002
1.850000e+003 -1.681514e-007 0.000000e+000 -4.220290e-010 0.000000e+000 7.565999e+002
1.852000e+003 -1.670118e-007 0.000000e+000 -4.198124e-010 0.000000e+000 7.581946e+002
1.854000e+003 -1.660476e-007 0.000000e+000 -4.179387e-010 0.000000e+000 7.592971e+002
1.856000e+003 -1.646287e-007 0.000000e+000 -4.151788e-010 0.000000e+000 7.617396e+002
1.858000e+003 -1.639045e-007 0.000000e+000 -4.137729e-010 0.000000e+000 7.621711e+002
1.860000e+003 -1.625873e-007 0.000000e+000 -4.112136e-010 0.000000e+000 7.643532e+002
1.862000e+003 -1.616553e-007 0.000000e+000 -4.094044e-010 0.000000e+000 7.654184e+002
1.864000e+003 -1.605510e-007 0.000000e+000 -4.072607e-010 0.000000e+000 7.670077e+002
1.866000e+003 -1.599732e-007 0.000000e+000 -4.061408e-010 0.000000e+000 7.670417e+002
1.868000e+003 -1.589903e-007 0.000000e+000 -4.042342e-010 0.000000e+000 7.682919e+002
1.870000e+003 -1.581101e-007 0.000000e+000 -4.025275e-010 0.000000e+000 7.692468e+002
1.872000e+003 -1.566476e-007 0.000000e+000 -3.996914e-010 0.000000e+000 7.719732e+002
1.874000e+003 -1.557947e-007 0.000000e+000 -3.980392e-010 0.000000e+000 7.728730e+002
1.876000e+003 -1.551063e-007 0.000000e+000 -3.967064e-010 0.000000e+000 7.732809e+002
1.878000e+003 -1.536956e-007 0.000000e+000 -3.939738e-010 0.000000e+000 7.759105e+002
1.880000e+003 -1.528838e-007 0.000000e+000 -3.924029e-010 0.000000e+000 7.767186e+002
1.882000e+003 -1.515569e-007 0.000000e+000 -3.898349e-010 0.000000e+000 7.791341e+002
1.884000e+003 -1.507278e-007 0.000000e+000 -3.882318e-010 0.000000e+000 7.800203e+002
1.886000e+003 -1.501146e-007 0.000000e+000 -3.870470e-010 0.000000e+000 7.802407e+002
1.888000e+003 -1.489928e-007 0.000000e+000 -3.848786e-010 0.000000e+000 7.820636e+002
1.890000e+003 -1.479482e-007 0.000000e+000 -3.828604e-010 0.000000e+000 7.836611e+002
1.892000e+003 -1.471559e-007 0.000000e+000 -3.813306e-010 0.000000e+000 7.844735e+002
1.894000e+003 -1.458038e-007 0.000000e+000 -3.787200e-010 0.000000e+000 7.870813e+002
1.896000e+003 -1.451489e-007 0.000000e+000 -3.774571e-010 0.000000e+000 7.874772e+002
1.898000e+003 -1.439211e-007 0.000000e+000 -3.750885e-010 0.000000e+000 7.897251e+002
1.900000e+003 -1.434199e-007 0.000000e+000 -3.741230e-010 0.000000e+000 7.896417e+002
1.902000e+003 -1.417411e-007 0.000000e+000 -3.708866e-010 0.000000e+000 7.933914e+002
1.904000e+003 -1.408581e-007 0.000000e+000 -3.691861e-010 0.000000e+000 7.945728e+002
1.906000e+003 -1.404919e-007 0.000000e+000 -3.684821e-010 0.000000e+000 7.940670e+002
1.908000e+003 -1.390653e-007 0.000000e+000 -3.657358e-010 0.000000e+000 7.970586e+002
1.910000e+003 -1.382530e-007 0.000000e+000 -3.641735e-010 0.000000e+000 7.980393e+002
1.912000e+003 -1.372862e-007 0.000000e+000 -3.623146e-010 0.000000e+000 7.995400e+002
1.914000e+003 -1.355366e-007 0.000000e+000 -3.589511e-010 0.000000e+000 8.037465e+002
1.916000e+003 -1.349323e-007 0.000000e+000 -3.577915e-010 0.000000e+000 8.040387e+002
1.918000e+003 -1.337776e-007 0.000000e+000 -3.555748e-010 0.000000e+000 8.062324e+002
1.920000e+003 -1.338849e-007 0.000000e+000 -3.557822e-010 0.000000e+000 8.041485e+002
1.922000e+003 -1.322831e-007 0.000000e+000 -3.527088e-010 0.000000e+000 8.078885e+002
1.924000e+003 -1.308248e-007 0.000000e+000 -3.499129e-010 0.000000e+000 8.111737e+002
1.926000e+003 -1.298776e-007 0.000000e+000 -3.481009e-010 0.000000e+000 8.126220e+002
1.928000e+003 -1.291579e-007 0.000000e+000 -3.467197e-010 0.000000e+000 8.135664e+002
1.930000e+003 -1.279489e-007 0.000000e+000 -3.444061e-010 0.000000e+000 8.160455e+002
1.932000e+003 -1.275080e-007 0.000000e+000 -3.435636e-010 0.000000e+000 8.158594e+002
1.934000e+003 -1.271267e-007 0.000000e+000 -3.428353e-010 0.000000e+000 8.154709e+002
1.936000e+003 -1.255296e-007 0.000000e+000 -3.397819e-010 0.000000e+000 8.193827e+002
1.938000e+003 -1.246820e-007 0.000000e+000 -3.381631e-010 0.000000e+000 8.206655e+002
1.940000e+003 -1.234641e-007 0.000000e+000 -3.358381e-010 0.000000e+000 8.232876e+002
1.942000e+003 -1.227423e-007 0.000000e+000 -3.344612e-010 0.000000e+000 8.241475e+002
1.944000e+003 -1.218486e-007 0.000000e+000 -3.327572e-010 0.000000e+000 8.256372e+002
1.946000e+003 -1.210826e-007 0.000000e+000 -3.312975e-010 0.000000e+000 8.266767e+002
1.948000e+003 -1.200603e-007 0.000000e+000 -3.293501e-010 0.000000e+000 8.286611e+002
1.950000e+003 -1.190890e-007 0.000000e+000 -3.275012e-010 0.000000e+000 8.304766e+002
1.952000e+003 -1.184135e-007 0.000000e+000 -3.262161e-010 0.000000e+000 8.312189e+002
1.954000e+003 -1.168539e-007 0.000000e+000 -3.232504e-010 0.000000e+000 8.352435e+002
1.956000e+003 -1.160139e-007 0.000000e+000 -3.216545e-010 0.000000e+000 8.366249e+002
1.958000e+003 -1.151346e-007 0.000000e+000 -3.199851e-010 0.000000e+000 8.381654e+002
1.960000e+003 -1.140463e-007 0.000000e+000 -3.179200e-010 0.000000e+000 8.405074e+002
1.962000e+003 -1.130295e-007 0.000000e+000 -3.159919e-010 0.000000e+000 8.426001e+002
1.964000e+003 -1.120879e-007 0.000000e+000 -3.142077e-010 0.000000e+000 8.444252e+002
1.966000e+003 -1.108735e-007 0.000000e+000 -3.119080e-010 0.000000e+000 8.473126e+002
1.968000e+003 -1.105095e-007 0.000000e+000 -3.112197e-010 0.000000e+000 8.469504e+002
1.970000e+003 -1.091731e-007 0.000000e+000 -3.086920e-010 0.000000e+000 8.503436e+002
1.972000e+003 -1.083754e-007 0.000000e+000 -3.071847e-010 0.000000e+000 8.516727e+002
1.974000e+003 -1.072686e-007 0.000000e+000 -3.050945e-010 0.000000e+000 8.542184e+002
1.976000e+003 -1.061953e-007 0.000000e+000 -3.030690e-010 0.000000e+000 8.566449e+002
1.978000e+003 -1.043181e-007 0.000000e+000 -2.995279e-010 0.000000e+000 8.620588e+002
1.980000e+003 -1.039367e-007 0.000000e+000 -2.988133e-010 0.000000e+000 8.621403e+002
1.982000e+003 -1.029302e-007 0.000000e+000 -2.969187e-010 0.000000e+000 8.643582e+002
1.984000e+003 -1.021440e-007 0.000000e+000 -2.954401e-010 0.000000e+000 8.657286e+002
1.986000e+003 -1.008606e-007 0.000000e+000 -2.930282e-010 0.000000e+000 8.691285e+002
1.988000e+003 -9.962046e-008 0.000000e+000 -2.907001e-010 0.000000e+000 8.723879e+002
1.990000e+003 -9.883511e-008 0.000000e+000 -2.892272e-010 0.000000e+000 8.738111e+002
1.992000e+003 -9.788019e-008 0.000000e+000 -2.874375e-010 0.000000e+000 8.759453e+002
1.994000e+003 -9.640272e-008 0.000000e+000 -2.846711e-010 0.000000e+000 8.802686e+002
1.996000e+003 -9.567378e-008 0.000000e+000 -2.833079e-010 0.000000e+000 8.815051e+002
1.998000e+003 -9.446089e-008 0.000000e+000 -2.810412e-010 0.000000e+000 8.847831e+002
2.000000e+003 -9.262591e-008 0.000000e+000 -2.776165e-010 0.000000e+000 8.907291e+002
2.002000e+003 -9.269549e-008 0.000000e+000 -2.777454e-010 0.000000e+000 8.886616e+002
2.004000e+003 -9.096155e-008 0.000000e+000 -2.745150e-010 0.000000e+000 8.942284e+002
2.006000e+003 -9.037153e-008 0.000000e+000 -2.734173e-010 0.000000e+000 8.949417e+002
2.008000e+003 -8.896503e-008 0.000000e+000 -2.708019e-010 0.000000e+000 8.991974e+002
2.010000e+003 -8.796876e-008 0.000000e+000 -2.689517e-010 0.000000e+000 9.017057e+002
2.012000e+003 -8.702900e-008 0.000000e+000 -2.672081e-010 0.000000e+000 9.039869e+002
2.014000e+003 -8.565121e-008 0.000000e+000 -2.646547e-010 0.000000e+000 9.082211e+002
2.016000e+003 -8.469285e-008 0.000000e+000 -2.628808e-010 0.000000e+000 9.106313e+002
2.018000e+003 -8.369148e-008 0.000000e+000 -2.610294e-010 0.000000e+000 9.132537e+002
2.020000e+003 -8.187642e-008 0.000000e+000 -2.576779e-010 0.000000e+000 9.195654e+002
2.022000e+003 -8.148211e-008 0.000000e+000 -2.569510e-010 0.000000e+000 9.194950e+002
2.024000e+003 -8.081631e-008 0.000000e+000 -2.557241e-010 0.000000e+000 9.206598e+002
2.026000e+003 -7.893050e-008 0.000000e+000 -2.522532e-010 0.000000e+000 9.274150e+002
2.028000e+003 -7.860511e-008 0.000000e+000 -2.516554e-010 0.000000e+000 9.270462e+002
2.030000e+003 -7.582563e-008 0.000000e+000 -2.465552e-010 0.000000e+000 9.380721e+002
2.032000e+003 -7.108509e-008 0.000000e+000 -2.378960e-010 0.000000e+000 9.587401e+002
2.034000e+003 -7.381335e-008 0.000000e+000 -2.428738e-010 0.000000e+000 9.437746e+002
2.036000e+003 -7.277553e-008 0.000000e+000 -2.409787e-010 0.000000e+000 9.468095e+002
2.038000e+003 -7.090075e-008 0.000000e+000 -2.375613e-010 0.000000e+000 9.538874e+002
2.040000e+003 -7.016718e-008 0.000000e+000 -2.362265e-010 0.000000e+000 9.555195e+002
2.042000e+003 -6.788636e-008 0.000000e+000 -2.320841e-010 0.000000e+000 9.647071e+002
2.044000e+003 -6.673061e-008 0.000000e+000 -2.299900e-010 0.000000e+000 9.684646e+002
2.046000e+003 -6.452433e-008 0.000000e+000 -2.260016e-010 0.000000e+000 9.774845e+002
2.048000e+003 -6.377577e-008 0.000000e+000 -2.246508e-010 0.000000e+000 9.793084e+002
2.050000e+003 -6.138599e-008 0.000000e+000 -2.203494e-010 0.000000e+000 9.894306e+002
2.052000e+003 -6.138715e-008 0.000000e+000 -2.203517e-010 0.000000e+000 9.874619e+002
2.054000e+003 -5.916200e-008 0.000000e+000 -2.163602e-010 0.000000e+000 9.968850e+002
2.056000e+003 -5.797811e-008 0.000000e+000 -2.142420e-010 0.000000e+000 1.001027e+003
2.058000e+003 -5.644432e-008 0.000000e+000 -2.115036e-010 0.000000e+000 1.007028e+003
2.060000e+003 -5.462549e-008 0.000000e+000 -2.082650e-010 0.000000e+000 1.014593e+003
2.062000e+003 -5.179959e-008 0.000000e+000 -2.032521e-010 0.000000e+000 1.027637e+003
2.064000e+003 -5.013239e-008 0.000000e+000 -2.003059e-010 0.000000e+000 1.034605e+003
2.066000e+003 -5.025133e-008 0.000000e+000 -2.005159e-010 0.000000e+000 1.031926e+003
2.068000e+003 -4.665206e-008 0.000000e+000 -1.941833e-010 0.000000e+000 1.049553e+003
2.070000e+003 -4.604161e-008 0.000000e+000 -1.931133e-010 0.000000e+000 1.050865e+003
2.072000e+003 -4.240246e-008 0.000000e+000 -1.867598e-010 0.000000e+000 1.069137e+003
2.074000e+003 -5.219072e-008 0.000000e+000 -2.039450e-010 0.000000e+000 1.013507e+003
2.076000e+003 -3.712531e-008 0.000000e+000 -1.776260e-010 0.000000e+000 1.095130e+003
2.078000e+003 -3.552458e-008 0.000000e+000 -1.748747e-010 0.000000e+000 1.102311e+003
2.080000e+003 -3.339015e-008 0.000000e+000 -1.712204e-010 0.000000e+000 1.112695e+003
2.082000e+003 -3.162609e-008 0.000000e+000 -1.682129e-010 0.000000e+000 1.120977e+003
2.084000e+003 -2.965576e-008 0.000000e+000 -1.648676e-010 0.000000e+000 1.130563e+003
2.086000e+003 -2.607305e-008 0.000000e+000 -1.588229e-010 0.000000e+000 1.150029e+003
2.088000e+003 -2.453334e-008 0.000000e+000 -1.562405e-010 0.000000e+000 1.157207e+003
2.090000e+003 -2.041742e-008 0.000000e+000 -1.493845e-010 0.000000e+000 1.180408e+003
2.092000e+003 -1.630436e-008 0.000000e+000 -1.426031e-010 0.000000e+000 1.203962e+003
2.094000e+003 -1.424975e-008 0.000000e+000 -1.392442e-010 0.000000e+000 1.214681e+003
2.096000e+003 -9.339263e-009 0.000000e+000 -1.312862e-010 0.000000e+000 1.243854e+003
2.098000e+003 -5.771196e-009 0.000000e+000 -1.255715e-010 0.000000e+000 1.264635e+003
2.100000e+003 9.366281e-010 0.000000e+000 -1.149856e-010 0.000000e+000 1.306311e+003
2.102000e+003 2.321044e-009 0.000000e+000 -1.128265e-010 0.000000e+000 1.312968e+003
2.104000e+003 9.585633e-009 0.000000e+000 -1.016458e-010 0.000000e+000 1.358821e+003
2.106000e+003 1.744226e-008 0.000000e+000 -8.983555e-011 0.000000e+000 1.408818e+003
2.108000e+003 2.008593e-008 0.000000e+000 -8.592717e-011 0.000000e+000 1.423807e+003
2.110000e+003 2.681397e-008 0.000000e+000 -7.612965e-011 0.000000e+000 1.465912e+003
2.112000e+003 6.311875e-008 0.000000e+000 -2.671270e-011 0.000000e+000 1.693221e+003
2.114000e+003 4.746158e-008 0.000000e+000 -4.734914e-011 0.000000e+000 1.594250e+003
2.116000e+003 5.107265e-008 0.000000e+000 -4.250380e-011 0.000000e+000 1.613795e+003
2.118000e+003 6.755832e-008 0.000000e+000 -2.102567e-011 0.000000e+000 1.709416e+003
2.120000e+003 7.202633e-008 0.000000e+000 -1.537128e-011 0.000000e+000 1.731542e+003
2.122000e+003 8.332627e-008 0.000000e+000 -1.354054e-012 0.000000e+000 1.789569e+003
2.124000e+003 9.277650e-008 0.000000e+000 1.008789e-011 0.000000e+000 1.834271e+003
2.126000e+003 1.308995e-007 0.000000e+000 5.421852e-011 0.000000e+000 1.996633e+003
2.128000e+003 2.433682e-007 0.000000e+000 1.744531e-010 0.000000e+000 2.290905e+003
2.130000e+003 2.059732e-007 0.000000e+000 1.354527e-010 0.000000e+000 2.210841e+003
2.132000e+003 -1.243000e-006 0.000000e+000 -1.275088e-009 0.000000e+000 2.997286e+003
2.134000e+003 -5.113604e-007 0.000000e+000 -5.509451e-010 0.000000e+000 3.213333e+003
2.136000e+003 -1.965673e-007 0.000000e+000 -2.331483e-010 0.000000e+000 3.886740e+003
2.138000e+003 -1.091087e-007 0.000000e+000 -1.399035e-010 0.000000e+000 4.857557e+003
2.140000e+003 -4.600889e-008 0.000000e+000 -6.905906e-011 0.000000e+000 7.634417e+003
2.142000e+003 -6.511882e-008 0.000000e+000 -4.799258e-011 0.000000e+000 1.417626e+004
2.144000e+003 2.491254e-008 0.000000e+000 3.718005e-011 0.000000e+000 -1.128806e+004
2.146000e+003 1.573983e-008 0.000000e+000 2.339517e-011 0.000000e+000 -1.838921e+004
2.148000e+003 4.131470e-008 0.000000e+000 6.294574e-011 0.000000e+000 -6.346607e+003
2.150000e+003 7.467563e-008 0.000000e+000 1.191560e-010 0.000000e+000 -3.102652e+003
2.152000e+003 9.547302e-008 0.000000e+000 1.561945e-010 0.000000e+000 -2.279147e+003
2.154000e+003 1.758286e-007 0.000000e+000 3.075011e-010 0.000000e+000 -1.061593e+003
2.156000e+003 2.034265e-007 0.000000e+000 3.611532e-010 0.000000e+000 -8.870383e+002
2.158000e+003 2.104811e-007 0.000000e+000 3.749495e-010 0.000000e+000 -8.496782e+002
2.160000e+003 2.310039e-007 0.000000e+000 4.152320e-010 0.000000e+000 -7.584961e+002
2.162000e+003 4.009746e-007 0.000000e+000 7.535482e-010 0.000000e+000 -4.000241e+002
2.164000e+003 4.335023e-007 0.000000e+000 8.187894e-010 0.000000e+000 -3.660651e+002
2.166000e+003 5.160620e-007 0.000000e+000 9.847111e-010 0.000000e+000 -3.017176e+002
2.168000e+003 9.403845e-007 0.000000e+000 1.840738e-009 0.000000e+000 -1.599231e+002
2.170000e+003 1.021676e-006 0.000000e+000 2.005008e-009 0.000000e+000 -1.467197e+002
2.172000e+003 6.246532e-006 0.000000e+000 1.257758e-008 0.000000e+000 -2.786103e+001
2.174000e+003 -6.248859e-006 0.000000e+000 -1.271428e-008 0.000000e+000 1.534773e+001
2.176000e+003 -1.705574e-006 0.000000e+000 -3.519921e-009 0.000000e+000 7.004545e+001
2.178000e+003 -1.137336e-006 0.000000e+000 -2.370696e-009 0.000000e+000 1.057253e+002
2.180000e+003 -8.496438e-007 0.000000e+000 -1.789304e-009 0.000000e+000 1.404583e+002
2.182000e+003 -5.864218e-007 0.000000e+000 -1.258101e-009 0.000000e+000 1.987250e+002
2.184000e+003 -5.256951e-007 0.000000e+000 -1.135771e-009 0.000000e+000 2.190089e+002
2.186000e+003 -4.823640e-007 0.000000e+000 -1.048550e-009 0.000000e+000 2.361291e+002
2.188000e+003 -4.358777e-007 0.000000e+000 -9.550903e-010 0.000000e+000 2.576383e+002
2.190000e+003 -3.484049e-007 0.000000e+000 -7.796369e-010 0.000000e+000 3.111598e+002
2.192000e+003 -3.702358e-007 0.000000e+000 -8.233639e-010 0.000000e+000 2.951678e+002
2.194000e+003 -3.304576e-007 0.000000e+000 -7.437347e-010 0.000000e+000 3.237772e+002
2.196000e+003 -2.902446e-007 0.000000e+000 -6.634511e-010 0.000000e+000 3.587602e+002
2.198000e+003 -2.847560e-007 0.000000e+000 -6.525157e-010 0.000000e+000 3.635074e+002
2.200000e+003 -2.504229e-007 0.000000e+000 -5.842486e-010 0.000000e+000 4.006233e+002
