1.00000	98326.8	10314.1	0.10490	5.988	0.50615
2.00000	99841.9	11741.0	0.11760	6.707	0.50731
3.00000	1.0093e+05	13073.5	0.12954	7.381	0.51002
4.00000	1.0276e+05	14251.9	0.13868	7.896	0.51382
5.00000	1.0410e+05	15027.5	0.14435	8.214	0.51920
6.00000	1.0517e+05	16117.4	0.15325	8.713	0.52599
7.00000	1.0709e+05	16742.6	0.15634	8.886	0.53422
8.00000	1.0803e+05	18139.4	0.16791	9.532	0.54436
9.00000	1.1018e+05	18470.6	0.16764	9.517	0.55605
10.0000	1.1173e+05	19517.5	0.17469	9.909	0.56993
11.0000	1.1134e+05	20732.6	0.18622	10.549	0.50007
12.0000	1.1385e+05	21181.7	0.18605	10.539	0.51597
13.0000	1.1597e+05	22341.2	0.19265	10.905	0.53466
14.0000	1.1813e+05	22255.5	0.18840	10.669	0.55660
15.0000	1.1888e+05	23209.3	0.19523	11.047	0.50152
16.0000	1.2163e+05	23232.6	0.19101	10.814	0.52746
17.0000	1.2403e+05	23784.5	0.19176	10.855	0.55830
18.0000	1.2426e+05	24759.1	0.19926	11.269	0.50140
19.0000	1.2718e+05	24466.8	0.19237	10.889	0.53906
20.0000	1.2816e+05	24537.6	0.19146	10.839	0.50137
21.0000	1.3174e+05	24546.5	0.18633	10.555	0.55097
22.0000	1.3239e+05	24814.4	0.18743	10.616	0.50240
23.0000	1.3752e+05	24669.3	0.17939	10.170	0.57066
24.0000	1.3855e+05	25548.1	0.18440	10.448	0.50545
25.0000	1.4012e+05	25198.2	0.17984	10.195	0.50477
26.0000	1.4346e+05	24605.6	0.17151	9.732	0.50315
27.0000	1.4612e+05	25073.5	0.17159	9.737	0.51586
28.0000	1.4922e+05	24038.8	0.16110	9.152	0.53176
29.0000	1.5071e+05	22934.4	0.15217	8.652	0.50390
30.0000	1.5430e+05	22730.4	0.14731	8.380	0.53973
31.0000	1.5879e+05	22251.4	0.14014	7.977	0.52217
32.0000	1.6050e+05	22853.5	0.14239	8.104	0.50489
33.0000	1.6024e+05	22000.6	0.13730	7.818	0.50173
34.0000	1.6456e+05	19938.8	0.12117	6.909	0.50491
35.0000	1.6812e+05	19295.3	0.11477	6.547	0.50310
36.0000	1.6843e+05	19845.8	0.11783	6.720	0.50075
37.0000	1.6903e+05	20442.7	0.12094	6.896	0.43107
38.0000	1.7504e+05	19001.6	0.10856	6.196	0.50328
39.0000	1.7506e+05	20335.4	0.11616	6.626	0.44542
40.0000	1.7687e+05	20417.0	0.11543	6.585	0.50266
41.0000	1.8131e+05	24087.2	0.13285	7.567	0.45479
42.0000	1.8285e+05	30338.4	0.16592	9.421	0.50160
43.0000	1.9035e+05	35482.6	0.18640	10.559	0.46062
44.0000	2.0731e+05	40622.9	0.19595	11.087	0.42735
45.0000	2.2960e+05	34145.2	0.14872	8.459	0.50219
46.0000	2.3694e+05	25252.2	0.10657	6.083	0.46695
47.0000	2.4453e+05	16845.4	0.06889	3.941	0.43576
48.0000	2.5665e+05	7038.60	0.02742	1.571	0.50207
49.0000	2.5093e+05	2176.18	0.00867	0.497	0.46841
50.0000	2.5668e+05	-2924.7	-0.0114	-0.653	0.44046
51.0000	2.6737e+05	-11128.	-0.0416	-2.383	0.49961
52.0000	2.6667e+05	-15348.	-0.0576	-3.294	0.47078
53.0000	2.7229e+05	-19716.	-0.0724	-4.141	0.44557
54.0000	2.8421e+05	-23817.	-0.0838	-4.790	0.50330
55.0000	2.8374e+05	-29615.	-0.1044	-5.959	0.47709
56.0000	2.8966e+05	-32657.	-0.1127	-6.433	0.45396
57.0000	2.8803e+05	-38100.	-0.1323	-7.535	0.43174
58.0000	3.0707e+05	-44434.	-0.1447	-8.234	0.50209
59.0000	3.0212e+05	-49492.	-0.1638	-9.303	0.47847
60.0000	3.0799e+05	-54567.	-0.1772	-10.047	0.45773
61.0000	3.1328e+05	-59574.	-0.1902	-10.767	0.43841
62.0000	3.3636e+05	-65958.	-0.1961	-11.095	0.50184
63.0000	3.4339e+05	-70301.	-0.2047	-11.570	0.48167
64.0000	3.3501e+05	-77687.	-0.2319	-13.056	0.46145
65.0000	3.3296e+05	-84831.	-0.2548	-14.294	0.44307
66.0000	3.4054e+05	-86590.	-0.2543	-14.266	0.42656
67.0000	3.7150e+05	-95798.	-0.2579	-14.460	0.50126
68.0000	3.7678e+05	-1.026e+05	-0.2724	-15.237	0.48302
69.0000	3.6003e+05	-1.088e+05	-0.3023	-16.818	0.46424
70.0000	3.6539e+05	-1.140e+05	-0.3120	-17.326	0.44822
70.9999	3.7399e+05	-1.227e+05	-0.3281	-18.165	0.43324
71.9999	3.9752e+05	-1.284e+05	-0.3231	-17.904	0.50171
72.9999	4.0941e+05	-1.330e+05	-0.3249	-17.998	0.48576
73.9999	3.8739e+05	-1.409e+05	-0.3638	-19.989	0.46829
74.9999	3.9725e+05	-1.439e+05	-0.3622	-19.911	0.45391
75.9999	4.0482e+05	-1.488e+05	-0.3675	-20.176	0.43998
76.9999	4.1500e+05	-1.641e+05	-0.3954	-21.576	0.42684
77.9999	4.7182e+05	-1.705e+05	-0.3614	-19.869	0.50355
78.9999	4.7359e+05	-1.814e+05	-0.3830	-20.957	0.48843
79.9999	4.3055e+05	-1.917e+05	-0.4452	-23.997	0.47155
80.9999	4.3214e+05	-1.987e+05	-0.4598	-24.695	0.45797
81.9999	4.5269e+05	-1.812e+05	-0.4003	-21.816	0.44581
82.9999	4.4005e+05	-2.121e+05	-0.4820	-25.735	0.43275
83.9999	4.9040e+05	-2.125e+05	-0.4333	-23.428	0.50376
84.9999	5.0824e+05	-2.096e+05	-0.4124	-22.411	0.49078
85.9999	4.5394e+05	-2.093e+05	-0.4611	-24.754	0.47497
86.9999	4.8300e+05	-2.073e+05	-0.4291	-23.226	0.46369
87.9999	5.0052e+05	-2.152e+05	-0.4300	-23.267	0.45230
89.0000	5.3094e+05	-2.317e+05	-0.4365	-23.580	0.44185
90.0000	5.3394e+05	-2.515e+05	-0.4710	-25.218	0.43070
91.0000	5.9559e+05	-2.619e+05	-0.4398	-23.738	0.50267
92.0000	6.2545e+05	-2.702e+05	-0.4319	-23.362	0.49124
93.0000	5.4908e+05	-2.863e+05	-0.5214	-27.539	0.47610
94.0000	5.8211e+05	-2.989e+05	-0.5135	-27.178	0.46586
95.0000	6.1051e+05	-3.211e+05	-0.5259	-27.739	0.45575
96.0000	6.8123e+05	-3.999e+05	-0.5870	-30.413	0.44754
97.0000	4.7278e+05	-5.908e+05	-1.2496	-51.330	0.43037
98.0000	5.1590e+05	-3.518e+05	-0.6819	-34.291	0.50479
99.0000	6.0158e+05	-3.144e+05	-0.5226	-27.590	0.49634
100.000	6.0998e+05	-3.710e+05	-0.6082	-31.309	0.48556
101.000	4.6756e+05	-2.899e+05	-0.6200	-31.797	0.47011
102.000	5.3887e+05	-2.326e+05	-0.4316	-23.347	0.46194
103.000	6.0037e+05	-2.452e+05	-0.4084	-22.213	0.45379
104.000	6.3506e+05	-2.723e+05	-0.4288	-23.208	0.44507
105.000	6.6579e+05	-2.899e+05	-0.4354	-23.528	0.43658
106.000	6.6036e+05	-2.787e+05	-0.4220	-22.880	0.42726
107.000	8.5736e+05	-2.376e+05	-0.2771	-15.488	0.50548
108.000	9.4888e+05	-2.283e+05	-0.2406	-13.531	0.49761
109.000	1.0036e+06	-2.694e+05	-0.2684	-15.025	0.48910
110.000	8.8641e+05	-3.157e+05	-0.3562	-19.605	0.47584
111.000	9.1162e+05	-3.364e+05	-0.3690	-20.254	0.46698
112.000	9.4874e+05	-3.703e+05	-0.3903	-21.319	0.45868
113.000	9.5780e+05	-3.996e+05	-0.4172	-22.647	0.44984
114.000	9.5853e+05	-4.282e+05	-0.4467	-24.070	0.44110
115.000	9.9093e+05	-4.568e+05	-0.4609	-24.747	0.43326
116.000	1.2014e+06	-4.561e+05	-0.3796	-20.787	0.50538
117.000	1.2211e+06	-4.626e+05	-0.3789	-20.750	0.49619
118.000	1.2561e+06	-4.359e+05	-0.3470	-19.138	0.48760
119.000	1.3466e+06	-4.423e+05	-0.3285	-18.184	0.48049
120.000	1.1659e+06	-4.962e+05	-0.4256	-23.052	0.46749
121.000	1.2003e+06	-5.498e+05	-0.4581	-24.611	0.45970
122.000	1.2444e+06	-6.048e+05	-0.4860	-25.921	0.45231
123.000	1.2542e+06	-6.551e+05	-0.5223	-27.580	0.44436
124.000	1.2942e+06	-7.033e+05	-0.5434	-28.520	0.43723
125.000	1.2855e+06	-7.485e+05	-0.5823	-30.212	0.42930
126.000	2.4555e+07	-1.644e+06	-0.0669	-3.830	0.50141
127.000	1.6129e+06	-7.982e+05	-0.4949	-26.330	0.49766
128.000	1.6506e+06	-8.307e+05	-0.5033	-26.716	0.48980
129.000	1.6735e+06	-8.986e+05	-0.5369	-28.233	0.48153
130.000	1.3429e+06	-9.663e+05	-0.7196	-35.737	0.46691
131.000	1.3673e+06	-9.981e+05	-0.7300	-36.128	0.45948
132.000	1.3423e+06	-9.915e+05	-0.7387	-36.452	0.45165
133.000	1.3847e+06	-1.055e+06	-0.7616	-37.293	0.44464
134.000	1.3576e+06	-1.037e+06	-0.7639	-37.375	0.43723
135.000	1.3890e+06	-1.105e+06	-0.7954	-38.498	0.43036
136.000	1.7829e+06	-1.033e+06	-0.5792	-30.079	0.48873
137.000	1.4304e+06	-1.081e+06	-0.7555	-37.070	0.46037
138.000	1.4923e+06	-1.134e+06	-0.7597	-37.223	0.45411
139.000	1.5004e+06	-1.189e+06	-0.7927	-38.404	0.44702
140.000	1.5272e+06	-1.236e+06	-0.8091	-38.977	0.44047
141.000	1.5089e+06	-1.274e+06	-0.8446	-40.185	0.43343
142.000	1.5344e+06	-1.312e+06	-0.8548	-40.523	0.42715
143.000	1.5237e+06	-1.339e+06	-0.8785	-41.299	0.42041
144.000	1.5148e+06	-1.372e+06	-0.9055	-42.160	0.41394
145.000	1.5343e+06	-1.399e+06	-0.9119	-42.361	0.40803
146.000	1.5239e+06	-1.419e+06	-0.9311	-42.958	0.40177
147.000	1.5485e+06	-1.444e+06	-0.9326	-43.002	0.39610
148.000	1.5309e+06	-1.461e+06	-0.9543	-43.659	0.39014
149.000	1.5567e+06	-1.479e+06	-0.9499	-43.527	0.38476
150.000	1.5461e+06	-1.492e+06	-0.9652	-43.985	0.37907
151.000	1.5333e+06	-1.489e+06	-0.9714	-44.168	0.37349
152.000	1.5745e+06	-1.500e+06	-0.9527	-43.613	0.36863
153.000	1.5850e+06	-1.511e+06	-0.9530	-43.622	0.36353
154.000	1.6284e+06	-1.528e+06	-0.9382	-43.174	0.35887
155.000	1.6338e+06	-1.550e+06	-0.9485	-43.485	0.35391
156.000	1.6752e+06	-1.573e+06	-0.9393	-43.207	0.34938
157.000	1.6650e+06	-1.587e+06	-0.9530	-43.620	0.34450
158.000	1.6916e+06	-1.595e+06	-0.9426	-43.308	0.34000
159.000	1.6788e+06	-1.588e+06	-0.9457	-43.402	0.33529
160.000	1.6880e+06	-1.577e+06	-0.9342	-43.051	0.33085
161.000	1.7351e+06	-1.574e+06	-0.9071	-42.212	0.32677
162.000	1.7542e+06	-1.558e+06	-0.8884	-41.617	0.32254
163.000	1.8235e+06	-1.561e+06	-0.8561	-40.568	0.31882
164.000	1.8885e+06	-1.565e+06	-0.8290	-39.658	0.31511
165.000	1.8546e+06	-1.567e+06	-0.8451	-40.200	0.31076
166.000	1.9105e+06	-1.559e+06	-0.8158	-39.208	0.30715
167.000	1.9773e+06	-1.551e+06	-0.7844	-38.111	0.30362
168.000	1.9837e+06	-1.527e+06	-0.7698	-37.589	0.29978
169.000	2.0751e+06	-1.527e+06	-0.7361	-36.356	0.29659
170.000	2.1583e+06	-1.543e+06	-0.7148	-35.558	0.29330
171.000	-4.247e+06	-1.247e+06	0.29363	196.364	0.29440
172.000	2.2550e+06	-1.519e+06	-0.6735	-33.962	0.28662
173.000	2.3964e+06	-1.521e+06	-0.6349	-32.411	0.28383
174.000	2.5034e+06	-1.565e+06	-0.6253	-32.017	0.28088
175.000	2.4729e+06	-1.573e+06	-0.6360	-32.456	0.27730
176.000	2.5462e+06	-1.565e+06	-0.6146	-31.576	0.27425
177.000	2.5909e+06	-1.610e+06	-0.6212	-31.849	0.27121
178.000	2.7505e+06	-1.559e+06	-0.5668	-29.543	0.26876
179.000	2.8201e+06	-1.510e+06	-0.5354	-28.165	0.26580
180.000	3.0117e+06	-1.515e+06	-0.5029	-26.699	0.26366
181.000	3.2018e+06	-1.614e+06	-0.5041	-26.751	0.26147
182.000	3.2970e+06	-1.731e+06	-0.5249	-27.696	0.25884
183.000	3.4021e+06	-1.821e+06	-0.5353	-28.158	0.25629
184.000	3.5085e+06	-1.918e+06	-0.5467	-28.664	0.25382
185.000	3.6204e+06	-2.027e+06	-0.5599	-29.245	0.25134
186.000	3.6208e+06	-2.145e+06	-0.5925	-30.646	0.24837
187.000	3.7296e+06	-2.270e+06	-0.6086	-31.324	0.24604
188.000	3.7521e+06	-2.364e+06	-0.6300	-32.209	0.24324
189.000	3.6786e+06	-2.499e+06	-0.6792	-34.186	0.24013
190.000	3.6763e+06	-2.579e+06	-0.7014	-35.045	0.23736
191.000	3.6748e+06	-2.618e+06	-0.7123	-35.464	0.23463
192.000	3.6935e+06	-2.652e+06	-0.7179	-35.674	0.23198
193.000	2.8072e+06	-2.746e+06	-0.9780	-44.363	0.22589
194.000	2.8672e+06	-2.734e+06	-0.9536	-43.639	0.22361
195.000	2.9468e+06	-2.743e+06	-0.9310	-42.953	0.22143
196.000	2.9730e+06	-2.737e+06	-0.9208	-42.638	0.21907
197.000	3.0848e+06	-2.801e+06	-0.9080	-42.240	0.21707
198.000	3.1751e+06	-2.896e+06	-0.9120	-42.364	0.21505
199.000	3.2725e+06	-2.969e+06	-0.9072	-42.215	0.21310
200.000	3.2486e+06	-3.059e+06	-0.9415	-43.275	0.21069
201.000	3.3100e+06	-3.157e+06	-0.9537	-43.642	0.20863
202.000	3.3869e+06	-3.252e+06	-0.9600	-43.832	0.20666
203.000	3.4097e+06	-3.329e+06	-0.9765	-44.318	0.20458
204.000	3.3895e+06	-3.467e+06	-1.0227	-45.644	0.20235
205.000	3.4061e+06	-3.525e+06	-1.0348	-45.979	0.20027
206.000	3.4360e+06	-3.549e+06	-1.0329	-45.927	0.19827
207.000	3.3153e+06	-3.645e+06	-1.0994	-47.711	0.19583
208.000	3.3484e+06	-3.696e+06	-1.1039	-47.827	0.19391
209.000	3.3595e+06	-3.725e+06	-1.1088	-47.954	0.19195
210.000	3.3383e+06	-3.775e+06	-1.1308	-48.513	0.18993
211.000	3.2823e+06	-3.794e+06	-1.1560	-49.138	0.18780
212.000	3.3186e+06	-3.815e+06	-1.1494	-48.977	0.18602
213.000	3.3455e+06	-3.823e+06	-1.1427	-48.811	0.18420
214.000	3.2891e+06	-3.826e+06	-1.1631	-49.312	0.18220
215.000	3.3305e+06	-3.861e+06	-1.1593	-49.219	0.18049
216.000	3.3512e+06	-3.861e+06	-1.1523	-49.046	0.17875
217.000	3.4145e+06	-3.869e+06	-1.1330	-48.568	0.17712
218.000	3.3276e+06	-3.895e+06	-1.1704	-49.489	0.17516
219.000	3.3853e+06	-3.856e+06	-1.1389	-48.716	0.17358
220.000	3.4525e+06	-3.831e+06	-1.1097	-47.978	0.17203
221.000	3.4371e+06	-3.782e+06	-1.1004	-47.736	0.17032
222.000	3.5454e+06	-3.798e+06	-1.0714	-46.974	0.16889
223.000	3.6616e+06	-3.798e+06	-1.0373	-46.050	0.16754
224.000	3.7388e+06	-3.819e+06	-1.0213	-45.605	0.16610
225.000	3.7457e+06	-3.777e+06	-1.0084	-45.241	0.16451
226.000	3.8671e+06	-3.811e+06	-0.9855	-44.582	0.16320
227.000	3.9829e+06	-3.834e+06	-0.9626	-43.908	0.16190
228.000	4.0244e+06	-3.866e+06	-0.9607	-43.851	0.16043
229.000	4.1573e+06	-3.905e+06	-0.9394	-43.209	0.15919
230.000	4.2723e+06	-3.959e+06	-0.9268	-42.824	0.15795
231.000	4.4173e+06	-4.024e+06	-0.9110	-42.335	0.15671
232.000	4.4453e+06	-4.089e+06	-0.9200	-42.613	0.15530
233.000	4.5444e+06	-4.211e+06	-0.9266	-42.819	0.15405
234.000	4.6590e+06	-4.285e+06	-0.9197	-42.606	0.15283
235.000	4.6423e+06	-4.400e+06	-0.9478	-43.465	0.15140
236.000	4.7036e+06	-4.483e+06	-0.9530	-43.622	0.15014
237.000	4.7606e+06	-4.578e+06	-0.9617	-43.881	0.14884
238.000	4.7913e+06	-4.636e+06	-0.9676	-44.057	0.14756
239.000	4.7350e+06	-4.726e+06	-0.9982	-44.948	0.14614
240.000	4.7574e+06	-4.778e+06	-1.0043	-45.124	0.14483
241.000	4.7959e+06	-4.853e+06	-1.0120	-45.341	0.14362
242.000	4.7135e+06	-4.921e+06	-1.0439	-46.232	0.14221
243.000	4.7238e+06	-4.940e+06	-1.0458	-46.282	0.14096
244.000	4.7469e+06	-4.991e+06	-1.0515	-46.437	0.13976
245.000	4.7956e+06	-5.021e+06	-1.0471	-46.317	0.13860
246.000	4.6248e+06	-5.089e+06	-1.1003	-47.733	0.13715
247.000	4.6255e+06	-5.078e+06	-1.0977	-47.667	0.13594
248.000	4.5566e+06	-5.067e+06	-1.1121	-48.037	0.13467
249.000	4.4083e+06	-5.041e+06	-1.1434	-48.828	0.13330
250.000	4.3671e+06	-5.002e+06	-1.1453	-48.876	0.13211
251.000	4.3254e+06	-4.949e+06	-1.1441	-48.845	0.13092
252.000	4.2498e+06	-4.758e+06	-1.1196	-48.230	0.12970
253.000	4.0713e+06	-4.556e+06	-1.1192	-48.218	0.12836
254.000	4.0838e+06	-4.300e+06	-1.0531	-46.480	0.12727
255.000	4.0111e+06	-4.021e+06	-1.0024	-45.068	0.12608
256.000	4.0200e+06	-3.659e+06	-0.9102	-42.310	0.12501
257.000	3.9713e+06	-3.115e+06	-0.7845	-38.114	0.12391
258.000	4.1344e+06	-2.553e+06	-0.6174	-31.692	0.12296
259.000	4.6075e+06	-1.946e+06	-0.4223	-22.894	0.12238
260.000	4.8417e+06	-1.195e+06	-0.2468	-13.864	0.12155
261.000	2.8602e+06	-2.661e+05	-0.0930	-5.315	0.11644
262.000	6.4104e+06	7054.90	0.00110	0.063	0.12109
263.000	7.5076e+06	3.0232e+05	0.04027	2.306	0.12119
264.000	8.6195e+06	5.4112e+05	0.06278	3.592	0.12133
265.000	9.7580e+06	3.1860e+05	0.03265	1.870	0.12157
266.000	1.0693e+07	1.8471e+05	0.01727	0.990	0.12159
267.000	1.1635e+07	-2.961e+05	-0.0254	-1.458	0.12165
268.000	1.2371e+07	-8.976e+05	-0.0726	-4.150	0.12150
269.000	1.3077e+07	-1.412e+06	-0.1079	-6.161	0.12129
270.000	1.3586e+07	-2.045e+06	-0.1505	-8.559	0.12092
271.000	1.3770e+07	-2.860e+06	-0.2077	-11.733	0.12013
272.000	1.3983e+07	-3.443e+06	-0.2463	-13.835	0.11942
273.000	1.4200e+07	-4.052e+06	-0.2853	-15.924	0.11869
274.000	1.3993e+07	-4.556e+06	-0.3256	-18.035	0.11752
275.000	1.4090e+07	-5.042e+06	-0.3579	-19.691	0.11666
276.000	1.4096e+07	-5.512e+06	-0.3910	-21.358	0.11573
277.000	1.3956e+07	-5.743e+06	-0.4115	-22.366	0.11464
278.000	1.3824e+07	-6.093e+06	-0.4408	-23.787	0.11361
279.000	1.3853e+07	-6.296e+06	-0.4545	-24.441	0.11270
280.000	1.3908e+07	-6.473e+06	-0.4654	-24.957	0.11184
281.000	1.3844e+07	-6.702e+06	-0.4841	-25.830	0.11088
282.000	1.3969e+07	-6.890e+06	-0.4932	-26.254	0.11009
283.000	1.4206e+07	-7.087e+06	-0.4989	-26.515	0.10942
284.000	1.4251e+07	-7.335e+06	-0.5147	-27.234	0.10859
285.000	1.4081e+07	-7.605e+06	-0.5401	-28.372	0.10757
286.000	1.4149e+07	-7.667e+06	-0.5419	-28.452	0.10677
287.000	1.4241e+07	-8.036e+06	-0.5643	-29.436	0.10602
288.001	1.4121e+07	-8.075e+06	-0.5719	-29.764	0.10507
289.001	1.4656e+07	-8.428e+06	-0.5750	-29.900	0.10470
290.001	1.4528e+07	-8.498e+06	-0.5850	-30.326	0.10375
291.001	1.4797e+07	-8.810e+06	-0.5954	-30.769	0.10315
292.001	1.2710e+07	-9.307e+06	-0.7323	-36.214	0.10082
293.001	1.4936e+07	-9.178e+06	-0.6145	-31.570	0.10172
294.001	1.5109e+07	-9.417e+06	-0.6233	-31.934	0.10102
295.001	1.2727e+07	-1.013e+07	-0.7958	-38.512	0.09859
296.001	1.3020e+07	-1.030e+07	-0.7914	-38.358	0.09802
297.001	1.5282e+07	-1.015e+07	-0.6643	-33.595	0.09883
298.001	1.3199e+07	-1.084e+07	-0.8214	-39.401	0.09667
299.001	1.3128e+07	-1.128e+07	-0.8591	-40.666	0.09591
300.001	1.3216e+07	-1.121e+07	-0.8484	-40.311	0.09524
301.001	1.3195e+07	-1.164e+07	-0.8818	-41.407	0.09454
302.001	1.3072e+07	-1.186e+07	-0.9073	-42.217	0.09374
303.001	1.2899e+07	-1.203e+07	-0.9324	-42.997	0.09295
304.001	1.2993e+07	-1.230e+07	-0.9466	-43.427	0.09234
305.001	1.3149e+07	-1.217e+07	-0.9252	-42.776	0.09175
306.001	1.6168e+07	-1.170e+07	-0.7239	-35.902	0.09291
307.001	1.2852e+07	-1.282e+07	-0.9977	-44.933	0.09023
308.001	1.2989e+07	-1.306e+07	-1.0052	-45.149	0.08968
309.001	1.2800e+07	-1.328e+07	-1.0371	-46.044	0.08893
310.001	1.2947e+07	-1.370e+07	-1.0579	-46.612	0.08841
311.001	1.2926e+07	-1.364e+07	-1.0556	-46.548	0.08773
312.001	1.2838e+07	-1.367e+07	-1.0647	-46.796	0.08705
313.001	1.2744e+07	-1.382e+07	-1.0843	-47.316	0.08637
314.001	1.2680e+07	-1.412e+07	-1.1136	-48.077	0.08575
315.001	1.2643e+07	-1.424e+07	-1.1266	-48.407	0.08513
316.001	1.2780e+07	-1.439e+07	-1.1261	-48.395	0.08456
317.001	1.2329e+07	-1.454e+07	-1.1792	-49.700	0.08379
318.001	1.2420e+07	-1.469e+07	-1.1828	-49.788	0.08324
