Freq	E'	E"	tan_delta	PhaseAngle	strain
Hz	Pa	Pa	 	°	%
1.00000	1.0707e+05	10880.6	0.10162	5.803	0.49813
2.00000	1.0922e+05	11822.5	0.10825	6.178	0.49908
3.00000	1.1105e+05	13119.3	0.11814	6.738	0.50151
4.00000	1.1218e+05	14572.7	0.12990	7.401	0.50525
5.00000	1.1330e+05	15907.5	0.14040	7.992	0.51034
6.00000	1.1520e+05	17016.2	0.14772	8.403	0.51685
7.00000	1.1675e+05	17571.5	0.15050	8.559	0.52480
8.00000	1.1872e+05	18645.9	0.15706	8.926	0.53422
9.00000	1.2020e+05	19339.1	0.16089	9.140	0.54576
10.00000	1.2182e+05	20344.0	0.16700	9.481	0.55925
11.0000	1.2386e+05	19837.8	0.16016	9.099	0.57464
12.0000	1.2427e+05	22543.7	0.18141	10.282	0.50002
13.0000	1.2587e+05	22376.7	0.17778	10.081	0.51801
14.0000	1.2844e+05	22945.2	0.17864	10.129	0.53856
15.0000	1.3120e+05	23323.6	0.17777	10.080	0.56249
16.0000	1.3096e+05	24170.5	0.18456	10.457	0.50185
17.0000	1.3405e+05	24935.7	0.18602	10.538	0.53045
18.0000	1.3678e+05	24437.4	0.17866	10.130	0.56479
19.0000	1.3773e+05	25899.1	0.18804	10.649	0.50142
20.0000	1.4058e+05	25441.0	0.18098	10.258	0.54324
21.0000	1.4150e+05	25736.8	0.18188	10.308	0.50065
22.0000	1.4590e+05	25393.4	0.17405	9.873	0.55621
23.0000	1.4711e+05	26288.0	0.17870	10.132	0.50502
24.0000	1.5015e+05	26064.0	0.17358	9.848	0.50027
25.0000	1.5204e+05	25703.0	0.16905	9.595	0.50565
26.0000	1.5522e+05	25815.7	0.16632	9.443	0.50158
27.0000	1.5818e+05	26114.2	0.16509	9.375	0.51662
28.0000	1.6163e+05	24959.9	0.15442	8.778	0.52772
29.0000	1.6450e+05	25014.4	0.15207	8.646	0.51247
30.0000	1.6771e+05	24257.8	0.14464	8.230	0.51954
31.0000	1.7124e+05	24296.8	0.14189	8.076	0.51577
32.0000	1.7380e+05	23147.3	0.13318	7.586	0.50462
33.0000	1.7552e+05	21714.6	0.12372	7.053	0.50787
34.0000	1.8038e+05	20415.1	0.11318	6.457	0.50468
35.0000	1.8408e+05	20074.0	0.10905	6.224	0.50033
36.0000	1.8543e+05	19476.6	0.10503	5.996	0.50225
37.0000	1.8810e+05	18336.7	0.09748	5.568	0.43165
38.0000	1.9424e+05	16948.2	0.08725	4.987	0.50376
39.0000	1.9624e+05	16620.2	0.08469	4.841	0.44532
40.0000	1.9991e+05	14136.9	0.07072	4.045	0.50194
41.0000	2.0456e+05	12935.9	0.06324	3.618	0.45352
42.0000	2.0535e+05	11916.1	0.05803	3.321	0.50149
43.0000	2.0825e+05	10220.4	0.04908	2.810	0.45844
44.0000	2.1531e+05	8174.08	0.03796	2.174	0.50157
45.0000	2.1500e+05	8285.71	0.03854	2.207	0.46251
46.0000	2.1796e+05	5795.85	0.02659	1.523	0.42904
47.0000	2.2621e+05	3775.88	0.01669	0.956	0.50182
48.0000	2.2654e+05	5833.06	0.02575	1.475	0.46803
49.0000	2.2309e+05	5816.04	0.02607	1.493	0.43737
50.0000	2.3166e+05	6418.50	0.02771	1.587	0.50103
51.0000	2.3155e+05	8517.74	0.03679	2.107	0.47119
52.0000	2.3784e+05	13686.7	0.05755	3.293	0.44542
53.0000	2.5005e+05	17506.3	0.07001	4.005	0.49804
54.0000	2.5658e+05	25113.9	0.09788	5.590	0.47247
55.0000	2.7285e+05	30186.6	0.11064	6.313	0.45039
56.0000	2.9407e+05	31626.8	0.10755	6.138	0.43061
57.0000	3.1990e+05	22780.3	0.07121	4.073	0.50240
58.0000	3.2923e+05	11368.2	0.03453	1.978	0.47976
59.0000	3.4092e+05	-440.88	-0.0013	-0.074	0.45905
60.0000	3.5124e+05	-11449.	-0.0326	-1.867	0.43949
61.0000	3.7153e+05	-23805.	-0.0641	-3.666	0.50329
62.0000	3.7916e+05	-32751.	-0.0864	-4.937	0.48244
63.0000	3.7328e+05	-41161.	-0.1103	-6.292	0.46161
64.0000	3.8061e+05	-50406.	-0.1324	-7.544	0.44334
65.0000	3.7902e+05	-58764.	-0.1550	-8.813	0.42555
66.0000	4.0319e+05	-66428.	-0.1648	-9.356	0.50301
67.0000	4.0841e+05	-73366.	-0.1796	-10.184	0.48429
68.0000	3.9871e+05	-80689.	-0.2024	-11.441	0.46520
69.0000	4.0405e+05	-87067.	-0.2155	-12.161	0.44864
70.0000	4.1169e+05	-94950.	-0.2306	-12.987	0.43318
70.9999	4.3755e+05	-97640.	-0.2232	-12.579	0.50065
71.9999	4.4198e+05	-1.028e+05	-0.2327	-13.099	0.48367
72.9999	4.2455e+05	-1.083e+05	-0.2552	-14.316	0.46602
73.9999	4.2999e+05	-1.156e+05	-0.2687	-15.042	0.45102
74.9999	4.4337e+05	-1.197e+05	-0.2699	-15.104	0.43726
75.9999	4.8534e+05	-1.303e+05	-0.2685	-15.028	0.50309
76.9999	4.9699e+05	-1.389e+05	-0.2795	-15.615	0.48795
77.9999	4.7170e+05	-1.516e+05	-0.3214	-17.819	0.47122
78.9999	4.7223e+05	-1.563e+05	-0.3310	-18.314	0.45701
79.9999	4.7009e+05	-1.692e+05	-0.3599	-19.793	0.44321
80.9999	4.7800e+05	-1.744e+05	-0.3649	-20.045	0.43065
81.9999	5.3850e+05	-1.765e+05	-0.3277	-18.144	0.50276
82.9999	5.3603e+05	-1.831e+05	-0.3416	-18.858	0.48816
83.9999	4.8312e+05	-1.881e+05	-0.3894	-21.277	0.47159
84.9999	4.9878e+05	-1.850e+05	-0.3709	-20.349	0.45946
85.9999	5.0034e+05	-1.801e+05	-0.3600	-19.798	0.44707
86.9999	5.3163e+05	-1.764e+05	-0.3318	-18.355	0.43654
87.9999	5.5125e+05	-1.829e+05	-0.3317	-18.352	0.42588
89.0000	6.3933e+05	-2.032e+05	-0.3178	-17.630	0.50436
90.0000	6.4521e+05	-2.211e+05	-0.3427	-18.917	0.49156
91.0000	5.7703e+05	-2.368e+05	-0.4104	-22.313	0.47583
92.0000	5.9292e+05	-2.521e+05	-0.4252	-23.035	0.46476
93.0000	5.9346e+05	-2.504e+05	-0.4220	-22.878	0.45330
94.0000	6.2310e+05	-2.515e+05	-0.4036	-21.978	0.44344
95.0000	6.5334e+05	-2.498e+05	-0.3824	-20.925	0.43388
96.0000	7.3219e+05	-3.150e+05	-0.4302	-23.279	0.42640
97.0000	1.0265e+06	-7.611e+05	-0.7415	-36.557	0.50636
98.0000	2.9561e+05	52271.4	0.17683	10.028	0.46482
99.0000	4.8142e+05	-54055.	-0.1123	-6.406	0.46128
100.0000	7.5782e+05	-53414.	-0.0705	-4.032	0.46067
101.000	7.5256e+05	-6.441e+05	-0.8559	-40.562	0.45085
102.000	5.8338e+05	-3.692e+05	-0.6329	-32.330	0.43507
103.000	6.4276e+05	-2.839e+05	-0.4417	-23.830	0.42738
104.000	7.7926e+05	-2.803e+05	-0.3596	-19.781	0.50487
105.000	8.0196e+05	-2.733e+05	-0.3408	-18.819	0.49478
106.000	8.1087e+05	-2.480e+05	-0.3058	-17.003	0.48457
107.000	7.1848e+05	-2.238e+05	-0.3114	-17.299	0.47136
108.000	8.0975e+05	-2.275e+05	-0.2810	-15.695	0.46441
109.000	8.4586e+05	-2.583e+05	-0.3053	-16.979	0.45596
110.000	8.9656e+05	-2.912e+05	-0.3248	-17.995	0.44815
111.000	9.0010e+05	-3.134e+05	-0.3482	-19.196	0.43925
112.000	9.4619e+05	-3.151e+05	-0.3330	-18.417	0.43163
113.000	1.1335e+06	-3.167e+05	-0.2794	-15.610	0.50558
114.000	1.1611e+06	-3.099e+05	-0.2669	-14.944	0.49630
115.000	1.2317e+06	-3.139e+05	-0.2548	-14.296	0.48856
116.000	1.1024e+06	-3.590e+05	-0.3257	-18.038	0.47558
117.000	1.1371e+06	-4.000e+05	-0.3518	-19.379	0.46744
118.000	1.1709e+06	-4.208e+05	-0.3594	-19.768	0.45939
119.000	1.2413e+06	-4.564e+05	-0.3677	-20.189	0.45247
120.000	1.2549e+06	-5.192e+05	-0.4137	-22.477	0.44439
121.000	1.2636e+06	-5.660e+05	-0.4479	-24.127	0.43640
122.000	1.2920e+06	-6.085e+05	-0.4710	-25.221	0.42903
123.000	1.5387e+06	-6.359e+05	-0.4133	-22.454	0.50621
124.000	1.5704e+06	-6.721e+05	-0.4280	-23.170	0.49779
125.000	1.5756e+06	-7.048e+05	-0.4473	-24.100	0.48897
126.000	1.3389e+06	-7.548e+05	-0.5638	-29.413	0.47488
127.000	1.3379e+06	-7.875e+05	-0.5886	-30.480	0.46649
128.000	1.3641e+06	-8.158e+05	-0.5981	-30.884	0.45886
129.000	1.3538e+06	-8.460e+05	-0.6249	-32.002	0.45089
130.000	1.3448e+06	-8.695e+05	-0.6466	-32.886	0.44301
131.000	1.3690e+06	-8.955e+05	-0.6541	-33.190	0.43598
132.000	1.3646e+06	-9.218e+05	-0.6756	-34.041	0.42860
133.000	1.7356e+06	-9.362e+05	-0.5394	-28.342	0.50728
134.000	1.7470e+06	-9.480e+05	-0.5426	-28.485	0.48769
135.000	1.4208e+06	-1.006e+06	-0.7081	-35.301	0.47323
136.000	1.4086e+06	-9.969e+05	-0.7077	-35.287	0.46535
137.000	1.4507e+06	-9.897e+05	-0.6822	-34.303	0.45864
138.000	1.5088e+06	-1.025e+06	-0.6796	-34.198	0.45244
139.000	1.5182e+06	-1.072e+06	-0.7064	-35.236	0.44536
140.000	1.5489e+06	-1.112e+06	-0.7182	-35.686	0.43890
141.000	1.5516e+06	-1.157e+06	-0.7456	-36.708	0.43197
142.000	1.5750e+06	-1.184e+06	-0.7516	-36.929	0.42568
143.000	1.5688e+06	-1.211e+06	-0.7722	-37.675	0.41913
144.000	1.5588e+06	-1.233e+06	-0.7909	-38.341	0.41260
145.000	1.5855e+06	-1.254e+06	-0.7906	-38.330	0.40676
146.000	1.5764e+06	-1.276e+06	-0.8097	-38.997	0.40060
147.000	1.6016e+06	-1.290e+06	-0.8055	-38.851	0.39493
148.000	1.5929e+06	-1.304e+06	-0.8184	-39.297	0.38901
149.000	1.6191e+06	-1.316e+06	-0.8130	-39.110	0.38362
150.000	1.6110e+06	-1.320e+06	-0.8196	-39.338	0.37795
151.000	1.6140e+06	-1.318e+06	-0.8165	-39.231	0.37251
152.000	1.6545e+06	-1.324e+06	-0.8000	-38.658	0.36768
153.000	1.6754e+06	-1.332e+06	-0.7950	-38.483	0.36263
154.000	1.7185e+06	-1.357e+06	-0.7899	-38.306	0.35800
155.000	1.7212e+06	-1.375e+06	-0.7990	-38.624	0.35299
156.000	1.7569e+06	-1.390e+06	-0.7913	-38.354	0.34842
157.000	1.7530e+06	-1.395e+06	-0.7961	-38.522	0.34358
158.000	1.7823e+06	-1.393e+06	-0.7816	-38.012	0.33912
159.000	1.7860e+06	-1.376e+06	-0.7704	-37.611	0.33450
160.000	1.8022e+06	-1.356e+06	-0.7526	-36.964	0.33010
161.000	1.8607e+06	-1.350e+06	-0.7253	-35.952	0.32618
162.000	1.8891e+06	-1.332e+06	-0.7050	-35.186	0.32201
163.000	1.9782e+06	-1.319e+06	-0.6670	-33.703	0.31854
164.000	2.0352e+06	-1.334e+06	-0.6555	-33.243	0.31477
165.000	2.0236e+06	-1.329e+06	-0.6569	-33.299	0.31051
166.000	2.0952e+06	-1.318e+06	-0.6288	-32.163	0.30699
167.000	2.1843e+06	-1.307e+06	-0.5985	-30.899	0.30368
168.000	2.2152e+06	-1.303e+06	-0.5884	-30.470	0.30003
169.000	2.2990e+06	-1.324e+06	-0.5760	-29.943	0.29676
170.000	2.3718e+06	-1.330e+06	-0.5609	-29.289	0.29348
171.000	2.4448e+06	-1.305e+06	-0.5338	-28.094	0.29023
172.000	2.5114e+06	-1.256e+06	-0.4999	-26.561	0.28701
173.000	2.6551e+06	-1.252e+06	-0.4716	-25.248	0.28435
174.000	2.7848e+06	-1.272e+06	-0.4566	-24.542	0.28162
175.000	2.8438e+06	-1.287e+06	-0.4527	-24.356	0.27848
176.000	2.9885e+06	-1.305e+06	-0.4366	-23.584	0.27591
177.000	3.1598e+06	-1.345e+06	-0.4257	-23.057	0.27363
178.000	3.3172e+06	-1.363e+06	-0.4107	-22.330	0.27119
179.000	3.3893e+06	-1.457e+06	-0.4298	-23.260	0.26833
180.000	3.5196e+06	-1.574e+06	-0.4472	-24.094	0.26584
181.000	3.6351e+06	-1.696e+06	-0.4666	-25.012	0.26329
182.000	3.6589e+06	-1.849e+06	-0.5055	-26.816	0.26024
183.000	3.7383e+06	-1.971e+06	-0.5273	-27.804	0.25757
184.000	3.7908e+06	-2.084e+06	-0.5497	-28.797	0.25479
185.000	3.8258e+06	-2.199e+06	-0.5747	-29.888	0.25192
186.000	3.7830e+06	-2.307e+06	-0.6097	-31.371	0.24867
187.000	3.8306e+06	-2.395e+06	-0.6252	-32.015	0.24601
188.000	3.8487e+06	-2.473e+06	-0.6426	-32.727	0.24319
189.000	3.7839e+06	-2.574e+06	-0.6802	-34.223	0.24002
190.000	3.7863e+06	-2.621e+06	-0.6922	-34.691	0.23728
191.000	3.0990e+06	-2.761e+06	-0.8909	-41.697	0.23136
192.000	3.0993e+06	-2.761e+06	-0.8908	-41.696	0.22877
193.000	3.0536e+06	-2.768e+06	-0.9063	-42.187	0.22595
194.000	3.1129e+06	-2.793e+06	-0.8971	-41.895	0.22366
195.000	3.2094e+06	-2.786e+06	-0.8682	-40.965	0.22160
196.000	3.2077e+06	-2.842e+06	-0.8861	-41.544	0.21909
197.000	3.3077e+06	-2.898e+06	-0.8763	-41.228	0.21710
198.000	3.3736e+06	-2.974e+06	-0.8815	-41.396	0.21499
199.000	3.4563e+06	-3.060e+06	-0.8854	-41.522	0.21296
200.000	3.4348e+06	-3.147e+06	-0.9163	-42.500	0.21055
201.000	3.4784e+06	-3.233e+06	-0.9295	-42.908	0.20845
202.000	3.5207e+06	-3.318e+06	-0.9424	-43.302	0.20635
203.000	3.5627e+06	-3.409e+06	-0.9568	-43.736	0.20430
204.000	3.5139e+06	-3.480e+06	-0.9903	-44.722	0.20196
205.000	3.5634e+06	-3.591e+06	-1.0077	-45.221	0.20001
206.000	3.5708e+06	-3.641e+06	-1.0196	-45.556	0.19791
207.000	3.4804e+06	-3.713e+06	-1.0668	-46.851	0.19555
208.000	3.5017e+06	-3.768e+06	-1.0762	-47.102	0.19357
209.000	3.5030e+06	-3.822e+06	-1.0910	-47.491	0.19156
210.000	3.5252e+06	-3.859e+06	-1.0948	-47.591	0.18968
211.000	3.4393e+06	-3.892e+06	-1.1317	-48.536	0.18748
212.000	3.4796e+06	-3.933e+06	-1.1303	-48.500	0.18569
213.000	3.5177e+06	-3.971e+06	-1.1288	-48.461	0.18389
214.000	3.4516e+06	-4.000e+06	-1.1587	-49.205	0.18186
215.000	3.4551e+06	-4.022e+06	-1.1641	-49.337	0.18002
216.000	3.5009e+06	-4.039e+06	-1.1536	-49.079	0.17834
217.000	3.5264e+06	-4.096e+06	-1.1616	-49.276	0.17664
218.000	3.4445e+06	-4.063e+06	-1.1795	-49.707	0.17464
219.000	3.4748e+06	-4.041e+06	-1.1629	-49.307	0.17301
220.000	3.5318e+06	-4.031e+06	-1.1413	-48.775	0.17148
221.000	3.5546e+06	-4.019e+06	-1.1308	-48.512	0.16980
222.000	3.6744e+06	-4.051e+06	-1.1026	-47.792	0.16843
223.000	3.7440e+06	-4.135e+06	-1.1044	-47.840	0.16703
224.000	3.8550e+06	-4.187e+06	-1.0862	-47.367	0.16566
225.000	3.7954e+06	-4.252e+06	-1.1202	-48.246	0.16395
226.000	3.8190e+06	-4.305e+06	-1.1273	-48.426	0.16244
227.000	3.8739e+06	-4.283e+06	-1.1056	-47.872	0.16099
228.000	3.8420e+06	-4.341e+06	-1.1300	-48.492	0.15942
229.000	3.9054e+06	-4.370e+06	-1.1190	-48.215	0.15805
230.000	3.9824e+06	-4.432e+06	-1.1130	-48.060	0.15673
231.000	4.0690e+06	-4.496e+06	-1.1050	-47.855	0.15545
232.000	4.0258e+06	-4.576e+06	-1.1367	-48.660	0.15391
233.000	4.0743e+06	-4.653e+06	-1.1420	-48.793	0.15258
234.000	4.0788e+06	-4.718e+06	-1.1567	-49.155	0.15119
235.000	4.0035e+06	-4.786e+06	-1.1953	-50.084	0.14967
236.000	4.0057e+06	-4.846e+06	-1.2099	-50.426	0.14830
237.000	4.0128e+06	-4.873e+06	-1.2145	-50.532	0.14698
238.000	4.0056e+06	-4.913e+06	-1.2266	-50.812	0.14568
239.000	3.8878e+06	-4.922e+06	-1.2659	-51.694	0.14409
240.000	3.8805e+06	-4.933e+06	-1.2712	-51.808	0.14280
241.000	3.8789e+06	-4.921e+06	-1.2686	-51.752	0.14153
242.000	3.7278e+06	-4.864e+06	-1.3048	-52.534	0.14001
243.000	3.7123e+06	-4.905e+06	-1.3214	-52.882	0.13877
244.000	3.7097e+06	-4.843e+06	-1.3054	-52.547	0.13756
245.000	3.6831e+06	-4.792e+06	-1.3011	-52.455	0.13628
246.000	3.5461e+06	-4.702e+06	-1.3259	-52.976	0.13487
247.000	3.5359e+06	-4.628e+06	-1.3088	-52.619	0.13368
248.000	3.4402e+06	-4.498e+06	-1.3076	-52.592	0.13239
249.000	3.2673e+06	-4.300e+06	-1.3162	-52.774	0.13097
250.000	3.2016e+06	-4.096e+06	-1.2794	-51.989	0.12973
251.000	3.1643e+06	-3.871e+06	-1.2234	-50.738	0.12858
252.000	3.1432e+06	-3.551e+06	-1.1299	-48.489	0.12740
253.000	3.0397e+06	-3.063e+06	-1.0078	-45.223	0.12617
254.000	3.0818e+06	-2.565e+06	-0.8323	-39.771	0.12509
255.000	3.2386e+06	-2.025e+06	-0.6254	-32.022	0.12418
256.000	3.5554e+06	-1.379e+06	-0.3880	-21.205	0.12348
257.000	3.9110e+06	-5.030e+05	-0.1286	-7.328	0.12275
258.000	4.6587e+06	2.5805e+05	0.05539	3.170	0.12255
259.000	5.8636e+06	8.0730e+05	0.13768	7.839	0.12291
260.000	7.0647e+06	1.0025e+06	0.14190	8.076	0.12335
261.000	8.2287e+06	9.5827e+05	0.11646	6.642	0.12371
262.000	9.2587e+06	6.9827e+05	0.07542	4.313	0.12399
263.000	1.0170e+07	1.8889e+05	0.01857	1.064	0.12414
264.000	1.0872e+07	-4.469e+05	-0.0411	-2.354	0.12407
265.000	1.1437e+07	-1.048e+06	-0.0917	-5.238	0.12380
266.000	1.1851e+07	-1.698e+06	-0.1432	-8.151	0.12332
267.000	1.2095e+07	-2.405e+06	-0.1989	-11.247	0.12266
268.000	1.2271e+07	-3.050e+06	-0.2485	-13.957	0.12189
269.000	1.2425e+07	-3.473e+06	-0.2795	-15.618	0.12111
270.000	1.2466e+07	-3.985e+06	-0.3197	-17.728	0.12014
271.000	1.2460e+07	-4.505e+06	-0.3616	-19.879	0.11921
272.000	1.2402e+07	-4.827e+06	-0.3892	-21.268	0.11815
273.000	1.2375e+07	-5.178e+06	-0.4184	-22.703	0.11712
274.000	1.2223e+07	-5.488e+06	-0.4490	-24.181	0.11598
275.000	1.2193e+07	-5.695e+06	-0.4671	-25.035	0.11500
276.000	1.2196e+07	-6.020e+06	-0.4936	-26.271	0.11408
277.000	1.2161e+07	-6.176e+06	-0.5079	-26.925	0.11311
278.000	1.1989e+07	-6.375e+06	-0.5317	-28.001	0.11200
279.000	1.1972e+07	-6.523e+06	-0.5449	-28.584	0.11107
280.000	1.2071e+07	-6.583e+06	-0.5453	-28.605	0.11027
281.000	1.1937e+07	-6.700e+06	-0.5613	-29.304	0.10925
282.000	1.2072e+07	-6.766e+06	-0.5605	-29.269	0.10846
283.000	1.2133e+07	-6.867e+06	-0.5660	-29.508	0.10767
284.000	1.2241e+07	-7.036e+06	-0.5748	-29.892	0.10690
285.000	1.2304e+07	-7.208e+06	-0.5859	-30.365	0.10611
286.000	1.2345e+07	-7.160e+06	-0.5800	-30.113	0.10530
287.000	1.0508e+07	-7.658e+06	-0.7288	-36.084	0.10291
288.001	1.2246e+07	-7.257e+06	-0.5926	-30.651	0.10355
289.001	1.2773e+07	-7.728e+06	-0.6050	-31.173	0.10322
290.001	1.0831e+07	-8.012e+06	-0.7397	-36.491	0.10080
291.001	-2.394e+07	-6.255e+06	0.26130	194.644	0.10468
292.001	1.1024e+07	-8.380e+06	-0.7602	-37.243	0.09944
293.001	1.1118e+07	-8.511e+06	-0.7655	-37.434	0.09872
294.001	1.1446e+07	-8.842e+06	-0.7725	-37.686	0.09826
295.001	1.1209e+07	-9.011e+06	-0.8039	-38.794	0.09733
296.001	1.1326e+07	-9.159e+06	-0.8087	-38.963	0.09669
297.001	1.1468e+07	-9.440e+06	-0.8232	-39.461	0.09605
298.001	1.1626e+07	-9.241e+06	-0.7949	-38.480	0.09544
299.001	1.1440e+07	-9.726e+06	-0.8502	-40.371	0.09462
300.001	1.3628e+07	-9.470e+06	-0.6949	-34.795	0.09547
301.001	1.1532e+07	-9.968e+06	-0.8643	-40.837	0.09327
302.001	1.1304e+07	-1.061e+07	-0.9382	-43.173	0.09246
303.001	1.1485e+07	-1.026e+07	-0.8931	-41.768	0.09187
304.001	1.1760e+07	-1.045e+07	-0.8882	-41.613	0.09140
305.001	1.1659e+07	-1.067e+07	-0.9151	-42.462	0.09067
306.001	1.4213e+07	-1.016e+07	-0.7149	-35.562	0.09166
307.001	1.1559e+07	-1.091e+07	-0.9437	-43.342	0.08928
308.001	1.1656e+07	-1.107e+07	-0.9494	-43.512	0.08869
309.001	1.1652e+07	-1.134e+07	-0.9732	-44.222	0.08808
310.001	1.1481e+07	-1.123e+07	-0.9782	-44.368	0.08732
311.001	1.1735e+07	-1.145e+07	-0.9760	-44.303	0.08686
312.001	1.1853e+07	-1.183e+07	-0.9977	-44.935	0.08632
313.001	1.1367e+07	-1.164e+07	-1.0238	-45.674	0.08539
314.001	1.1761e+07	-1.188e+07	-1.0101	-45.289	0.08504
315.001	1.1748e+07	-1.215e+07	-1.0342	-45.963	0.08443
316.001	1.1967e+07	-1.216e+07	-1.0160	-45.454	0.08395
317.001	1.1741e+07	-1.236e+07	-1.0529	-46.475	0.08325
318.001	1.1713e+07	-1.249e+07	-1.0662	-46.834	0.08263
