2.000000e+000 1.679769e-005 0.000000e+000 3.395134e-008 0.000000e+000 1.935037e+003
4.000000e+000 1.680799e-005 0.000000e+000 3.397217e-008 0.000000e+000 1.935237e+003
6.000000e+000 1.682519e-005 0.000000e+000 3.400697e-008 0.000000e+000 1.935363e+003
8.000000e+000 1.684934e-005 0.000000e+000 3.405580e-008 0.000000e+000 1.935496e+003
1.000000e+001 1.688049e-005 0.000000e+000 3.411880e-008 0.000000e+000 1.935640e+003
1.200000e+001 1.691872e-005 0.000000e+000 3.419612e-008 0.000000e+000 1.935808e+003
1.400000e+001 1.696414e-005 0.000000e+000 3.428798e-008 0.000000e+000 1.936009e+003
1.600000e+001 1.701687e-005 0.000000e+000 3.439461e-008 0.000000e+000 1.936237e+003
1.800000e+001 1.707703e-005 0.000000e+000 3.451629e-008 0.000000e+000 1.936495e+003
2.000000e+001 1.714480e-005 0.000000e+000 3.465335e-008 0.000000e+000 1.936781e+003
2.200000e+001 1.722036e-005 0.000000e+000 3.480616e-008 0.000000e+000 1.937107e+003
2.400000e+001 1.730391e-005 0.000000e+000 3.497513e-008 0.000000e+000 1.937454e+003
2.600000e+001 1.739568e-005 0.000000e+000 3.516073e-008 0.000000e+000 1.937837e+003
2.800000e+001 1.749594e-005 0.000000e+000 3.536349e-008 0.000000e+000 1.938243e+003
3.000000e+001 1.760496e-005 0.000000e+000 3.558399e-008 0.000000e+000 1.938680e+003
3.200000e+001 1.772308e-005 0.000000e+000 3.582287e-008 0.000000e+000 1.939148e+003
3.400000e+001 1.785064e-005 0.000000e+000 3.608085e-008 0.000000e+000 1.939646e+003
3.600000e+001 1.798802e-005 0.000000e+000 3.635870e-008 0.000000e+000 1.940175e+003
3.800000e+001 1.813566e-005 0.000000e+000 3.665728e-008 0.000000e+000 1.940735e+003
4.000000e+001 1.829402e-005 0.000000e+000 3.697756e-008 0.000000e+000 1.941325e+003
4.200000e+001 1.846362e-005 0.000000e+000 3.732057e-008 0.000000e+000 1.941947e+003
4.400000e+001 1.864504e-005 0.000000e+000 3.768746e-008 0.000000e+000 1.942600e+003
4.600000e+001 1.883888e-005 0.000000e+000 3.807950e-008 0.000000e+000 1.943284e+003
4.800000e+001 1.904585e-005 0.000000e+000 3.849807e-008 0.000000e+000 1.943998e+003
5.000000e+001 1.926669e-005 0.000000e+000 3.894471e-008 0.000000e+000 1.944746e+003
5.200000e+001 1.950225e-005 0.000000e+000 3.942111e-008 0.000000e+000 1.945523e+003
5.400000e+001 1.975344e-005 0.000000e+000 3.992912e-008 0.000000e+000 1.946334e+003
5.600000e+001 2.002128e-005 0.000000e+000 4.047081e-008 0.000000e+000 1.947176e+003
5.800000e+001 2.030689e-005 0.000000e+000 4.104845e-008 0.000000e+000 1.948050e+003
6.000000e+001 2.061153e-005 0.000000e+000 4.166456e-008 0.000000e+000 1.948957e+003
6.200000e+001 2.093659e-005 0.000000e+000 4.232195e-008 0.000000e+000 1.949895e+003
6.400000e+001 2.128359e-005 0.000000e+000 4.302375e-008 0.000000e+000 1.950868e+003
6.600000e+001 2.165428e-005 0.000000e+000 4.377343e-008 0.000000e+000 1.951872e+003
6.800000e+001 2.205056e-005 0.000000e+000 4.457488e-008 0.000000e+000 1.952910e+003
7.000000e+001 2.247461e-005 0.000000e+000 4.543249e-008 0.000000e+000 1.953980e+003
7.200000e+001 2.292885e-005 0.000000e+000 4.635116e-008 0.000000e+000 1.955084e+003
7.400000e+001 2.341603e-005 0.000000e+000 4.733644e-008 0.000000e+000 1.956221e+003
7.600000e+001 2.393924e-005 0.000000e+000 4.839460e-008 0.000000e+000 1.957392e+003
7.800000e+001 2.450203e-005 0.000000e+000 4.953280e-008 0.000000e+000 1.958597e+003
8.000000e+001 2.510843e-005 0.000000e+000 5.075920e-008 0.000000e+000 1.959837e+003
8.200000e+001 2.576305e-005 0.000000e+000 5.208311e-008 0.000000e+000 1.961111e+003
8.400000e+001 2.647120e-005 0.000000e+000 5.351529e-008 0.000000e+000 1.962420e+003
8.600000e+001 2.723904e-005 0.000000e+000 5.506820e-008 0.000000e+000 1.963764e+003
8.800000e+001 2.807372e-005 0.000000e+000 5.675628e-008 0.000000e+000 1.965142e+003
9.000000e+001 2.898363e-005 0.000000e+000 5.859650e-008 0.000000e+000 1.966557e+003
9.200000e+001 2.997861e-005 0.000000e+000 6.060878e-008 0.000000e+000 1.968007e+003
9.400000e+001 3.107037e-005 0.000000e+000 6.281679e-008 0.000000e+000 1.969494e+003
9.600000e+001 3.227287e-005 0.000000e+000 6.524875e-008 0.000000e+000 1.971017e+003
9.800000e+001 3.360293e-005 0.000000e+000 6.793869e-008 0.000000e+000 1.972576e+003
1.000000e+002 3.508099e-005 0.000000e+000 7.092795e-008 0.000000e+000 1.974173e+003
1.020000e+002 3.673214e-005 0.000000e+000 7.426729e-008 0.000000e+000 1.975807e+003
1.040000e+002 3.858754e-005 0.000000e+000 7.801971e-008 0.000000e+000 1.977478e+003
1.060000e+002 4.068632e-005 0.000000e+000 8.226434e-008 0.000000e+000 1.979187e+003
1.080000e+002 4.307836e-005 0.000000e+000 8.710206e-008 0.000000e+000 1.980935e+003
1.100000e+002 4.582818e-005 0.000000e+000 9.266336e-008 0.000000e+000 1.982722e+003
1.120000e+002 4.902083e-005 0.000000e+000 9.912025e-008 0.000000e+000 1.984547e+003
1.140000e+002 5.277066e-005 0.000000e+000 1.067040e-007 0.000000e+000 1.986412e+003
1.160000e+002 5.723523e-005 0.000000e+000 1.157333e-007 0.000000e+000 1.988317e+003
1.180000e+002 6.263765e-005 0.000000e+000 1.266593e-007 0.000000e+000 1.990262e+003
1.200000e+002 6.930503e-005 0.000000e+000 1.401436e-007 0.000000e+000 1.992248e+003
1.220000e+002 7.773649e-005 0.000000e+000 1.571956e-007 0.000000e+000 1.994274e+003
1.240000e+002 8.873363e-005 0.000000e+000 1.794365e-007 0.000000e+000 1.996342e+003
1.260000e+002 1.036712e-004 0.000000e+000 2.096466e-007 0.000000e+000 1.998453e+003
1.280000e+002 1.251188e-004 0.000000e+000 2.530228e-007 0.000000e+000 2.000605e+003
1.300000e+002 1.585032e-004 0.000000e+000 3.205402e-007 0.000000e+000 2.002800e+003
1.320000e+002 2.176019e-004 0.000000e+000 4.400629e-007 0.000000e+000 2.005039e+003
1.340000e+002 3.506592e-004 0.000000e+000 7.091617e-007 0.000000e+000 2.007321e+003
1.360000e+002 9.281019e-004 0.000000e+000 1.876997e-006 0.000000e+000 2.009648e+003
1.380000e+002 -1.374402e-003 0.000000e+000 -2.779647e-006 0.000000e+000 2.012019e+003
1.400000e+002 -3.900766e-004 0.000000e+000 -7.889219e-007 0.000000e+000 2.014436e+003
1.420000e+002 -2.256915e-004 0.000000e+000 -4.564651e-007 0.000000e+000 2.016899e+003
1.440000e+002 -1.579901e-004 0.000000e+000 -3.195440e-007 0.000000e+000 2.019408e+003
1.460000e+002 -1.210674e-004 0.000000e+000 -2.448707e-007 0.000000e+000 2.021964e+003
1.480000e+002 -9.782648e-005 0.000000e+000 -1.978676e-007 0.000000e+000 2.024568e+003
1.500000e+002 -8.185532e-005 0.000000e+000 -1.655671e-007 0.000000e+000 2.027220e+003
1.520000e+002 -7.020681e-005 0.000000e+000 -1.420089e-007 0.000000e+000 2.029920e+003
1.540000e+002 -6.133711e-005 0.000000e+000 -1.240705e-007 0.000000e+000 2.032670e+003
1.560000e+002 -5.435942e-005 0.000000e+000 -1.099587e-007 0.000000e+000 2.035471e+003
1.580000e+002 -4.872802e-005 0.000000e+000 -9.856961e-008 0.000000e+000 2.038321e+003
1.600000e+002 -4.408839e-005 0.000000e+000 -8.918628e-008 0.000000e+000 2.041225e+003
1.620000e+002 -4.020070e-005 0.000000e+000 -8.132372e-008 0.000000e+000 2.044178e+003
1.640000e+002 -3.689642e-005 0.000000e+000 -7.464107e-008 0.000000e+000 2.047186e+003
1.660000e+002 -3.405399e-005 0.000000e+000 -6.889246e-008 0.000000e+000 2.050247e+003
1.680000e+002 -3.158342e-005 0.000000e+000 -6.389591e-008 0.000000e+000 2.053362e+003
1.700000e+002 -2.941659e-005 0.000000e+000 -5.951366e-008 0.000000e+000 2.056533e+003
1.720000e+002 -2.750110e-005 0.000000e+000 -5.563972e-008 0.000000e+000 2.059759e+003
1.740000e+002 -2.579596e-005 0.000000e+000 -5.219120e-008 0.000000e+000 2.063041e+003
1.760000e+002 -2.426854e-005 0.000000e+000 -4.910210e-008 0.000000e+000 2.066382e+003
1.780000e+002 -2.289271e-005 0.000000e+000 -4.631959e-008 0.000000e+000 2.069781e+003
1.800000e+002 -2.164716e-005 0.000000e+000 -4.380055e-008 0.000000e+000 2.073239e+003
1.820000e+002 -2.051441e-005 0.000000e+000 -4.150966e-008 0.000000e+000 2.076758e+003
1.840000e+002 -1.947999e-005 0.000000e+000 -3.941762e-008 0.000000e+000 2.080337e+003
1.860000e+002 -1.853177e-005 0.000000e+000 -3.749992e-008 0.000000e+000 2.083979e+003
1.880000e+002 -1.765954e-005 0.000000e+000 -3.573590e-008 0.000000e+000 2.087682e+003
1.900000e+002 -1.685461e-005 0.000000e+000 -3.410799e-008 0.000000e+000 2.091452e+003
1.920000e+002 -1.610964e-005 0.000000e+000 -3.260134e-008 0.000000e+000 2.095285e+003
1.940000e+002 -1.541823e-005 0.000000e+000 -3.120302e-008 0.000000e+000 2.099185e+003
1.960000e+002 -1.477491e-005 0.000000e+000 -2.990196e-008 0.000000e+000 2.103152e+003
1.980000e+002 -1.417492e-005 0.000000e+000 -2.868851e-008 0.000000e+000 2.107187e+003
2.000000e+002 -1.361408e-005 0.000000e+000 -2.755426e-008 0.000000e+000 2.111291e+003
2.020000e+002 -1.308876e-005 0.000000e+000 -2.649183e-008 0.000000e+000 2.115467e+003
2.040000e+002 -1.259575e-005 0.000000e+000 -2.549476e-008 0.000000e+000 2.119714e+003
2.060000e+002 -1.213221e-005 0.000000e+000 -2.455728e-008 0.000000e+000 2.124034e+003
2.080000e+002 -1.169564e-005 0.000000e+000 -2.367435e-008 0.000000e+000 2.128428e+003
2.100000e+002 -1.128379e-005 0.000000e+000 -2.284141e-008 0.000000e+000 2.132898e+003
2.120000e+002 -1.089466e-005 0.000000e+000 -2.205444e-008 0.000000e+000 2.137444e+003
2.140000e+002 -1.052646e-005 0.000000e+000 -2.130978e-008 0.000000e+000 2.142070e+003
2.160000e+002 -1.017759e-005 0.000000e+000 -2.060423e-008 0.000000e+000 2.146775e+003
2.180000e+002 -9.846610e-006 0.000000e+000 -1.993484e-008 0.000000e+000 2.151562e+003
2.200000e+002 -9.532203e-006 0.000000e+000 -1.929897e-008 0.000000e+000 2.156429e+003
2.220000e+002 -9.233169e-006 0.000000e+000 -1.869420e-008 0.000000e+000 2.161384e+003
2.240000e+002 -8.948459e-006 0.000000e+000 -1.811839e-008 0.000000e+000 2.166422e+003
2.260000e+002 -8.677072e-006 0.000000e+000 -1.756954e-008 0.000000e+000 2.171550e+003
2.280000e+002 -8.418130e-006 0.000000e+000 -1.704585e-008 0.000000e+000 2.176766e+003
2.300000e+002 -8.170830e-006 0.000000e+000 -1.654570e-008 0.000000e+000 2.182071e+003
2.320000e+002 -7.934395e-006 0.000000e+000 -1.606753e-008 0.000000e+000 2.187471e+003
2.340000e+002 -7.708168e-006 0.000000e+000 -1.561000e-008 0.000000e+000 2.192965e+003
2.360000e+002 -7.491506e-006 0.000000e+000 -1.517182e-008 0.000000e+000 2.198556e+003
2.380000e+002 -7.283836e-006 0.000000e+000 -1.475183e-008 0.000000e+000 2.204245e+003
2.400000e+002 -7.084628e-006 0.000000e+000 -1.434894e-008 0.000000e+000 2.210034e+003
2.420000e+002 -6.893391e-006 0.000000e+000 -1.396218e-008 0.000000e+000 2.215924e+003
2.440000e+002 -6.709660e-006 0.000000e+000 -1.359060e-008 0.000000e+000 2.221920e+003
2.460000e+002 -6.533019e-006 0.000000e+000 -1.323336e-008 0.000000e+000 2.228023e+003
2.480000e+002 -6.363076e-006 0.000000e+000 -1.288966e-008 0.000000e+000 2.234234e+003
2.500000e+002 -6.199468e-006 0.000000e+000 -1.255878e-008 0.000000e+000 2.240557e+003
2.520000e+002 -6.041858e-006 0.000000e+000 -1.224002e-008 0.000000e+000 2.246993e+003
2.540000e+002 -5.889929e-006 0.000000e+000 -1.193276e-008 0.000000e+000 2.253546e+003
2.560000e+002 -5.743390e-006 0.000000e+000 -1.163640e-008 0.000000e+000 2.260217e+003
2.580000e+002 -5.601966e-006 0.000000e+000 -1.135038e-008 0.000000e+000 2.267009e+003
2.600000e+002 -5.465401e-006 0.000000e+000 -1.107419e-008 0.000000e+000 2.273926e+003
2.620000e+002 -5.333456e-006 0.000000e+000 -1.080734e-008 0.000000e+000 2.280970e+003
2.640000e+002 -5.205907e-006 0.000000e+000 -1.054938e-008 0.000000e+000 2.288143e+003
2.660000e+002 -5.082542e-006 0.000000e+000 -1.029989e-008 0.000000e+000 2.295449e+003
2.680000e+002 -4.963167e-006 0.000000e+000 -1.005846e-008 0.000000e+000 2.302890e+003
2.700000e+002 -4.847594e-006 0.000000e+000 -9.824724e-009 0.000000e+000 2.310471e+003
2.720000e+002 -4.735649e-006 0.000000e+000 -9.598326e-009 0.000000e+000 2.318194e+003
2.740000e+002 -4.627169e-006 0.000000e+000 -9.378934e-009 0.000000e+000 2.326062e+003
2.760000e+002 -4.521998e-006 0.000000e+000 -9.166234e-009 0.000000e+000 2.334080e+003
2.780000e+002 -4.419991e-006 0.000000e+000 -8.959936e-009 0.000000e+000 2.342251e+003
2.800000e+002 -4.321011e-006 0.000000e+000 -8.759757e-009 0.000000e+000 2.350578e+003
2.820000e+002 -4.224928e-006 0.000000e+000 -8.565437e-009 0.000000e+000 2.359066e+003
2.840000e+002 -4.131619e-006 0.000000e+000 -8.376728e-009 0.000000e+000 2.367718e+003
2.860000e+002 -4.040967e-006 0.000000e+000 -8.193393e-009 0.000000e+000 2.376539e+003
2.880000e+002 -3.952864e-006 0.000000e+000 -8.015212e-009 0.000000e+000 2.385534e+003
2.900000e+002 -3.867205e-006 0.000000e+000 -7.841974e-009 0.000000e+000 2.394705e+003
2.920000e+002 -3.783890e-006 0.000000e+000 -7.673479e-009 0.000000e+000 2.404059e+003
2.940000e+002 -3.702827e-006 0.000000e+000 -7.509537e-009 0.000000e+000 2.413600e+003
2.960000e+002 -3.623927e-006 0.000000e+000 -7.349969e-009 0.000000e+000 2.423333e+003
2.980000e+002 -3.547106e-006 0.000000e+000 -7.194605e-009 0.000000e+000 2.433263e+003
3.000000e+002 -3.472282e-006 0.000000e+000 -7.043282e-009 0.000000e+000 2.443395e+003
3.020000e+002 -3.399381e-006 0.000000e+000 -6.895846e-009 0.000000e+000 2.453735e+003
3.040000e+002 -3.328328e-006 0.000000e+000 -6.752149e-009 0.000000e+000 2.464290e+003
3.060000e+002 -3.259056e-006 0.000000e+000 -6.612053e-009 0.000000e+000 2.475064e+003
3.080000e+002 -3.191498e-006 0.000000e+000 -6.475423e-009 0.000000e+000 2.486065e+003
3.100000e+002 -3.125590e-006 0.000000e+000 -6.342132e-009 0.000000e+000 2.497298e+003
3.120000e+002 -3.061275e-006 0.000000e+000 -6.212060e-009 0.000000e+000 2.508771e+003
3.140000e+002 -2.998493e-006 0.000000e+000 -6.085091e-009 0.000000e+000 2.520490e+003
3.160000e+002 -2.937191e-006 0.000000e+000 -5.961114e-009 0.000000e+000 2.532462e+003
3.180000e+002 -2.877316e-006 0.000000e+000 -5.840023e-009 0.000000e+000 2.544696e+003
3.200000e+002 -2.818818e-006 0.000000e+000 -5.721718e-009 0.000000e+000 2.557200e+003
3.220000e+002 -2.761650e-006 0.000000e+000 -5.606101e-009 0.000000e+000 2.569981e+003
3.240000e+002 -2.705766e-006 0.000000e+000 -5.493082e-009 0.000000e+000 2.583048e+003
3.260000e+002 -2.651122e-006 0.000000e+000 -5.382571e-009 0.000000e+000 2.596409e+003
3.280000e+002 -2.597676e-006 0.000000e+000 -5.274483e-009 0.000000e+000 2.610076e+003
3.300000e+002 -2.545388e-006 0.000000e+000 -5.168737e-009 0.000000e+000 2.624057e+003
3.320000e+002 -2.494221e-006 0.000000e+000 -5.065256e-009 0.000000e+000 2.638361e+003
3.340000e+002 -2.444135e-006 0.000000e+000 -4.963964e-009 0.000000e+000 2.653002e+003
3.360000e+002 -2.395097e-006 0.000000e+000 -4.864790e-009 0.000000e+000 2.667988e+003
3.380000e+002 -2.347072e-006 0.000000e+000 -4.767666e-009 0.000000e+000 2.683331e+003
3.400000e+002 -2.300027e-006 0.000000e+000 -4.672524e-009 0.000000e+000 2.699045e+003
3.420000e+002 -2.253932e-006 0.000000e+000 -4.579303e-009 0.000000e+000 2.715141e+003
3.440000e+002 -2.208755e-006 0.000000e+000 -4.487939e-009 0.000000e+000 2.731634e+003
3.460000e+002 -2.164468e-006 0.000000e+000 -4.398374e-009 0.000000e+000 2.748536e+003
3.480000e+002 -2.121043e-006 0.000000e+000 -4.310554e-009 0.000000e+000 2.765863e+003
3.500000e+002 -2.078453e-006 0.000000e+000 -4.224421e-009 0.000000e+000 2.783630e+003
3.520000e+002 -2.036673e-006 0.000000e+000 -4.139925e-009 0.000000e+000 2.801852e+003
3.540000e+002 -1.995676e-006 0.000000e+000 -4.057015e-009 0.000000e+000 2.820547e+003
3.560000e+002 -1.955439e-006 0.000000e+000 -3.975642e-009 0.000000e+000 2.839734e+003
3.580000e+002 -1.915939e-006 0.000000e+000 -3.895759e-009 0.000000e+000 2.859430e+003
3.600000e+002 -1.877153e-006 0.000000e+000 -3.817320e-009 0.000000e+000 2.879654e+003
3.620000e+002 -1.839060e-006 0.000000e+000 -3.740284e-009 0.000000e+000 2.900428e+003
3.640000e+002 -1.801639e-006 0.000000e+000 -3.664607e-009 0.000000e+000 2.921773e+003
3.660000e+002 -1.764870e-006 0.000000e+000 -3.590247e-009 0.000000e+000 2.943713e+003
3.680000e+002 -1.728734e-006 0.000000e+000 -3.517167e-009 0.000000e+000 2.966272e+003
3.700000e+002 -1.693210e-006 0.000000e+000 -3.445327e-009 0.000000e+000 2.989474e+003
3.720000e+002 -1.658283e-006 0.000000e+000 -3.374692e-009 0.000000e+000 3.013348e+003
3.740000e+002 -1.623933e-006 0.000000e+000 -3.305226e-009 0.000000e+000 3.037921e+003
3.760000e+002 -1.590144e-006 0.000000e+000 -3.236893e-009 0.000000e+000 3.063225e+003
3.780000e+002 -1.556899e-006 0.000000e+000 -3.169663e-009 0.000000e+000 3.089289e+003
3.800000e+002 -1.524183e-006 0.000000e+000 -3.103500e-009 0.000000e+000 3.116150e+003
3.820000e+002 -1.491979e-006 0.000000e+000 -3.038375e-009 0.000000e+000 3.143842e+003
3.840000e+002 -1.460274e-006 0.000000e+000 -2.974258e-009 0.000000e+000 3.172403e+003
3.860000e+002 -1.429052e-006 0.000000e+000 -2.911118e-009 0.000000e+000 3.201875e+003
3.880000e+002 -1.398299e-006 0.000000e+000 -2.848927e-009 0.000000e+000 3.232300e+003
3.900000e+002 -1.368002e-006 0.000000e+000 -2.787659e-009 0.000000e+000 3.263723e+003
3.920000e+002 -1.338148e-006 0.000000e+000 -2.727285e-009 0.000000e+000 3.296195e+003
3.940000e+002 -1.308723e-006 0.000000e+000 -2.667780e-009 0.000000e+000 3.329767e+003
3.960000e+002 -1.279715e-006 0.000000e+000 -2.609120e-009 0.000000e+000 3.364492e+003
3.980000e+002 -1.251112e-006 0.000000e+000 -2.551277e-009 0.000000e+000 3.400435e+003
4.000000e+002 -1.222902e-006 0.000000e+000 -2.494230e-009 0.000000e+000 3.437654e+003
4.020000e+002 -1.195074e-006 0.000000e+000 -2.437955e-009 0.000000e+000 3.476220e+003
4.040000e+002 -1.167616e-006 0.000000e+000 -2.382429e-009 0.000000e+000 3.516206e+003
4.060000e+002 -1.140517e-006 0.000000e+000 -2.327630e-009 0.000000e+000 3.557690e+003
4.080000e+002 -1.113768e-006 0.000000e+000 -2.273537e-009 0.000000e+000 3.600757e+003
4.100000e+002 -1.087357e-006 0.000000e+000 -2.220129e-009 0.000000e+000 3.645494e+003
4.120000e+002 -1.061274e-006 0.000000e+000 -2.167385e-009 0.000000e+000 3.692005e+003
4.140000e+002 -1.035510e-006 0.000000e+000 -2.115286e-009 0.000000e+000 3.740391e+003
4.160000e+002 -1.010055e-006 0.000000e+000 -2.063812e-009 0.000000e+000 3.790768e+003
4.180000e+002 -9.848993e-007 0.000000e+000 -2.012945e-009 0.000000e+000 3.843259e+003
4.200000e+002 -9.600342e-007 0.000000e+000 -1.962665e-009 0.000000e+000 3.897999e+003
4.220000e+002 -9.354505e-007 0.000000e+000 -1.912954e-009 0.000000e+000 3.955134e+003
4.240000e+002 -9.111396e-007 0.000000e+000 -1.863796e-009 0.000000e+000 4.014824e+003
4.260000e+002 -8.870928e-007 0.000000e+000 -1.815172e-009 0.000000e+000 4.077240e+003
4.280000e+002 -8.633015e-007 0.000000e+000 -1.767065e-009 0.000000e+000 4.142573e+003
4.300000e+002 -8.397585e-007 0.000000e+000 -1.719460e-009 0.000000e+000 4.211027e+003
4.320000e+002 -8.164543e-007 0.000000e+000 -1.672339e-009 0.000000e+000 4.282835e+003
4.340000e+002 -7.933823e-007 0.000000e+000 -1.625689e-009 0.000000e+000 4.358240e+003
4.360000e+002 -7.705337e-007 0.000000e+000 -1.579490e-009 0.000000e+000 4.437524e+003
4.380000e+002 -7.479017e-007 0.000000e+000 -1.533730e-009 0.000000e+000 4.520988e+003
4.400000e+002 -7.254781e-007 0.000000e+000 -1.488393e-009 0.000000e+000 4.608971e+003
4.420000e+002 -7.032566e-007 0.000000e+000 -1.443464e-009 0.000000e+000 4.701842e+003
4.440000e+002 -6.812284e-007 0.000000e+000 -1.398927e-009 0.000000e+000 4.800028e+003
4.460000e+002 -6.593877e-007 0.000000e+000 -1.354771e-009 0.000000e+000 4.903986e+003
4.480000e+002 -6.377274e-007 0.000000e+000 -1.310980e-009 0.000000e+000 5.014239e+003
4.500000e+002 -6.162398e-007 0.000000e+000 -1.267539e-009 0.000000e+000 5.131378e+003
4.520000e+002 -5.949183e-007 0.000000e+000 -1.224435e-009 0.000000e+000 5.256065e+003
4.540000e+002 -5.737560e-007 0.000000e+000 -1.181654e-009 0.000000e+000 5.389051e+003
4.560000e+002 -5.527469e-007 0.000000e+000 -1.139185e-009 0.000000e+000 5.531183e+003
4.580000e+002 -5.318841e-007 0.000000e+000 -1.097013e-009 0.000000e+000 5.683436e+003
4.600000e+002 -5.111602e-007 0.000000e+000 -1.055123e-009 0.000000e+000 5.846936e+003
4.620000e+002 -4.905696e-007 0.000000e+000 -1.013504e-009 0.000000e+000 6.022961e+003
4.640000e+002 -4.701053e-007 0.000000e+000 -9.721433e-010 0.000000e+000 6.213010e+003
4.660000e+002 -4.497610e-007 0.000000e+000 -9.310272e-010 0.000000e+000 6.418822e+003
4.680000e+002 -4.295302e-007 0.000000e+000 -8.901432e-010 0.000000e+000 6.642436e+003
4.700000e+002 -4.094064e-007 0.000000e+000 -8.494782e-010 0.000000e+000 6.886262e+003
4.720000e+002 -3.893829e-007 0.000000e+000 -8.090197e-010 0.000000e+000 7.153164e+003
4.740000e+002 -3.694533e-007 0.000000e+000 -7.687548e-010 0.000000e+000 7.446573e+003
4.760000e+002 -3.496109e-007 0.000000e+000 -7.286706e-010 0.000000e+000 7.770637e+003
4.780000e+002 -3.298489e-007 0.000000e+000 -6.887543e-010 0.000000e+000 8.130417e+003
4.800000e+002 -3.101604e-007 0.000000e+000 -6.489929e-010 0.000000e+000 8.532152e+003
4.820000e+002 -2.905382e-007 0.000000e+000 -6.093728e-010 0.000000e+000 8.983627e+003
4.840000e+002 -2.709749e-007 0.000000e+000 -5.698807e-010 0.000000e+000 9.494677e+003
4.860000e+002 -2.514624e-007 0.000000e+000 -5.305024e-010 0.000000e+000 1.007792e+004
4.880000e+002 -2.319924e-007 0.000000e+000 -4.912235e-010 0.000000e+000 1.074978e+004
4.900000e+002 -2.125554e-007 0.000000e+000 -4.520283e-010 0.000000e+000 1.153213e+004
4.920000e+002 -1.931405e-007 0.000000e+000 -4.129000e-010 0.000000e+000 1.245463e+004
4.940000e+002 -1.737349e-007 0.000000e+000 -3.738196e-010 0.000000e+000 1.355861e+004
4.960000e+002 -1.543227e-007 0.000000e+000 -3.347652e-010 0.000000e+000 1.490347e+004
4.980000e+002 -1.348821e-007 0.000000e+000 -2.957092e-010 0.000000e+000 1.657763e+004
5.000000e+002 -1.153821e-007 0.000000e+000 -2.566146e-010 0.000000e+000 1.871888e+004
5.020000e+002 -9.577262e-008 0.000000e+000 -2.174259e-010 0.000000e+000 2.155435e+004
5.040000e+002 -7.596373e-008 0.000000e+000 -1.780485e-010 0.000000e+000 2.548686e+004
5.060000e+002 -5.576622e-008 0.000000e+000 -1.382902e-010 0.000000e+000 3.130564e+004
5.080000e+002 -3.468243e-008 0.000000e+000 -9.765613e-011 0.000000e+000 4.079585e+004
5.100000e+002 -1.078327e-008 0.000000e+000 -5.424499e-011 0.000000e+000 5.903322e+004
5.120000e+002 3.859706e-008 0.000000e+000 1.425132e-011 0.000000e+000 1.084471e+005
5.140000e+002 -7.639029e-008 0.000000e+000 -3.428244e-011 0.000000e+000 7.393161e+005
5.160000e+002 2.612336e-008 0.000000e+000 4.209934e-011 0.000000e+000 -1.499222e+005
5.180000e+002 4.906017e-008 0.000000e+000 8.464742e-011 0.000000e+000 -6.733307e+004
5.200000e+002 7.002487e-008 0.000000e+000 1.253394e-010 0.000000e+000 -4.311040e+004
5.220000e+002 9.033871e-008 0.000000e+000 1.654558e-010 0.000000e+000 -3.153668e+004
5.240000e+002 1.103855e-007 0.000000e+000 2.053766e-010 0.000000e+000 -2.475549e+004
5.260000e+002 1.303214e-007 0.000000e+000 2.452614e-010 0.000000e+000 -2.030071e+004
5.280000e+002 1.502247e-007 0.000000e+000 2.851942e-010 0.000000e+000 -1.715050e+004
5.300000e+002 1.701411e-007 0.000000e+000 3.252277e-010 0.000000e+000 -1.480500e+004
5.320000e+002 1.901006e-007 0.000000e+000 3.653994e-010 0.000000e+000 -1.299083e+004
5.340000e+002 2.101250e-007 0.000000e+000 4.057392e-010 0.000000e+000 -1.154583e+004
5.360000e+002 2.302318e-007 0.000000e+000 4.462727e-010 0.000000e+000 -1.036774e+004
5.380000e+002 2.504357e-007 0.000000e+000 4.870234e-010 0.000000e+000 -9.388867e+003
5.400000e+002 2.707499e-007 0.000000e+000 5.280132e-010 0.000000e+000 -8.562629e+003
5.420000e+002 2.911865e-007 0.000000e+000 5.692635e-010 0.000000e+000 -7.855917e+003
5.440000e+002 3.117572e-007 0.000000e+000 6.107954e-010 0.000000e+000 -7.244551e+003
5.460000e+002 3.324734e-007 0.000000e+000 6.526301e-010 0.000000e+000 -6.710462e+003
5.480000e+002 3.533464e-007 0.000000e+000 6.947890e-010 0.000000e+000 -6.239874e+003
5.500000e+002 3.743875e-007 0.000000e+000 7.372938e-010 0.000000e+000 -5.822103e+003
5.520000e+002 3.956082e-007 0.000000e+000 7.801666e-010 0.000000e+000 -5.448733e+003
5.540000e+002 4.170199e-007 0.000000e+000 8.234303e-010 0.000000e+000 -5.113047e+003
5.560000e+002 4.386347e-007 0.000000e+000 8.671082e-010 0.000000e+000 -4.809616e+003
5.580000e+002 4.604646e-007 0.000000e+000 9.112247e-010 0.000000e+000 -4.534009e+003
5.600000e+002 4.825224e-007 0.000000e+000 9.558045e-010 0.000000e+000 -4.282568e+003
5.620000e+002 5.048209e-007 0.000000e+000 1.000874e-009 0.000000e+000 -4.052249e+003
5.640000e+002 5.273733e-007 0.000000e+000 1.046459e-009 0.000000e+000 -3.840505e+003
5.660000e+002 5.501939e-007 0.000000e+000 1.092588e-009 0.000000e+000 -3.645172e+003
5.680000e+002 5.732969e-007 0.000000e+000 1.139290e-009 0.000000e+000 -3.464418e+003
5.700000e+002 5.966969e-007 0.000000e+000 1.186595e-009 0.000000e+000 -3.296672e+003
5.720000e+002 6.204102e-007 0.000000e+000 1.234534e-009 0.000000e+000 -3.140578e+003
5.740000e+002 6.444527e-007 0.000000e+000 1.283141e-009 0.000000e+000 -2.994964e+003
5.760000e+002 6.688411e-007 0.000000e+000 1.332448e-009 0.000000e+000 -2.858813e+003
5.780000e+002 6.935934e-007 0.000000e+000 1.382492e-009 0.000000e+000 -2.731229e+003
5.800000e+002 7.187283e-007 0.000000e+000 1.433311e-009 0.000000e+000 -2.611430e+003
5.820000e+002 7.442644e-007 0.000000e+000 1.484942e-009 0.000000e+000 -2.498729e+003
5.840000e+002 7.702229e-007 0.000000e+000 1.537428e-009 0.000000e+000 -2.392509e+003
5.860000e+002 7.966251e-007 0.000000e+000 1.590812e-009 0.000000e+000 -2.292230e+003
5.880000e+002 8.234925e-007 0.000000e+000 1.645138e-009 0.000000e+000 -2.197408e+003
5.900000e+002 8.508497e-007 0.000000e+000 1.700455e-009 0.000000e+000 -2.107608e+003
5.920000e+002 8.787207e-007 0.000000e+000 1.756812e-009 0.000000e+000 -2.022445e+003
5.940000e+002 9.071321e-007 0.000000e+000 1.814262e-009 0.000000e+000 -1.941567e+003
5.960000e+002 9.361105e-007 0.000000e+000 1.872860e-009 0.000000e+000 -1.864660e+003
5.980000e+002 9.656861e-007 0.000000e+000 1.932666e-009 0.000000e+000 -1.791439e+003
6.000000e+002 9.958887e-007 0.000000e+000 1.993740e-009 0.000000e+000 -1.721646e+003
6.020000e+002 1.026751e-006 0.000000e+000 2.056149e-009 0.000000e+000 -1.655046e+003
6.040000e+002 1.058307e-006 0.000000e+000 2.119962e-009 0.000000e+000 -1.591424e+003
6.060000e+002 1.090594e-006 0.000000e+000 2.185252e-009 0.000000e+000 -1.530586e+003
6.080000e+002 1.123650e-006 0.000000e+000 2.252098e-009 0.000000e+000 -1.472353e+003
6.100000e+002 1.157515e-006 0.000000e+000 2.320582e-009 0.000000e+000 -1.416563e+003
6.120000e+002 1.192234e-006 0.000000e+000 2.390793e-009 0.000000e+000 -1.363064e+003
6.140000e+002 1.227852e-006 0.000000e+000 2.462823e-009 0.000000e+000 -1.311718e+003
6.160000e+002 1.264420e-006 0.000000e+000 2.536774e-009 0.000000e+000 -1.262399e+003
6.180000e+002 1.301991e-006 0.000000e+000 2.612752e-009 0.000000e+000 -1.214989e+003
6.200000e+002 1.340619e-006 0.000000e+000 2.690870e-009 0.000000e+000 -1.169378e+003
6.220000e+002 1.380366e-006 0.000000e+000 2.771251e-009 0.000000e+000 -1.125468e+003
6.240000e+002 1.421296e-006 0.000000e+000 2.854025e-009 0.000000e+000 -1.083164e+003
6.260000e+002 1.463478e-006 0.000000e+000 2.939331e-009 0.000000e+000 -1.042381e+003
6.280000e+002 1.506987e-006 0.000000e+000 3.027321e-009 0.000000e+000 -1.003038e+003
6.300000e+002 1.551902e-006 0.000000e+000 3.118155e-009 0.000000e+000 -9.650594e+002
6.320000e+002 1.598310e-006 0.000000e+000 3.212008e-009 0.000000e+000 -9.283763e+002
6.340000e+002 1.646302e-006 0.000000e+000 3.309067e-009 0.000000e+000 -8.929235e+002
6.360000e+002 1.695981e-006 0.000000e+000 3.409536e-009 0.000000e+000 -8.586400e+002
6.380000e+002 1.747454e-006 0.000000e+000 3.513633e-009 0.000000e+000 -8.254692e+002
6.400000e+002 1.800838e-006 0.000000e+000 3.621597e-009 0.000000e+000 -7.933578e+002
6.420000e+002 1.856261e-006 0.000000e+000 3.733684e-009 0.000000e+000 -7.622560e+002
6.440000e+002 1.913862e-006 0.000000e+000 3.850177e-009 0.000000e+000 -7.321166e+002
6.460000e+002 1.973793e-006 0.000000e+000 3.971380e-009 0.000000e+000 -7.028961e+002
6.480000e+002 2.036217e-006 0.000000e+000 4.097628e-009 0.000000e+000 -6.745527e+002
6.500000e+002 2.101317e-006 0.000000e+000 4.229286e-009 0.000000e+000 -6.470478e+002
6.520000e+002 2.169289e-006 0.000000e+000 4.366754e-009 0.000000e+000 -6.203447e+002
6.540000e+002 2.240351e-006 0.000000e+000 4.510472e-009 0.000000e+000 -5.944089e+002
6.560000e+002 2.314743e-006 0.000000e+000 4.660925e-009 0.000000e+000 -5.692076e+002
6.580000e+002 2.392729e-006 0.000000e+000 4.818647e-009 0.000000e+000 -5.447101e+002
6.600000e+002 2.474603e-006 0.000000e+000 4.984231e-009 0.000000e+000 -5.208874e+002
6.620000e+002 2.560687e-006 0.000000e+000 5.158331e-009 0.000000e+000 -4.977120e+002
6.640000e+002 2.651345e-006 0.000000e+000 5.341681e-009 0.000000e+000 -4.751577e+002
6.660000e+002 2.746978e-006 0.000000e+000 5.535095e-009 0.000000e+000 -4.532000e+002
6.680000e+002 2.848040e-006 0.000000e+000 5.739486e-009 0.000000e+000 -4.318154e+002
6.700000e+002 2.955036e-006 0.000000e+000 5.955881e-009 0.000000e+000 -4.109818e+002
6.720000e+002 3.068539e-006 0.000000e+000 6.185436e-009 0.000000e+000 -3.906781e+002
6.740000e+002 3.189196e-006 0.000000e+000 6.429459e-009 0.000000e+000 -3.708842e+002
6.760000e+002 3.317741e-006 0.000000e+000 6.689437e-009 0.000000e+000 -3.515812e+002
6.780000e+002 3.455014e-006 0.000000e+000 6.967066e-009 0.000000e+000 -3.327510e+002
6.800000e+002 3.601975e-006 0.000000e+000 7.264289e-009 0.000000e+000 -3.143764e+002
6.820000e+002 3.759730e-006 0.000000e+000 7.583345e-009 0.000000e+000 -2.964410e+002
6.840000e+002 3.929561e-006 0.000000e+000 7.926822e-009 0.000000e+000 -2.789292e+002
6.860000e+002 4.112958e-006 0.000000e+000 8.297737e-009 0.000000e+000 -2.618260e+002
6.880000e+002 4.311666e-006 0.000000e+000 8.699620e-009 0.000000e+000 -2.451173e+002
6.900000e+002 4.527744e-006 0.000000e+000 9.136633e-009 0.000000e+000 -2.287895e+002
6.920000e+002 4.763634e-006 0.000000e+000 9.613715e-009 0.000000e+000 -2.128297e+002
6.940000e+002 5.022259e-006 0.000000e+000 1.013678e-008 0.000000e+000 -1.972255e+002
6.960000e+002 5.307138e-006 0.000000e+000 1.071294e-008 0.000000e+000 -1.819651e+002
6.980000e+002 5.622567e-006 0.000000e+000 1.135089e-008 0.000000e+000 -1.670371e+002
7.000000e+002 5.973822e-006 0.000000e+000 1.206130e-008 0.000000e+000 -1.524308e+002
7.020000e+002 6.367468e-006 0.000000e+000 1.285744e-008 0.000000e+000 -1.381358e+002
7.040000e+002 6.811784e-006 0.000000e+000 1.375606e-008 0.000000e+000 -1.241421e+002
7.060000e+002 7.317339e-006 0.000000e+000 1.477854e-008 0.000000e+000 -1.104402e+002
7.080000e+002 7.897871e-006 0.000000e+000 1.595266e-008 0.000000e+000 -9.702109e+001
7.100000e+002 8.571549e-006 0.000000e+000 1.731516e-008 0.000000e+000 -8.387594e+001
7.120000e+002 9.362928e-006 0.000000e+000 1.891572e-008 0.000000e+000 -7.099638e+001
7.140000e+002 1.030602e-005 0.000000e+000 2.082311e-008 0.000000e+000 -5.837431e+001
7.160000e+002 1.144934e-005 0.000000e+000 2.313547e-008 0.000000e+000 -4.600204e+001
7.180000e+002 1.286455e-005 0.000000e+000 2.599770e-008 0.000000e+000 -3.387213e+001
7.200000e+002 1.466210e-005 0.000000e+000 2.963324e-008 0.000000e+000 -2.197742e+001
7.220000e+002 1.702169e-005 0.000000e+000 3.440549e-008 0.000000e+000 -1.031105e+001
7.240000e+002 2.025649e-005 0.000000e+000 4.094784e-008 0.000000e+000 1.133595e+000
7.260000e+002 2.496540e-005 0.000000e+000 5.047156e-008 0.000000e+000 1.236287e+001
7.280000e+002 3.245518e-005 0.000000e+000 6.561959e-008 0.000000e+000 2.338289e+001
7.300000e+002 4.622492e-005 0.000000e+000 9.346877e-008 0.000000e+000 3.419954e+001
7.320000e+002 7.988492e-005 0.000000e+000 1.615459e-007 0.000000e+000 4.481851e+001
7.340000e+002 2.887292e-004 0.000000e+000 5.839319e-007 0.000000e+000 5.524528e+001
7.360000e+002 -1.807512e-004 0.000000e+000 -3.655887e-007 0.000000e+000 6.548512e+001
7.380000e+002 -6.909980e-005 0.000000e+000 -1.397746e-007 0.000000e+000 7.554311e+001
7.400000e+002 -4.281443e-005 0.000000e+000 -8.661263e-008 0.000000e+000 8.542413e+001
7.420000e+002 -3.106671e-005 0.000000e+000 -6.285296e-008 0.000000e+000 9.513295e+001
7.440000e+002 -2.440795e-005 0.000000e+000 -4.938567e-008 0.000000e+000 1.046742e+002
7.460000e+002 -2.011960e-005 0.000000e+000 -4.071252e-008 0.000000e+000 1.140521e+002
7.480000e+002 -1.712676e-005 0.000000e+000 -3.465953e-008 0.000000e+000 1.232711e+002
7.500000e+002 -1.491914e-005 0.000000e+000 -3.019462e-008 0.000000e+000 1.323352e+002
7.520000e+002 -1.322331e-005 0.000000e+000 -2.676483e-008 0.000000e+000 1.412484e+002
7.540000e+002 -1.187961e-005 0.000000e+000 -2.404721e-008 0.000000e+000 1.500147e+002
7.560000e+002 -1.078854e-005 0.000000e+000 -2.184053e-008 0.000000e+000 1.586376e+002
7.580000e+002 -9.884860e-006 0.000000e+000 -2.001285e-008 0.000000e+000 1.671207e+002
7.600000e+002 -9.124010e-006 0.000000e+000 -1.847404e-008 0.000000e+000 1.754676e+002
7.620000e+002 -8.474525e-006 0.000000e+000 -1.716047e-008 0.000000e+000 1.836817e+002
7.640000e+002 -7.913554e-006 0.000000e+000 -1.602591e-008 0.000000e+000 1.917661e+002
7.660000e+002 -7.424099e-006 0.000000e+000 -1.503599e-008 0.000000e+000 1.997241e+002
7.680000e+002 -6.993240e-006 0.000000e+000 -1.416459e-008 0.000000e+000 2.075588e+002
7.700000e+002 -6.611016e-006 0.000000e+000 -1.339155e-008 0.000000e+000 2.152729e+002
7.720000e+002 -6.269583e-006 0.000000e+000 -1.270100e-008 0.000000e+000 2.228695e+002
7.740000e+002 -5.962709e-006 0.000000e+000 -1.208036e-008 0.000000e+000 2.303513e+002
7.760000e+002 -5.685368e-006 0.000000e+000 -1.151944e-008 0.000000e+000 2.377210e+002
7.780000e+002 -5.433464e-006 0.000000e+000 -1.100997e-008 0.000000e+000 2.449813e+002
7.800000e+002 -5.203624e-006 0.000000e+000 -1.054512e-008 0.000000e+000 2.521346e+002
7.820000e+002 -4.993049e-006 0.000000e+000 -1.011924e-008 0.000000e+000 2.591835e+002
7.840000e+002 -4.799393e-006 0.000000e+000 -9.727571e-009 0.000000e+000 2.661303e+002
7.860000e+002 -4.620675e-006 0.000000e+000 -9.366119e-009 0.000000e+000 2.729774e+002
7.880000e+002 -4.455217e-006 0.000000e+000 -9.031484e-009 0.000000e+000 2.797269e+002
7.900000e+002 -4.301578e-006 0.000000e+000 -8.720752e-009 0.000000e+000 2.863811e+002
7.920000e+002 -4.158521e-006 0.000000e+000 -8.431424e-009 0.000000e+000 2.929421e+002
7.940000e+002 -4.024976e-006 0.000000e+000 -8.161332e-009 0.000000e+000 2.994120e+002
7.960000e+002 -3.900013e-006 0.000000e+000 -7.908599e-009 0.000000e+000 3.057927e+002
7.980000e+002 -3.782819e-006 0.000000e+000 -7.671578e-009 0.000000e+000 3.120863e+002
8.000000e+002 -3.672681e-006 0.000000e+000 -7.448827e-009 0.000000e+000 3.182946e+002
8.020000e+002 -3.568971e-006 0.000000e+000 -7.239077e-009 0.000000e+000 3.244194e+002
8.040000e+002 -3.471134e-006 0.000000e+000 -7.041203e-009 0.000000e+000 3.304626e+002
8.060000e+002 -3.378674e-006 0.000000e+000 -6.854208e-009 0.000000e+000 3.364259e+002
8.080000e+002 -3.291155e-006 0.000000e+000 -6.677203e-009 0.000000e+000 3.423110e+002
8.100000e+002 -3.208182e-006 0.000000e+000 -6.509394e-009 0.000000e+000 3.481196e+002
8.120000e+002 -3.129404e-006 0.000000e+000 -6.350068e-009 0.000000e+000 3.538532e+002
8.140000e+002 -3.054505e-006 0.000000e+000 -6.198587e-009 0.000000e+000 3.595134e+002
8.160000e+002 -2.983197e-006 0.000000e+000 -6.054371e-009 0.000000e+000 3.651018e+002
8.180000e+002 -2.915225e-006 0.000000e+000 -5.916901e-009 0.000000e+000 3.706198e+002
8.200000e+002 -2.850355e-006 0.000000e+000 -5.785704e-009 0.000000e+000 3.760688e+002
8.220000e+002 -2.788373e-006 0.000000e+000 -5.660348e-009 0.000000e+000 3.814504e+002
8.240000e+002 -2.729087e-006 0.000000e+000 -5.540446e-009 0.000000e+000 3.867658e+002
8.260000e+002 -2.672320e-006 0.000000e+000 -5.425638e-009 0.000000e+000 3.920163e+002
8.280000e+002 -2.617911e-006 0.000000e+000 -5.315598e-009 0.000000e+000 3.972035e+002
8.300000e+002 -2.565712e-006 0.000000e+000 -5.210029e-009 0.000000e+000 4.023283e+002
8.320000e+002 -2.515588e-006 0.000000e+000 -5.108656e-009 0.000000e+000 4.073922e+002
8.340000e+002 -2.467415e-006 0.000000e+000 -5.011228e-009 0.000000e+000 4.123962e+002
8.360000e+002 -2.421076e-006 0.000000e+000 -4.917511e-009 0.000000e+000 4.173417e+002
8.380000e+002 -2.376467e-006 0.000000e+000 -4.827292e-009 0.000000e+000 4.222296e+002
8.400000e+002 -2.333489e-006 0.000000e+000 -4.740372e-009 0.000000e+000 4.270613e+002
8.420000e+002 -2.292052e-006 0.000000e+000 -4.656568e-009 0.000000e+000 4.318377e+002
8.440000e+002 -2.252072e-006 0.000000e+000 -4.575711e-009 0.000000e+000 4.365600e+002
8.460000e+002 -2.213471e-006 0.000000e+000 -4.497643e-009 0.000000e+000 4.412291e+002
8.480000e+002 -2.176176e-006 0.000000e+000 -4.422217e-009 0.000000e+000 4.458462e+002
8.500000e+002 -2.140120e-006 0.000000e+000 -4.349297e-009 0.000000e+000 4.504121e+002
8.520000e+002 -2.105241e-006 0.000000e+000 -4.278756e-009 0.000000e+000 4.549279e+002
8.540000e+002 -2.071479e-006 0.000000e+000 -4.210476e-009 0.000000e+000 4.593945e+002
8.560000e+002 -2.038780e-006 0.000000e+000 -4.144345e-009 0.000000e+000 4.638129e+002
8.580000e+002 -2.007093e-006 0.000000e+000 -4.080260e-009 0.000000e+000 4.681840e+002
8.600000e+002 -1.976369e-006 0.000000e+000 -4.018125e-009 0.000000e+000 4.725085e+002
8.620000e+002 -1.946565e-006 0.000000e+000 -3.957848e-009 0.000000e+000 4.767874e+002
8.640000e+002 -1.917637e-006 0.000000e+000 -3.899343e-009 0.000000e+000 4.810217e+002
8.660000e+002 -1.889545e-006 0.000000e+000 -3.842532e-009 0.000000e+000 4.852120e+002
8.680000e+002 -1.862254e-006 0.000000e+000 -3.787338e-009 0.000000e+000 4.893592e+002
8.700000e+002 -1.835727e-006 0.000000e+000 -3.733690e-009 0.000000e+000 4.934642e+002
8.720000e+002 -1.809932e-006 0.000000e+000 -3.681523e-009 0.000000e+000 4.975275e+002
8.740000e+002 -1.784838e-006 0.000000e+000 -3.630772e-009 0.000000e+000 5.015501e+002
8.760000e+002 -1.760415e-006 0.000000e+000 -3.581379e-009 0.000000e+000 5.055328e+002
8.780000e+002 -1.736636e-006 0.000000e+000 -3.533288e-009 0.000000e+000 5.094760e+002
8.800000e+002 -1.713474e-006 0.000000e+000 -3.486446e-009 0.000000e+000 5.133806e+002
8.820000e+002 -1.690904e-006 0.000000e+000 -3.440801e-009 0.000000e+000 5.172475e+002
8.840000e+002 -1.668904e-006 0.000000e+000 -3.396308e-009 0.000000e+000 5.210771e+002
8.860000e+002 -1.647450e-006 0.000000e+000 -3.352921e-009 0.000000e+000 5.248701e+002
8.880000e+002 -1.626522e-006 0.000000e+000 -3.310596e-009 0.000000e+000 5.286274e+002
8.900000e+002 -1.606101e-006 0.000000e+000 -3.269296e-009 0.000000e+000 5.323492e+002
8.920000e+002 -1.586165e-006 0.000000e+000 -3.228980e-009 0.000000e+000 5.360366e+002
8.940000e+002 -1.566699e-006 0.000000e+000 -3.189613e-009 0.000000e+000 5.396899e+002
8.960000e+002 -1.547685e-006 0.000000e+000 -3.151159e-009 0.000000e+000 5.433098e+002
8.980000e+002 -1.529106e-006 0.000000e+000 -3.113585e-009 0.000000e+000 5.468970e+002
9.000000e+002 -1.510947e-006 0.000000e+000 -3.076861e-009 0.000000e+000 5.504518e+002
9.020000e+002 -1.493192e-006 0.000000e+000 -3.040955e-009 0.000000e+000 5.539752e+002
9.040000e+002 -1.475829e-006 0.000000e+000 -3.005842e-009 0.000000e+000 5.574673e+002
9.060000e+002 -1.458844e-006 0.000000e+000 -2.971491e-009 0.000000e+000 5.609290e+002
9.080000e+002 -1.442223e-006 0.000000e+000 -2.937878e-009 0.000000e+000 5.643605e+002
9.100000e+002 -1.425955e-006 0.000000e+000 -2.904979e-009 0.000000e+000 5.677625e+002
9.120000e+002 -1.410028e-006 0.000000e+000 -2.872768e-009 0.000000e+000 5.711358e+002
9.140000e+002 -1.394430e-006 0.000000e+000 -2.841225e-009 0.000000e+000 5.744804e+002
9.160000e+002 -1.379152e-006 0.000000e+000 -2.810327e-009 0.000000e+000 5.777971e+002
9.180000e+002 -1.364182e-006 0.000000e+000 -2.780053e-009 0.000000e+000 5.810863e+002
9.200000e+002 -1.349511e-006 0.000000e+000 -2.750385e-009 0.000000e+000 5.843486e+002
9.220000e+002 -1.335130e-006 0.000000e+000 -2.721301e-009 0.000000e+000 5.875844e+002
9.240000e+002 -1.321030e-006 0.000000e+000 -2.692786e-009 0.000000e+000 5.907940e+002
9.260000e+002 -1.307202e-006 0.000000e+000 -2.664822e-009 0.000000e+000 5.939778e+002
9.280000e+002 -1.293638e-006 0.000000e+000 -2.637390e-009 0.000000e+000 5.971369e+002
9.300000e+002 -1.280329e-006 0.000000e+000 -2.610477e-009 0.000000e+000 6.002710e+002
9.320000e+002 -1.267269e-006 0.000000e+000 -2.584066e-009 0.000000e+000 6.033808e+002
9.340000e+002 -1.254451e-006 0.000000e+000 -2.558142e-009 0.000000e+000 6.064668e+002
9.360000e+002 -1.241866e-006 0.000000e+000 -2.532692e-009 0.000000e+000 6.095292e+002
9.380000e+002 -1.229508e-006 0.000000e+000 -2.507702e-009 0.000000e+000 6.125687e+002
9.400000e+002 -1.217372e-006 0.000000e+000 -2.483158e-009 0.000000e+000 6.155856e+002
9.420000e+002 -1.205450e-006 0.000000e+000 -2.459049e-009 0.000000e+000 6.185801e+002
9.440000e+002 -1.193736e-006 0.000000e+000 -2.435361e-009 0.000000e+000 6.215529e+002
9.460000e+002 -1.182226e-006 0.000000e+000 -2.412084e-009 0.000000e+000 6.245042e+002
9.480000e+002 -1.170913e-006 0.000000e+000 -2.389206e-009 0.000000e+000 6.274343e+002
9.500000e+002 -1.159792e-006 0.000000e+000 -2.366716e-009 0.000000e+000 6.303438e+002
9.520000e+002 -1.148858e-006 0.000000e+000 -2.344605e-009 0.000000e+000 6.332327e+002
9.540000e+002 -1.138106e-006 0.000000e+000 -2.322861e-009 0.000000e+000 6.361017e+002
9.560000e+002 -1.127530e-006 0.000000e+000 -2.301475e-009 0.000000e+000 6.389511e+002
9.580000e+002 -1.117128e-006 0.000000e+000 -2.280439e-009 0.000000e+000 6.417811e+002
9.600000e+002 -1.106893e-006 0.000000e+000 -2.259742e-009 0.000000e+000 6.445920e+002
9.620000e+002 -1.096822e-006 0.000000e+000 -2.239376e-009 0.000000e+000 6.473847e+002
9.640000e+002 -1.086910e-006 0.000000e+000 -2.219332e-009 0.000000e+000 6.501589e+002
9.660000e+002 -1.077155e-006 0.000000e+000 -2.199605e-009 0.000000e+000 6.529148e+002
9.680000e+002 -1.067551e-006 0.000000e+000 -2.180182e-009 0.000000e+000 6.556535e+002
9.700000e+002 -1.058095e-006 0.000000e+000 -2.161061e-009 0.000000e+000 6.583745e+002
9.720000e+002 -1.048783e-006 0.000000e+000 -2.142230e-009 0.000000e+000 6.610787e+002
9.740000e+002 -1.039612e-006 0.000000e+000 -2.123684e-009 0.000000e+000 6.637662e+002
9.760000e+002 -1.030578e-006 0.000000e+000 -2.105416e-009 0.000000e+000 6.664371e+002
9.780000e+002 -1.021679e-006 0.000000e+000 -2.087420e-009 0.000000e+000 6.690920e+002
9.800000e+002 -1.012910e-006 0.000000e+000 -2.069688e-009 0.000000e+000 6.717310e+002
9.820000e+002 -1.004269e-006 0.000000e+000 -2.052215e-009 0.000000e+000 6.743545e+002
9.840000e+002 -9.957537e-007 0.000000e+000 -2.034995e-009 0.000000e+000 6.769629e+002
9.860000e+002 -9.873598e-007 0.000000e+000 -2.018021e-009 0.000000e+000 6.795563e+002
9.880000e+002 -9.790852e-007 0.000000e+000 -2.001288e-009 0.000000e+000 6.821351e+002
9.900000e+002 -9.709275e-007 0.000000e+000 -1.984792e-009 0.000000e+000 6.846992e+002
9.920000e+002 -9.628832e-007 0.000000e+000 -1.968525e-009 0.000000e+000 6.872496e+002
9.940000e+002 -9.549508e-007 0.000000e+000 -1.952485e-009 0.000000e+000 6.897856e+002
9.960000e+002 -9.471270e-007 0.000000e+000 -1.936664e-009 0.000000e+000 6.923084e+002
9.980000e+002 -9.394097e-007 0.000000e+000 -1.921059e-009 0.000000e+000 6.948177e+002
1.000000e+003 -9.317967e-007 0.000000e+000 -1.905664e-009 0.000000e+000 6.973139e+002
1.002000e+003 -9.242855e-007 0.000000e+000 -1.890475e-009 0.000000e+000 6.997974e+002
1.004000e+003 -9.168737e-007 0.000000e+000 -1.875488e-009 0.000000e+000 7.022686e+002
1.006000e+003 -9.095600e-007 0.000000e+000 -1.860698e-009 0.000000e+000 7.047270e+002
1.008000e+003 -9.023415e-007 0.000000e+000 -1.846102e-009 0.000000e+000 7.071736e+002
1.010000e+003 -8.952170e-007 0.000000e+000 -1.831695e-009 0.000000e+000 7.096081e+002
1.012000e+003 -8.881834e-007 0.000000e+000 -1.817473e-009 0.000000e+000 7.120314e+002
1.014000e+003 -8.812397e-007 0.000000e+000 -1.803432e-009 0.000000e+000 7.144433e+002
1.016000e+003 -8.743839e-007 0.000000e+000 -1.789569e-009 0.000000e+000 7.168440e+002
1.018000e+003 -8.676143e-007 0.000000e+000 -1.775880e-009 0.000000e+000 7.192337e+002
1.020000e+003 -8.609286e-007 0.000000e+000 -1.762361e-009 0.000000e+000 7.216130e+002
1.022000e+003 -8.543260e-007 0.000000e+000 -1.749010e-009 0.000000e+000 7.239816e+002
1.024000e+003 -8.478037e-007 0.000000e+000 -1.735822e-009 0.000000e+000 7.263404e+002
1.026000e+003 -8.413611e-007 0.000000e+000 -1.722794e-009 0.000000e+000 7.286891e+002
1.028000e+003 -8.349963e-007 0.000000e+000 -1.709924e-009 0.000000e+000 7.310279e+002
1.030000e+003 -8.287075e-007 0.000000e+000 -1.697208e-009 0.000000e+000 7.333574e+002
1.032000e+003 -8.224937e-007 0.000000e+000 -1.684644e-009 0.000000e+000 7.356774e+002
1.034000e+003 -8.163530e-007 0.000000e+000 -1.672227e-009 0.000000e+000 7.379886e+002
1.036000e+003 -8.102847e-007 0.000000e+000 -1.659957e-009 0.000000e+000 7.402904e+002
1.038000e+003 -8.042862e-007 0.000000e+000 -1.647828e-009 0.000000e+000 7.425842e+002
1.040000e+003 -7.983572e-007 0.000000e+000 -1.635839e-009 0.000000e+000 7.448693e+002
1.042000e+003 -7.924965e-007 0.000000e+000 -1.623989e-009 0.000000e+000 7.471458e+002
1.044000e+003 -7.867019e-007 0.000000e+000 -1.612272e-009 0.000000e+000 7.494148e+002
1.046000e+003 -7.809727e-007 0.000000e+000 -1.600688e-009 0.000000e+000 7.516758e+002
1.048000e+003 -7.753079e-007 0.000000e+000 -1.589233e-009 0.000000e+000 7.539292e+002
1.050000e+003 -7.697055e-007 0.000000e+000 -1.577906e-009 0.000000e+000 7.561755e+002
1.052000e+003 -7.641657e-007 0.000000e+000 -1.566704e-009 0.000000e+000 7.584141e+002
1.054000e+003 -7.586860e-007 0.000000e+000 -1.555625e-009 0.000000e+000 7.606461e+002
1.056000e+003 -7.532665e-007 0.000000e+000 -1.544667e-009 0.000000e+000 7.628709e+002
1.058000e+003 -7.479054e-007 0.000000e+000 -1.533827e-009 0.000000e+000 7.650891e+002
1.060000e+003 -7.426016e-007 0.000000e+000 -1.523103e-009 0.000000e+000 7.673012e+002
1.062000e+003 -7.373539e-007 0.000000e+000 -1.512492e-009 0.000000e+000 7.695074e+002
1.064000e+003 -7.321623e-007 0.000000e+000 -1.501995e-009 0.000000e+000 7.717071e+002
1.066000e+003 -7.270249e-007 0.000000e+000 -1.491608e-009 0.000000e+000 7.739011e+002
1.068000e+003 -7.219414e-007 0.000000e+000 -1.481329e-009 0.000000e+000 7.760893e+002
1.070000e+003 -7.169104e-007 0.000000e+000 -1.471157e-009 0.000000e+000 7.782721e+002
1.072000e+003 -7.119308e-007 0.000000e+000 -1.461089e-009 0.000000e+000 7.804499e+002
1.074000e+003 -7.070027e-007 0.000000e+000 -1.451125e-009 0.000000e+000 7.826222e+002
1.076000e+003 -7.021237e-007 0.000000e+000 -1.441260e-009 0.000000e+000 7.847904e+002
1.078000e+003 -6.972944e-007 0.000000e+000 -1.431496e-009 0.000000e+000 7.869533e+002
1.080000e+003 -6.925135e-007 0.000000e+000 -1.421830e-009 0.000000e+000 7.891116e+002
1.082000e+003 -6.877796e-007 0.000000e+000 -1.412258e-009 0.000000e+000 7.912662e+002
1.084000e+003 -6.830929e-007 0.000000e+000 -1.402783e-009 0.000000e+000 7.934160e+002
1.086000e+003 -6.784519e-007 0.000000e+000 -1.393399e-009 0.000000e+000 7.955622e+002
1.088000e+003 -6.738560e-007 0.000000e+000 -1.384107e-009 0.000000e+000 7.977048e+002
1.090000e+003 -6.693045e-007 0.000000e+000 -1.374905e-009 0.000000e+000 7.998436e+002
1.092000e+003 -6.647964e-007 0.000000e+000 -1.365791e-009 0.000000e+000 8.019795e+002
1.094000e+003 -6.603316e-007 0.000000e+000 -1.356764e-009 0.000000e+000 8.041119e+002
1.096000e+003 -6.559091e-007 0.000000e+000 -1.347822e-009 0.000000e+000 8.062413e+002
1.098000e+003 -6.515281e-007 0.000000e+000 -1.338965e-009 0.000000e+000 8.083679e+002
1.100000e+003 -6.471881e-007 0.000000e+000 -1.330190e-009 0.000000e+000 8.104917e+002
1.102000e+003 -6.428881e-007 0.000000e+000 -1.321497e-009 0.000000e+000 8.126135e+002
1.104000e+003 -6.386279e-007 0.000000e+000 -1.312884e-009 0.000000e+000 8.147327e+002
1.106000e+003 -6.344070e-007 0.000000e+000 -1.304350e-009 0.000000e+000 8.168495e+002
1.108000e+003 -6.302243e-007 0.000000e+000 -1.295894e-009 0.000000e+000 8.189647e+002
1.110000e+003 -6.260792e-007 0.000000e+000 -1.287514e-009 0.000000e+000 8.210783e+002
1.112000e+003 -6.219712e-007 0.000000e+000 -1.279208e-009 0.000000e+000 8.231906e+002
1.114000e+003 -6.179001e-007 0.000000e+000 -1.270978e-009 0.000000e+000 8.253011e+002
1.116000e+003 -6.138650e-007 0.000000e+000 -1.262820e-009 0.000000e+000 8.274106e+002
1.118000e+003 -6.098652e-007 0.000000e+000 -1.254734e-009 0.000000e+000 8.295193e+002
1.120000e+003 -6.059006e-007 0.000000e+000 -1.246719e-009 0.000000e+000 8.316268e+002
1.122000e+003 -6.019703e-007 0.000000e+000 -1.238773e-009 0.000000e+000 8.337339e+002
1.124000e+003 -5.980736e-007 0.000000e+000 -1.230895e-009 0.000000e+000 8.358409e+002
1.126000e+003 -5.942104e-007 0.000000e+000 -1.223085e-009 0.000000e+000 8.379474e+002
1.128000e+003 -5.903803e-007 0.000000e+000 -1.215342e-009 0.000000e+000 8.400536e+002
1.130000e+003 -5.865822e-007 0.000000e+000 -1.207664e-009 0.000000e+000 8.421606e+002
1.132000e+003 -5.828159e-007 0.000000e+000 -1.200050e-009 0.000000e+000 8.442678e+002
1.134000e+003 -5.790815e-007 0.000000e+000 -1.192501e-009 0.000000e+000 8.463749e+002
1.136000e+003 -5.753774e-007 0.000000e+000 -1.185012e-009 0.000000e+000 8.484836e+002
1.138000e+003 -5.717045e-007 0.000000e+000 -1.177587e-009 0.000000e+000 8.505920e+002
1.140000e+003 -5.680608e-007 0.000000e+000 -1.170221e-009 0.000000e+000 8.527028e+002
1.142000e+003 -5.644473e-007 0.000000e+000 -1.162916e-009 0.000000e+000 8.548140e+002
1.144000e+003 -5.608628e-007 0.000000e+000 -1.155670e-009 0.000000e+000 8.569268e+002
1.146000e+003 -5.573063e-007 0.000000e+000 -1.148481e-009 0.000000e+000 8.590422e+002
1.148000e+003 -5.537789e-007 0.000000e+000 -1.141350e-009 0.000000e+000 8.611585e+002
1.150000e+003 -5.502788e-007 0.000000e+000 -1.134275e-009 0.000000e+000 8.632774e+002
1.152000e+003 -5.468067e-007 0.000000e+000 -1.127256e-009 0.000000e+000 8.653979e+002
1.154000e+003 -5.433614e-007 0.000000e+000 -1.120291e-009 0.000000e+000 8.675212e+002
1.156000e+003 -5.399424e-007 0.000000e+000 -1.113380e-009 0.000000e+000 8.696477e+002
1.158000e+003 -5.365502e-007 0.000000e+000 -1.106523e-009 0.000000e+000 8.717764e+002
1.160000e+003 -5.331837e-007 0.000000e+000 -1.099718e-009 0.000000e+000 8.739083e+002
1.162000e+003 -5.298424e-007 0.000000e+000 -1.092963e-009 0.000000e+000 8.760441e+002
1.164000e+003 -5.265267e-007 0.000000e+000 -1.086261e-009 0.000000e+000 8.781826e+002
1.166000e+003 -5.232356e-007 0.000000e+000 -1.079608e-009 0.000000e+000 8.803251e+002
1.168000e+003 -5.199691e-007 0.000000e+000 -1.073005e-009 0.000000e+000 8.824713e+002
1.170000e+003 -5.167261e-007 0.000000e+000 -1.066450e-009 0.000000e+000 8.846225e+002
1.172000e+003 -5.135076e-007 0.000000e+000 -1.059944e-009 0.000000e+000 8.867768e+002
1.174000e+003 -5.103121e-007 0.000000e+000 -1.053485e-009 0.000000e+000 8.889364e+002
1.176000e+003 -5.071395e-007 0.000000e+000 -1.047072e-009 0.000000e+000 8.911010e+002
1.178000e+003 -5.039897e-007 0.000000e+000 -1.040706e-009 0.000000e+000 8.932704e+002
1.180000e+003 -5.008623e-007 0.000000e+000 -1.034384e-009 0.000000e+000 8.954451e+002
1.182000e+003 -4.977573e-007 0.000000e+000 -1.028108e-009 0.000000e+000 8.976249e+002
1.184000e+003 -4.946740e-007 0.000000e+000 -1.021876e-009 0.000000e+000 8.998103e+002
1.186000e+003 -4.916119e-007 0.000000e+000 -1.015687e-009 0.000000e+000 9.020020e+002
1.188000e+003 -4.885711e-007 0.000000e+000 -1.009540e-009 0.000000e+000 9.041997e+002
1.190000e+003 -4.855513e-007 0.000000e+000 -1.003437e-009 0.000000e+000 9.064037e+002
1.192000e+003 -4.825519e-007 0.000000e+000 -9.973743e-010 0.000000e+000 9.086144e+002
1.194000e+003 -4.795728e-007 0.000000e+000 -9.913529e-010 0.000000e+000 9.108320e+002
1.196000e+003 -4.766138e-007 0.000000e+000 -9.853721e-010 0.000000e+000 9.130566e+002
1.198000e+003 -4.736744e-007 0.000000e+000 -9.794311e-010 0.000000e+000 9.152886e+002
1.200000e+003 -4.707544e-007 0.000000e+000 -9.735294e-010 0.000000e+000 9.175282e+002
1.202000e+003 -4.678536e-007 0.000000e+000 -9.676666e-010 0.000000e+000 9.197757e+002
1.204000e+003 -4.649717e-007 0.000000e+000 -9.618419e-010 0.000000e+000 9.220313e+002
1.206000e+003 -4.621084e-007 0.000000e+000 -9.560549e-010 0.000000e+000 9.242953e+002
1.208000e+003 -4.592635e-007 0.000000e+000 -9.503051e-010 0.000000e+000 9.265679e+002
1.210000e+003 -4.564366e-007 0.000000e+000 -9.445917e-010 0.000000e+000 9.288495e+002
1.212000e+003 -4.536276e-007 0.000000e+000 -9.389146e-010 0.000000e+000 9.311402e+002
1.214000e+003 -4.508362e-007 0.000000e+000 -9.332731e-010 0.000000e+000 9.334403e+002
1.216000e+003 -4.480621e-007 0.000000e+000 -9.276666e-010 0.000000e+000 9.357503e+002
1.218000e+003 -4.453051e-007 0.000000e+000 -9.220947e-010 0.000000e+000 9.380703e+002
1.220000e+003 -4.425649e-007 0.000000e+000 -9.165568e-010 0.000000e+000 9.404005e+002
1.222000e+003 -4.398414e-007 0.000000e+000 -9.110527e-010 0.000000e+000 9.427414e+002
1.224000e+003 -4.371342e-007 0.000000e+000 -9.055816e-010 0.000000e+000 9.450932e+002
1.226000e+003 -4.344431e-007 0.000000e+000 -9.001432e-010 0.000000e+000 9.474562e+002
1.228000e+003 -4.317679e-007 0.000000e+000 -8.947369e-010 0.000000e+000 9.498307e+002
1.230000e+003 -4.291085e-007 0.000000e+000 -8.893624e-010 0.000000e+000 9.522171e+002
1.232000e+003 -4.264644e-007 0.000000e+000 -8.840192e-010 0.000000e+000 9.546156e+002
1.234000e+003 -4.238356e-007 0.000000e+000 -8.787067e-010 0.000000e+000 9.570266e+002
1.236000e+003 -4.212218e-007 0.000000e+000 -8.734246e-010 0.000000e+000 9.594504e+002
1.238000e+003 -4.186228e-007 0.000000e+000 -8.681726e-010 0.000000e+000 9.618872e+002
1.240000e+003 -4.160383e-007 0.000000e+000 -8.629499e-010 0.000000e+000 9.643376e+002
1.242000e+003 -4.134682e-007 0.000000e+000 -8.577563e-010 0.000000e+000 9.668018e+002
1.244000e+003 -4.109122e-007 0.000000e+000 -8.525914e-010 0.000000e+000 9.692802e+002
1.246000e+003 -4.083702e-007 0.000000e+000 -8.474546e-010 0.000000e+000 9.717732e+002
1.248000e+003 -4.058418e-007 0.000000e+000 -8.423456e-010 0.000000e+000 9.742811e+002
1.250000e+003 -4.033271e-007 0.000000e+000 -8.372641e-010 0.000000e+000 9.768041e+002
1.252000e+003 -4.008256e-007 0.000000e+000 -8.322095e-010 0.000000e+000 9.793430e+002
1.254000e+003 -3.983373e-007 0.000000e+000 -8.271815e-010 0.000000e+000 9.818978e+002
1.256000e+003 -3.958619e-007 0.000000e+000 -8.221796e-010 0.000000e+000 9.844691e+002
1.258000e+003 -3.933991e-007 0.000000e+000 -8.172035e-010 0.000000e+000 9.870573e+002
1.260000e+003 -3.909489e-007 0.000000e+000 -8.122527e-010 0.000000e+000 9.896628e+002
1.262000e+003 -3.885111e-007 0.000000e+000 -8.073269e-010 0.000000e+000 9.922859e+002
1.264000e+003 -3.860854e-007 0.000000e+000 -8.024258e-010 0.000000e+000 9.949270e+002
1.266000e+003 -3.836717e-007 0.000000e+000 -7.975488e-010 0.000000e+000 9.975869e+002
1.268000e+003 -3.812697e-007 0.000000e+000 -7.926958e-010 0.000000e+000 1.000266e+003
1.270000e+003 -3.788793e-007 0.000000e+000 -7.878661e-010 0.000000e+000 1.002964e+003
1.272000e+003 -3.765003e-007 0.000000e+000 -7.830596e-010 0.000000e+000 1.005682e+003
1.274000e+003 -3.741325e-007 0.000000e+000 -7.782757e-010 0.000000e+000 1.008420e+003
1.276000e+003 -3.717758e-007 0.000000e+000 -7.735142e-010 0.000000e+000 1.011180e+003
1.278000e+003 -3.694299e-007 0.000000e+000 -7.687747e-010 0.000000e+000 1.013961e+003
1.280000e+003 -3.670947e-007 0.000000e+000 -7.640568e-010 0.000000e+000 1.016763e+003
1.282000e+003 -3.647699e-007 0.000000e+000 -7.593601e-010 0.000000e+000 1.019588e+003
1.284000e+003 -3.624555e-007 0.000000e+000 -7.546844e-010 0.000000e+000 1.022436e+003
1.286000e+003 -3.601512e-007 0.000000e+000 -7.500293e-010 0.000000e+000 1.025308e+003
1.288000e+003 -3.578569e-007 0.000000e+000 -7.453942e-010 0.000000e+000 1.028203e+003
1.290000e+003 -3.555724e-007 0.000000e+000 -7.407792e-010 0.000000e+000 1.031124e+003
1.292000e+003 -3.532975e-007 0.000000e+000 -7.361835e-010 0.000000e+000 1.034069e+003
1.294000e+003 -3.510320e-007 0.000000e+000 -7.316070e-010 0.000000e+000 1.037040e+003
1.296000e+003 -3.487759e-007 0.000000e+000 -7.270494e-010 0.000000e+000 1.040038e+003
1.298000e+003 -3.465288e-007 0.000000e+000 -7.225102e-010 0.000000e+000 1.043062e+003
1.300000e+003 -3.442907e-007 0.000000e+000 -7.179892e-010 0.000000e+000 1.046114e+003
1.302000e+003 -3.420613e-007 0.000000e+000 -7.134859e-010 0.000000e+000 1.049195e+003
1.304000e+003 -3.398406e-007 0.000000e+000 -7.090001e-010 0.000000e+000 1.052304e+003
1.306000e+003 -3.376283e-007 0.000000e+000 -7.045315e-010 0.000000e+000 1.055444e+003
1.308000e+003 -3.354243e-007 0.000000e+000 -7.000796e-010 0.000000e+000 1.058613e+003
1.310000e+003 -3.332284e-007 0.000000e+000 -6.956442e-010 0.000000e+000 1.061814e+003
1.312000e+003 -3.310404e-007 0.000000e+000 -6.912248e-010 0.000000e+000 1.065047e+003
1.314000e+003 -3.288602e-007 0.000000e+000 -6.868213e-010 0.000000e+000 1.068312e+003
1.316000e+003 -3.266877e-007 0.000000e+000 -6.824333e-010 0.000000e+000 1.071611e+003
1.318000e+003 -3.245226e-007 0.000000e+000 -6.780603e-010 0.000000e+000 1.074944e+003
1.320000e+003 -3.223648e-007 0.000000e+000 -6.737023e-010 0.000000e+000 1.078311e+003
1.322000e+003 -3.202141e-007 0.000000e+000 -6.693586e-010 0.000000e+000 1.081715e+003
1.324000e+003 -3.180704e-007 0.000000e+000 -6.650291e-010 0.000000e+000 1.085156e+003
1.326000e+003 -3.159335e-007 0.000000e+000 -6.607135e-010 0.000000e+000 1.088634e+003
1.328000e+003 -3.138032e-007 0.000000e+000 -6.564114e-010 0.000000e+000 1.092151e+003
1.330000e+003 -3.116794e-007 0.000000e+000 -6.521224e-010 0.000000e+000 1.095708e+003
1.332000e+003 -3.095620e-007 0.000000e+000 -6.478464e-010 0.000000e+000 1.099305e+003
1.334000e+003 -3.074507e-007 0.000000e+000 -6.435828e-010 0.000000e+000 1.102943e+003
1.336000e+003 -3.053454e-007 0.000000e+000 -6.393314e-010 0.000000e+000 1.106624e+003
1.338000e+003 -3.032460e-007 0.000000e+000 -6.350920e-010 0.000000e+000 1.110349e+003
1.340000e+003 -3.011522e-007 0.000000e+000 -6.308640e-010 0.000000e+000 1.114118e+003
1.342000e+003 -2.990640e-007 0.000000e+000 -6.266474e-010 0.000000e+000 1.117933e+003
1.344000e+003 -2.969811e-007 0.000000e+000 -6.224416e-010 0.000000e+000 1.121796e+003
1.346000e+003 -2.949034e-007 0.000000e+000 -6.182464e-010 0.000000e+000 1.125706e+003
1.348000e+003 -2.928308e-007 0.000000e+000 -6.140615e-010 0.000000e+000 1.129666e+003
1.350000e+003 -2.907630e-007 0.000000e+000 -6.098865e-010 0.000000e+000 1.133677e+003
1.352000e+003 -2.886999e-007 0.000000e+000 -6.057211e-010 0.000000e+000 1.137739e+003
1.354000e+003 -2.866414e-007 0.000000e+000 -6.015650e-010 0.000000e+000 1.141855e+003
1.356000e+003 -2.845872e-007 0.000000e+000 -5.974178e-010 0.000000e+000 1.146026e+003
1.358000e+003 -2.825372e-007 0.000000e+000 -5.932792e-010 0.000000e+000 1.150253e+003
1.360000e+003 -2.804914e-007 0.000000e+000 -5.891490e-010 0.000000e+000 1.154538e+003
1.362000e+003 -2.784493e-007 0.000000e+000 -5.850266e-010 0.000000e+000 1.158881e+003
1.364000e+003 -2.764110e-007 0.000000e+000 -5.809118e-010 0.000000e+000 1.163286e+003
1.366000e+003 -2.743763e-007 0.000000e+000 -5.768044e-010 0.000000e+000 1.167753e+003
1.368000e+003 -2.723449e-007 0.000000e+000 -5.727039e-010 0.000000e+000 1.172284e+003
1.370000e+003 -2.703168e-007 0.000000e+000 -5.686100e-010 0.000000e+000 1.176881e+003
1.372000e+003 -2.682917e-007 0.000000e+000 -5.645224e-010 0.000000e+000 1.181546e+003
1.374000e+003 -2.662694e-007 0.000000e+000 -5.604406e-010 0.000000e+000 1.186280e+003
1.376000e+003 -2.642499e-007 0.000000e+000 -5.563644e-010 0.000000e+000 1.191086e+003
1.378000e+003 -2.622329e-007 0.000000e+000 -5.522935e-010 0.000000e+000 1.195965e+003
1.380000e+003 -2.602182e-007 0.000000e+000 -5.482274e-010 0.000000e+000 1.200920e+003
1.382000e+003 -2.582057e-007 0.000000e+000 -5.441658e-010 0.000000e+000 1.205953e+003
1.384000e+003 -2.561952e-007 0.000000e+000 -5.401084e-010 0.000000e+000 1.211065e+003
1.386000e+003 -2.541865e-007 0.000000e+000 -5.360547e-010 0.000000e+000 1.216260e+003
1.388000e+003 -2.521794e-007 0.000000e+000 -5.320045e-010 0.000000e+000 1.221539e+003
1.390000e+003 -2.501738e-007 0.000000e+000 -5.279574e-010 0.000000e+000 1.226906e+003
1.392000e+003 -2.481694e-007 0.000000e+000 -5.239129e-010 0.000000e+000 1.232362e+003
1.394000e+003 -2.461662e-007 0.000000e+000 -5.198708e-010 0.000000e+000 1.237910e+003
1.396000e+003 -2.441638e-007 0.000000e+000 -5.158306e-010 0.000000e+000 1.243554e+003
1.398000e+003 -2.421621e-007 0.000000e+000 -5.117920e-010 0.000000e+000 1.249296e+003
1.400000e+003 -2.401609e-007 0.000000e+000 -5.077546e-010 0.000000e+000 1.255138e+003
1.402000e+003 -2.381600e-007 0.000000e+000 -5.037179e-010 0.000000e+000 1.261085e+003
1.404000e+003 -2.361593e-007 0.000000e+000 -4.996816e-010 0.000000e+000 1.267139e+003
1.406000e+003 -2.341584e-007 0.000000e+000 -4.956453e-010 0.000000e+000 1.273304e+003
1.408000e+003 -2.321572e-007 0.000000e+000 -4.916085e-010 0.000000e+000 1.279584e+003
1.410000e+003 -2.301555e-007 0.000000e+000 -4.875710e-010 0.000000e+000 1.285981e+003
1.412000e+003 -2.281532e-007 0.000000e+000 -4.835321e-010 0.000000e+000 1.292500e+003
1.414000e+003 -2.261498e-007 0.000000e+000 -4.794915e-010 0.000000e+000 1.299144e+003
1.416000e+003 -2.241453e-007 0.000000e+000 -4.754488e-010 0.000000e+000 1.305919e+003
1.418000e+003 -2.221395e-007 0.000000e+000 -4.714036e-010 0.000000e+000 1.312828e+003
1.420000e+003 -2.201319e-007 0.000000e+000 -4.673552e-010 0.000000e+000 1.319876e+003
1.422000e+003 -2.181226e-007 0.000000e+000 -4.633034e-010 0.000000e+000 1.327067e+003
1.424000e+003 -2.161112e-007 0.000000e+000 -4.592475e-010 0.000000e+000 1.334407e+003
1.426000e+003 -2.140974e-007 0.000000e+000 -4.551871e-010 0.000000e+000 1.341901e+003
1.428000e+003 -2.120809e-007 0.000000e+000 -4.511215e-010 0.000000e+000 1.349555e+003
1.430000e+003 -2.100615e-007 0.000000e+000 -4.470502e-010 0.000000e+000 1.357374e+003
1.432000e+003 -2.080387e-007 0.000000e+000 -4.429723e-010 0.000000e+000 1.365367e+003
1.434000e+003 -2.060120e-007 0.000000e+000 -4.388870e-010 0.000000e+000 1.373539e+003
1.436000e+003 -2.039808e-007 0.000000e+000 -4.347926e-010 0.000000e+000 1.381901e+003
1.438000e+003 -2.019436e-007 0.000000e+000 -4.306865e-010 0.000000e+000 1.390468e+003
1.440000e+003 -1.998966e-007 0.000000e+000 -4.265611e-010 0.000000e+000 1.399267e+003
1.442000e+003 -1.978220e-007 0.000000e+000 -4.223801e-010 0.000000e+000 1.408422e+003
1.444000e+003 -1.988650e-007 0.000000e+000 -4.244823e-010 0.000000e+000 1.397902e+003
1.446000e+003 -1.938639e-007 0.000000e+000 -4.144044e-010 0.000000e+000 1.426051e+003
1.448000e+003 -1.917773e-007 0.000000e+000 -4.102001e-010 0.000000e+000 1.435850e+003
1.450000e+003 -1.897068e-007 0.000000e+000 -4.060287e-010 0.000000e+000 1.445748e+003
1.452000e+003 -1.876362e-007 0.000000e+000 -4.018575e-010 0.000000e+000 1.455856e+003
1.454000e+003 -1.855619e-007 0.000000e+000 -3.976791e-010 0.000000e+000 1.466207e+003
1.456000e+003 -1.834825e-007 0.000000e+000 -3.934908e-010 0.000000e+000 1.476818e+003
1.458000e+003 -1.813971e-007 0.000000e+000 -3.892908e-010 0.000000e+000 1.487704e+003
1.460000e+003 -1.793051e-007 0.000000e+000 -3.850782e-010 0.000000e+000 1.498878e+003
1.462000e+003 -1.772063e-007 0.000000e+000 -3.808520e-010 0.000000e+000 1.510352e+003
1.464000e+003 -1.751001e-007 0.000000e+000 -3.766113e-010 0.000000e+000 1.522142e+003
1.466000e+003 -1.729860e-007 0.000000e+000 -3.723554e-010 0.000000e+000 1.534260e+003
1.468000e+003 -1.708639e-007 0.000000e+000 -3.680836e-010 0.000000e+000 1.546722e+003
1.470000e+003 -1.687331e-007 0.000000e+000 -3.637950e-010 0.000000e+000 1.559545e+003
1.472000e+003 -1.665935e-007 0.000000e+000 -3.594889e-010 0.000000e+000 1.572744e+003
1.474000e+003 -1.644444e-007 0.000000e+000 -3.551645e-010 0.000000e+000 1.586337e+003
1.476000e+003 -1.622856e-007 0.000000e+000 -3.508211e-010 0.000000e+000 1.600343e+003
1.478000e+003 -1.601167e-007 0.000000e+000 -3.464578e-010 0.000000e+000 1.614782e+003
1.480000e+003 -1.579371e-007 0.000000e+000 -3.420737e-010 0.000000e+000 1.629676e+003
1.482000e+003 -1.557464e-007 0.000000e+000 -3.376680e-010 0.000000e+000 1.645047e+003
1.484000e+003 -1.535443e-007 0.000000e+000 -3.332399e-010 0.000000e+000 1.660919e+003
1.486000e+003 -1.513301e-007 0.000000e+000 -3.287881e-010 0.000000e+000 1.677320e+003
1.488000e+003 -1.491032e-007 0.000000e+000 -3.243117e-010 0.000000e+000 1.694278e+003
1.490000e+003 -1.468625e-007 0.000000e+000 -3.198084e-010 0.000000e+000 1.711830e+003
1.492000e+003 -1.445986e-007 0.000000e+000 -3.152592e-010 0.000000e+000 1.730098e+003
1.494000e+003 -1.423538e-007 0.000000e+000 -3.107494e-010 0.000000e+000 1.748675e+003
1.496000e+003 -1.400688e-007 0.000000e+000 -3.061597e-010 0.000000e+000 1.768205e+003
1.498000e+003 -1.377719e-007 0.000000e+000 -3.015469e-010 0.000000e+000 1.788428e+003
1.500000e+003 -1.354599e-007 0.000000e+000 -2.969050e-010 0.000000e+000 1.809414e+003
1.502000e+003 -1.331320e-007 0.000000e+000 -2.922322e-010 0.000000e+000 1.831211e+003
1.504000e+003 -1.307874e-007 0.000000e+000 -2.875271e-010 0.000000e+000 1.853869e+003
1.506000e+003 -1.284254e-007 0.000000e+000 -2.827884e-010 0.000000e+000 1.877444e+003
1.508000e+003 -1.260453e-007 0.000000e+000 -2.780147e-010 0.000000e+000 1.901993e+003
1.510000e+003 -1.236465e-007 0.000000e+000 -2.732049e-010 0.000000e+000 1.927579e+003
1.512000e+003 -1.212282e-007 0.000000e+000 -2.683576e-010 0.000000e+000 1.954271e+003
1.514000e+003 -1.187896e-007 0.000000e+000 -2.634713e-010 0.000000e+000 1.982143e+003
1.516000e+003 -1.163300e-007 0.000000e+000 -2.585446e-010 0.000000e+000 2.011277e+003
1.518000e+003 -1.138486e-007 0.000000e+000 -2.535761e-010 0.000000e+000 2.041762e+003
1.520000e+003 -1.113444e-007 0.000000e+000 -2.485642e-010 0.000000e+000 2.073696e+003
1.522000e+003 -1.088166e-007 0.000000e+000 -2.435072e-010 0.000000e+000 2.107186e+003
1.524000e+003 -1.062643e-007 0.000000e+000 -2.384035e-010 0.000000e+000 2.142351e+003
1.526000e+003 -1.036864e-007 0.000000e+000 -2.332513e-010 0.000000e+000 2.179320e+003
1.528000e+003 -1.010819e-007 0.000000e+000 -2.280488e-010 0.000000e+000 2.218239e+003
1.530000e+003 -9.844960e-008 0.000000e+000 -2.227940e-010 0.000000e+000 2.259268e+003
1.532000e+003 -9.578843e-008 0.000000e+000 -2.174849e-010 0.000000e+000 2.302586e+003
1.534000e+003 -9.309707e-008 0.000000e+000 -2.121193e-010 0.000000e+000 2.348392e+003
1.536000e+003 -9.037424e-008 0.000000e+000 -2.066951e-010 0.000000e+000 2.396908e+003
1.538000e+003 -8.761839e-008 0.000000e+000 -2.012097e-010 0.000000e+000 2.448387e+003
1.540000e+003 -8.482799e-008 0.000000e+000 -1.956606e-010 0.000000e+000 2.503110e+003
1.542000e+003 -8.200130e-008 0.000000e+000 -1.900448e-010 0.000000e+000 2.561400e+003
1.544000e+003 -7.913645e-008 0.000000e+000 -1.843596e-010 0.000000e+000 2.623621e+003
1.546000e+003 -7.623115e-008 0.000000e+000 -1.786011e-010 0.000000e+000 2.690196e+003
1.548000e+003 -7.328266e-008 0.000000e+000 -1.727649e-010 0.000000e+000 2.761617e+003
1.550000e+003 -7.028698e-008 0.000000e+000 -1.668443e-010 0.000000e+000 2.838481e+003
1.552000e+003 -6.723490e-008 0.000000e+000 -1.608225e-010 0.000000e+000 2.921636e+003
1.554000e+003 -6.403173e-008 0.000000e+000 -1.545150e-010 0.000000e+000 3.014845e+003
1.556000e+003 -6.110686e-008 0.000000e+000 -1.487678e-010 0.000000e+000 3.104679e+003
1.558000e+003 -5.788839e-008 0.000000e+000 -1.424588e-010 0.000000e+000 3.210832e+003
1.560000e+003 -5.461482e-008 0.000000e+000 -1.360601e-010 0.000000e+000 3.326599e+003
1.562000e+003 -5.128527e-008 0.000000e+000 -1.295733e-010 0.000000e+000 3.453189e+003
1.564000e+003 -4.788571e-008 0.000000e+000 -1.229753e-010 0.000000e+000 3.592591e+003
1.566000e+003 -4.440724e-008 0.000000e+000 -1.162544e-010 0.000000e+000 3.746939e+003
1.568000e+003 -4.084006e-008 0.000000e+000 -1.093987e-010 0.000000e+000 3.918816e+003
1.570000e+003 -3.717230e-008 0.000000e+000 -1.023945e-010 0.000000e+000 4.111410e+003
1.572000e+003 -3.338875e-008 0.000000e+000 -9.522471e-011 0.000000e+000 4.328734e+003
1.574000e+003 -2.946949e-008 0.000000e+000 -8.786791e-011 0.000000e+000 4.575886e+003
1.576000e+003 -2.538712e-008 0.000000e+000 -8.029500e-011 0.000000e+000 4.859485e+003
1.578000e+003 -2.110315e-008 0.000000e+000 -7.246609e-011 0.000000e+000 5.188237e+003
1.580000e+003 -1.656041e-008 0.000000e+000 -6.432268e-011 0.000000e+000 5.573888e+003
1.582000e+003 -1.167020e-008 0.000000e+000 -5.577522e-011 0.000000e+000 6.032627e+003
1.584000e+003 -6.285734e-009 0.000000e+000 -4.667692e-011 0.000000e+000 6.587429e+003
1.586000e+003 2.823869e-010 0.000000e+000 -3.609874e-011 0.000000e+000 7.322191e+003
1.588000e+003 7.172967e-009 0.000000e+000 -2.568224e-011 0.000000e+000 8.124902e+003
1.590000e+003 1.692487e-008 0.000000e+000 -1.212770e-011 0.000000e+000 9.234992e+003
1.592000e+003 3.345377e-008 0.000000e+000 8.328502e-012 0.000000e+000 1.080728e+004
1.594000e+003 8.417686e-008 0.000000e+000 6.284860e-011 0.000000e+000 1.329449e+004
1.596000e+003 -9.260634e-007 0.000000e+000 -9.286639e-010 0.000000e+000 1.663409e+004
1.598000e+003 -5.630852e-008 0.000000e+000 -6.746237e-011 0.000000e+000 2.289927e+004
1.600000e+003 -1.822819e-008 0.000000e+000 -2.577205e-011 0.000000e+000 3.876070e+004
1.602000e+003 -6.181379e-009 0.000000e+000 -6.197751e-012 0.000000e+000 1.539298e+005
1.604000e+003 4.512255e-009 0.000000e+000 6.710073e-012 0.000000e+000 -1.154488e+005
1.606000e+003 1.314869e-008 0.000000e+000 2.003978e-011 0.000000e+000 -3.565386e+004
1.608000e+003 2.006203e-008 0.000000e+000 3.153820e-011 0.000000e+000 -2.142869e+004
1.610000e+003 2.709856e-008 0.000000e+000 4.383763e-011 0.000000e+000 -1.471845e+004
1.612000e+003 3.319809e-008 0.000000e+000 5.487329e-011 0.000000e+000 -1.137367e+004
1.614000e+003 3.897465e-008 0.000000e+000 6.556859e-011 0.000000e+000 -9.268857e+003
1.616000e+003 4.417458e-008 0.000000e+000 7.535393e-011 0.000000e+000 -7.899742e+003
1.618000e+003 5.116532e-008 0.000000e+000 8.869032e-011 0.000000e+000 -6.559755e+003
1.620000e+003 5.715367e-008 0.000000e+000 1.002418e-010 0.000000e+000 -5.705928e+003
1.622000e+003 6.283331e-008 0.000000e+000 1.112816e-010 0.000000e+000 -5.067147e+003
1.624000e+003 6.858230e-008 0.000000e+000 1.225225e-010 0.000000e+000 -4.543862e+003
1.626000e+003 7.563725e-008 0.000000e+000 1.363892e-010 0.000000e+000 -4.027923e+003
1.628000e+003 8.180338e-008 0.000000e+000 1.485611e-010 0.000000e+000 -3.658859e+003
1.630000e+003 8.632871e-008 0.000000e+000 1.575193e-010 0.000000e+000 -3.424007e+003
1.632000e+003 9.485791e-008 0.000000e+000 1.744514e-010 0.000000e+000 -3.057006e+003
1.634000e+003 1.014868e-007 0.000000e+000 1.876463e-010 0.000000e+000 -2.818334e+003
1.636000e+003 1.081845e-007 0.000000e+000 2.010036e-010 0.000000e+000 -2.610712e+003
1.638000e+003 1.143644e-007 0.000000e+000 2.133472e-010 0.000000e+000 -2.442916e+003
1.640000e+003 1.227297e-007 0.000000e+000 2.300803e-010 0.000000e+000 -2.247807e+003
1.642000e+003 1.299240e-007 0.000000e+000 2.444900e-010 0.000000e+000 -2.101682e+003
1.644000e+003 1.382677e-007 0.000000e+000 2.612200e-010 0.000000e+000 -1.954104e+003
1.646000e+003 1.463624e-007 0.000000e+000 2.774663e-010 0.000000e+000 -1.828580e+003
1.648000e+003 1.537919e-007 0.000000e+000 2.923890e-010 0.000000e+000 -1.725858e+003
1.650000e+003 1.637275e-007 0.000000e+000 3.123601e-010 0.000000e+000 -1.605788e+003
1.652000e+003 1.712881e-007 0.000000e+000 3.275669e-010 0.000000e+000 -1.523767e+003
1.654000e+003 1.804825e-007 0.000000e+000 3.460692e-010 0.000000e+000 -1.434878e+003
1.656000e+003 1.915741e-007 0.000000e+000 3.684016e-010 0.000000e+000 -1.340656e+003
1.658000e+003 2.024264e-007 0.000000e+000 3.902628e-010 0.000000e+000 -1.259232e+003
1.660000e+003 2.091494e-007 0.000000e+000 4.038096e-010 0.000000e+000 -1.212283e+003
1.662000e+003 2.237486e-007 0.000000e+000 4.332390e-010 0.000000e+000 -1.123934e+003
1.664000e+003 2.364350e-007 0.000000e+000 4.588220e-010 0.000000e+000 -1.056347e+003
1.666000e+003 2.450160e-007 0.000000e+000 4.761295e-010 0.000000e+000 -1.014115e+003
1.668000e+003 2.602237e-007 0.000000e+000 5.068122e-010 0.000000e+000 -9.483118e+002
1.670000e+003 2.704428e-007 0.000000e+000 5.274332e-010 0.000000e+000 -9.078316e+002
1.672000e+003 2.876147e-007 0.000000e+000 5.620933e-010 0.000000e+000 -8.480534e+002
1.674000e+003 2.994046e-007 0.000000e+000 5.858932e-010 0.000000e+000 -8.106329e+002
1.676000e+003 3.159526e-007 0.000000e+000 6.193041e-010 0.000000e+000 -7.638198e+002
1.678000e+003 3.285711e-007 0.000000e+000 6.447827e-010 0.000000e+000 -7.310733e+002
1.680000e+003 3.480578e-007 0.000000e+000 6.841362e-010 0.000000e+000 -6.862877e+002
1.682000e+003 3.660904e-007 0.000000e+000 7.205557e-010 0.000000e+000 -6.492038e+002
1.684000e+003 3.845151e-007 0.000000e+000 7.577685e-010 0.000000e+000 -6.151220e+002
1.686000e+003 4.052974e-007 0.000000e+000 7.997447e-010 0.000000e+000 -5.807520e+002
1.688000e+003 4.289198e-007 0.000000e+000 8.474578e-010 0.000000e+000 -5.460917e+002
1.690000e+003 4.526886e-007 0.000000e+000 8.954597e-010 0.000000e+000 -5.150516e+002
1.692000e+003 4.742468e-007 0.000000e+000 9.389770e-010 0.000000e+000 -4.896373e+002
1.694000e+003 4.981311e-007 0.000000e+000 9.871518e-010 0.000000e+000 -4.643318e+002
1.696000e+003 5.273508e-007 0.000000e+000 1.045952e-009 0.000000e+000 -4.370346e+002
1.698000e+003 5.829284e-007 0.000000e+000 1.144397e-009 0.000000e+000 -4.112568e+002
1.700000e+003 5.955270e-007 0.000000e+000 1.184073e-009 0.000000e+000 -3.832631e+002
1.702000e+003 6.188780e-007 0.000000e+000 1.235824e-009 0.000000e+000 -3.616013e+002
1.704000e+003 6.629034e-007 0.000000e+000 1.321372e-009 0.000000e+000 -3.402806e+002
1.706000e+003 7.081316e-007 0.000000e+000 1.412184e-009 0.000000e+000 -3.179487e+002
1.708000e+003 7.474376e-007 0.000000e+000 1.491984e-009 0.000000e+000 -2.997577e+002
1.710000e+003 8.016026e-007 0.000000e+000 1.601427e-009 0.000000e+000 -2.784641e+002
1.712000e+003 8.596682e-007 0.000000e+000 1.718803e-009 0.000000e+000 -2.586854e+002
1.714000e+003 9.189007e-007 0.000000e+000 1.838558e-009 0.000000e+000 -2.411409e+002
1.716000e+003 9.502694e-007 0.000000e+000 1.901964e-009 0.000000e+000 -2.325279e+002
1.718000e+003 1.080085e-006 0.000000e+000 2.164532e-009 0.000000e+000 -2.035997e+002
1.720000e+003 1.175705e-006 0.000000e+000 2.357891e-009 0.000000e+000 -1.863765e+002
1.722000e+003 1.269470e-006 0.000000e+000 2.547517e-009 0.000000e+000 -1.720337e+002
1.724000e+003 1.365000e-006 0.000000e+000 2.740718e-009 0.000000e+000 -1.594873e+002
1.726000e+003 1.532015e-006 0.000000e+000 3.078512e-009 0.000000e+000 -1.415839e+002
1.728000e+003 1.697147e-006 0.000000e+000 3.412496e-009 0.000000e+000 -1.273922e+002
1.730000e+003 1.943886e-006 0.000000e+000 3.911547e-009 0.000000e+000 -1.108441e+002
1.732000e+003 2.241420e-006 0.000000e+000 4.513338e-009 0.000000e+000 -9.582677e+001
1.734000e+003 2.587735e-006 0.000000e+000 5.213789e-009 0.000000e+000 -8.276692e+001
1.736000e+003 2.851497e-006 0.000000e+000 5.747241e-009 0.000000e+000 -7.494135e+001
1.738000e+003 3.611132e-006 0.000000e+000 7.283722e-009 0.000000e+000 -5.902302e+001
1.740000e+003 4.715937e-006 0.000000e+000 9.518235e-009 0.000000e+000 -4.513354e+001
1.742000e+003 6.224001e-006 0.000000e+000 1.256833e-008 0.000000e+000 -3.419433e+001
1.744000e+003 9.511887e-006 0.000000e+000 1.921810e-008 0.000000e+000 -2.245471e+001
1.746000e+003 1.911743e-005 0.000000e+000 3.864498e-008 0.000000e+000 -1.137115e+001
1.748000e+003 1.372511e-004 0.000000e+000 2.775599e-007 0.000000e+000 -2.005909e+000
1.750000e+003 -1.910482e-005 0.000000e+000 -3.865545e-008 0.000000e+000 1.031119e+001
1.752000e+003 -1.011438e-005 0.000000e+000 -2.047054e-008 0.000000e+000 1.974435e+001
1.754000e+003 -6.661571e-006 0.000000e+000 -1.347929e-008 0.000000e+000 2.964568e+001
1.756000e+003 -5.421860e-006 0.000000e+000 -1.101854e-008 0.000000e+000 3.974888e+001
1.758000e+003 -4.166294e-006 0.000000e+000 -8.454348e-009 0.000000e+000 4.938781e+001
1.760000e+003 -3.535906e-006 0.000000e+000 -7.176237e-009 0.000000e+000 5.774519e+001
1.762000e+003 -2.973134e-006 0.000000e+000 -6.037588e-009 0.000000e+000 6.838637e+001
1.764000e+003 -2.700884e-006 0.000000e+000 -5.485610e-009 0.000000e+000 7.498645e+001
1.766000e+003 -2.407496e-006 0.000000e+000 -4.891798e-009 0.000000e+000 8.384275e+001
1.768000e+003 -2.181205e-006 0.000000e+000 -4.433851e-009 0.000000e+000 9.224356e+001
1.770000e+003 -1.972177e-006 0.000000e+000 -4.010881e-009 0.000000e+000 1.016904e+002
1.772000e+003 -1.831278e-006 0.000000e+000 -3.725784e-009 0.000000e+000 1.092019e+002
1.774000e+003 -1.723186e-006 0.000000e+000 -3.507070e-009 0.000000e+000 1.157031e+002
1.776000e+003 -1.599172e-006 0.000000e+000 -3.256161e-009 0.000000e+000 1.242906e+002
1.778000e+003 -1.499316e-006 0.000000e+000 -3.054140e-009 0.000000e+000 1.321545e+002
1.780000e+003 -1.395950e-006 0.000000e+000 -2.845012e-009 0.000000e+000 1.415186e+002
1.782000e+003 -1.351191e-006 0.000000e+000 -2.754458e-009 0.000000e+000 1.457939e+002
1.784000e+003 -1.272056e-006 0.000000e+000 -2.594367e-009 0.000000e+000 1.543861e+002
1.786000e+003 -1.221699e-006 0.000000e+000 -2.492493e-009 0.000000e+000 1.602836e+002
1.788000e+003 -1.165852e-006 0.000000e+000 -2.379518e-009 0.000000e+000 1.674598e+002
1.790000e+003 -1.118408e-006 0.000000e+000 -2.283543e-009 0.000000e+000 1.740492e+002
1.792000e+003 -1.077766e-006 0.000000e+000 -2.201329e-009 0.000000e+000 1.800875e+002
1.794000e+003 -1.031382e-006 0.000000e+000 -2.107500e-009 0.000000e+000 1.876180e+002
1.796000e+003 -9.983889e-007 0.000000e+000 -2.040790e-009 0.000000e+000 1.932747e+002
1.798000e+003 -9.632534e-007 0.000000e+000 -1.969693e-009 0.000000e+000 1.997228e+002
1.800000e+003 -9.311145e-007 0.000000e+000 -1.904684e-009 0.000000e+000 2.060106e+002
1.802000e+003 -9.062387e-007 0.000000e+000 -1.854366e-009 0.000000e+000 2.110649e+002
1.804000e+003 -8.819910e-007 0.000000e+000 -1.805320e-009 0.000000e+000 2.162478e+002
1.806000e+003 -8.540034e-007 0.000000e+000 -1.748708e-009 0.000000e+000 2.226583e+002
1.808000e+003 -8.251580e-007 0.000000e+000 -1.690374e-009 0.000000e+000 2.298230e+002
1.810000e+003 -8.139650e-007 0.000000e+000 -1.667731e-009 0.000000e+000 2.323461e+002
1.812000e+003 -7.897134e-007 0.000000e+000 -1.618680e-009 0.000000e+000 2.387691e+002
1.814000e+003 -7.671045e-007 0.000000e+000 -1.572954e-009 0.000000e+000 2.450866e+002
1.816000e+003 -7.491393e-007 0.000000e+000 -1.536619e-009 0.000000e+000 2.502506e+002
1.818000e+003 -7.360914e-007 0.000000e+000 -1.510230e-009 0.000000e+000 2.539949e+002
1.820000e+003 -7.190528e-007 0.000000e+000 -1.475770e-009 0.000000e+000 2.592730e+002
1.822000e+003 -7.009056e-007 0.000000e+000 -1.439069e-009 0.000000e+000 2.652126e+002
1.824000e+003 -6.879849e-007 0.000000e+000 -1.412939e-009 0.000000e+000 2.694485e+002
1.826000e+003 -6.727743e-007 0.000000e+000 -1.382179e-009 0.000000e+000 2.747581e+002
1.828000e+003 -6.637223e-007 0.000000e+000 -1.363872e-009 0.000000e+000 2.777640e+002
1.830000e+003 -6.489068e-007 0.000000e+000 -1.333914e-009 0.000000e+000 2.832418e+002
1.832000e+003 -6.375044e-007 0.000000e+000 -1.310852e-009 0.000000e+000 2.875759e+002
1.834000e+003 -6.243848e-007 0.000000e+000 -1.284321e-009 0.000000e+000 2.927803e+002
1.836000e+003 -6.146494e-007 0.000000e+000 -1.264635e-009 0.000000e+000 2.966096e+002
1.838000e+003 -6.034019e-007 0.000000e+000 -1.241890e-009 0.000000e+000 3.012941e+002
1.840000e+003 -5.944108e-007 0.000000e+000 -1.223709e-009 0.000000e+000 3.050246e+002
1.842000e+003 -5.846289e-007 0.000000e+000 -1.203929e-009 0.000000e+000 3.092749e+002
1.844000e+003 -5.746724e-007 0.000000e+000 -1.183797e-009 0.000000e+000 3.137605e+002
1.846000e+003 -5.675102e-007 0.000000e+000 -1.169315e-009 0.000000e+000 3.168808e+002
1.848000e+003 -5.581487e-007 0.000000e+000 -1.150386e-009 0.000000e+000 3.213040e+002
1.850000e+003 -5.495631e-007 0.000000e+000 -1.133026e-009 0.000000e+000 3.254301e+002
1.852000e+003 -5.427759e-007 0.000000e+000 -1.119303e-009 0.000000e+000 3.286272e+002
1.854000e+003 -5.352077e-007 0.000000e+000 -1.104000e-009 0.000000e+000 3.323734e+002
1.856000e+003 -5.281580e-007 0.000000e+000 -1.089747e-009 0.000000e+000 3.359090e+002
1.858000e+003 -5.205862e-007 0.000000e+000 -1.074438e-009 0.000000e+000 3.398676e+002
1.860000e+003 -5.141645e-007 0.000000e+000 -1.061455e-009 0.000000e+000 3.431979e+002
1.862000e+003 -5.074253e-007 0.000000e+000 -1.047829e-009 0.000000e+000 3.468219e+002
1.864000e+003 -5.015012e-007 0.000000e+000 -1.035852e-009 0.000000e+000 3.499924e+002
1.866000e+003 -4.965822e-007 0.000000e+000 -1.025908e-009 0.000000e+000 3.525485e+002
1.868000e+003 -4.887985e-007 0.000000e+000 -1.010171e-009 0.000000e+000 3.571646e+002
1.870000e+003 -4.830204e-007 0.000000e+000 -9.984901e-010 0.000000e+000 3.604780e+002
1.872000e+003 -4.778934e-007 0.000000e+000 -9.881253e-010 0.000000e+000 3.633957e+002
1.874000e+003 -4.724121e-007 0.000000e+000 -9.770445e-010 0.000000e+000 3.666395e+002
1.876000e+003 -4.671388e-007 0.000000e+000 -9.663842e-010 0.000000e+000 3.698012e+002
1.878000e+003 -4.594648e-007 0.000000e+000 -9.508709e-010 0.000000e+000 3.749107e+002
1.880000e+003 -4.543639e-007 0.000000e+000 -9.405597e-010 0.000000e+000 3.781188e+002
1.882000e+003 -4.496853e-007 0.000000e+000 -9.311022e-010 0.000000e+000 3.810553e+002
1.884000e+003 -4.439547e-007 0.000000e+000 -9.195183e-010 0.000000e+000 3.849284e+002
1.886000e+003 -4.402138e-007 0.000000e+000 -9.119567e-010 0.000000e+000 3.872132e+002
1.888000e+003 -4.358210e-007 0.000000e+000 -9.030773e-010 0.000000e+000 3.900979e+002
1.890000e+003 -4.314653e-007 0.000000e+000 -8.942732e-010 0.000000e+000 3.930092e+002
1.892000e+003 -4.271453e-007 0.000000e+000 -8.855413e-010 0.000000e+000 3.959486e+002
1.894000e+003 -4.235928e-007 0.000000e+000 -8.783610e-010 0.000000e+000 3.982554e+002
1.896000e+003 -4.198861e-007 0.000000e+000 -8.708690e-010 0.000000e+000 4.007435e+002
1.898000e+003 -4.153847e-007 0.000000e+000 -8.617707e-010 0.000000e+000 4.040158e+002
1.900000e+003 -4.111601e-007 0.000000e+000 -8.532324e-010 0.000000e+000 4.070968e+002
1.902000e+003 -4.081086e-007 0.000000e+000 -8.470651e-010 0.000000e+000 4.091134e+002
1.904000e+003 -4.038482e-007 0.000000e+000 -8.384544e-010 0.000000e+000 4.123392e+002
1.906000e+003 -4.001948e-007 0.000000e+000 -8.310710e-010 0.000000e+000 4.150304e+002
1.908000e+003 -3.969622e-007 0.000000e+000 -8.245379e-010 0.000000e+000 4.173483e+002
1.910000e+003 -3.941494e-007 0.000000e+000 -8.188535e-010 0.000000e+000 4.192769e+002
1.912000e+003 -3.906496e-007 0.000000e+000 -8.117808e-010 0.000000e+000 4.219353e+002
1.914000e+003 -3.874250e-007 0.000000e+000 -8.052625e-010 0.000000e+000 4.244382e+002
1.916000e+003 -3.835403e-007 0.000000e+000 -7.974132e-010 0.000000e+000 4.275634e+002
1.918000e+003 -3.801486e-007 0.000000e+000 -7.905593e-010 0.000000e+000 4.302615e+002
1.920000e+003 -3.780152e-007 0.000000e+000 -7.862483e-010 0.000000e+000 4.316374e+002
1.922000e+003 -3.754139e-007 0.000000e+000 -7.809920e-010 0.000000e+000 4.335443e+002
1.924000e+003 -3.713794e-007 0.000000e+000 -7.728396e-010 0.000000e+000 4.370737e+002
1.926000e+003 -3.691223e-007 0.000000e+000 -7.682818e-010 0.000000e+000 4.385684e+002
1.928000e+003 -3.659944e-007 0.000000e+000 -7.619566e-010 0.000000e+000 4.413512e+002
1.930000e+003 -3.640403e-007 0.000000e+000 -7.580089e-010 0.000000e+000 4.426289e+002
1.932000e+003 -3.605137e-007 0.000000e+000 -7.508832e-010 0.000000e+000 4.457804e+002
1.934000e+003 -3.588214e-007 0.000000e+000 -7.474641e-010 0.000000e+000 4.468159e+002
1.936000e+003 -3.558738e-007 0.000000e+000 -7.415083e-010 0.000000e+000 4.493659e+002
1.938000e+003 -3.541248e-007 0.000000e+000 -7.379747e-010 0.000000e+000 4.505073e+002
1.940000e+003 -3.531697e-007 0.000000e+000 -7.360453e-010 0.000000e+000 4.506985e+002
1.942000e+003 -3.397657e-007 0.000000e+000 -7.089625e-010 0.000000e+000 4.665468e+002
1.944000e+003 -3.434819e-007 0.000000e+000 -7.164714e-010 0.000000e+000 4.607785e+002
1.946000e+003 -3.417527e-007 0.000000e+000 -7.129780e-010 0.000000e+000 4.620023e+002
1.948000e+003 -3.392399e-007 0.000000e+000 -7.079015e-010 0.000000e+000 4.642547e+002
1.950000e+003 -3.371586e-007 0.000000e+000 -7.036966e-010 0.000000e+000 4.659768e+002
1.952000e+003 -3.347627e-007 0.000000e+000 -6.988566e-010 0.000000e+000 4.681381e+002
1.954000e+003 -3.327938e-007 0.000000e+000 -6.948791e-010 0.000000e+000 4.697611e+002
1.956000e+003 -3.305170e-007 0.000000e+000 -6.902797e-010 0.000000e+000 4.718207e+002
1.958000e+003 -3.283500e-007 0.000000e+000 -6.859021e-010 0.000000e+000 4.737607e+002
1.960000e+003 -3.264573e-007 0.000000e+000 -6.820789e-010 0.000000e+000 4.753502e+002
1.962000e+003 -3.245724e-007 0.000000e+000 -6.782713e-010 0.000000e+000 4.769495e+002
1.964000e+003 -3.227329e-007 0.000000e+000 -6.745555e-010 0.000000e+000 4.785058e+002
1.966000e+003 -3.202157e-007 0.000000e+000 -6.694709e-010 0.000000e+000 4.810409e+002
1.968000e+003 -3.182174e-007 0.000000e+000 -6.654345e-010 0.000000e+000 4.828724e+002
1.970000e+003 -3.167938e-007 0.000000e+000 -6.625592e-010 0.000000e+000 4.838987e+002
1.972000e+003 -3.153977e-007 0.000000e+000 -6.597394e-010 0.000000e+000 4.848956e+002
1.974000e+003 -3.133125e-007 0.000000e+000 -6.555277e-010 0.000000e+000 4.869079e+002
1.976000e+003 -3.114648e-007 0.000000e+000 -6.517960e-010 0.000000e+000 4.885849e+002
1.978000e+003 -3.089422e-007 0.000000e+000 -6.467037e-010 0.000000e+000 4.910660e+002
1.980000e+003 -3.076655e-007 0.000000e+000 -6.441213e-010 0.000000e+000 4.923081e+002
1.982000e+003 -3.057554e-007 0.000000e+000 -6.402640e-010 0.000000e+000 4.941350e+002
1.984000e+003 -3.034078e-007 0.000000e+000 -6.355228e-010 0.000000e+000 4.966839e+002
1.986000e+003 -3.017546e-007 0.000000e+000 -6.321840e-010 0.000000e+000 4.981985e+002
1.988000e+003 -3.005504e-007 0.000000e+000 -6.297522e-010 0.000000e+000 4.990322e+002
1.990000e+003 -2.982207e-007 0.000000e+000 -6.250472e-010 0.000000e+000 5.016486e+002
1.992000e+003 -2.961497e-007 0.000000e+000 -6.208649e-010 0.000000e+000 5.038935e+002
1.994000e+003 -2.948439e-007 0.000000e+000 -6.182281e-010 0.000000e+000 5.049383e+002
1.996000e+003 -2.931718e-007 0.000000e+000 -6.148516e-010 0.000000e+000 5.065880e+002
1.998000e+003 -2.916663e-007 0.000000e+000 -6.118116e-010 0.000000e+000 5.079856e+002
2.000000e+003 -2.902428e-007 0.000000e+000 -6.089373e-010 0.000000e+000 5.092596e+002
2.002000e+003 -2.884963e-007 0.000000e+000 -6.054092e-010 0.000000e+000 5.111349e+002
2.004000e+003 -2.870215e-007 0.000000e+000 -6.024320e-010 0.000000e+000 5.125134e+002
2.006000e+003 -2.853198e-007 0.000000e+000 -5.989960e-010 0.000000e+000 5.143115e+002
2.008000e+003 -2.836686e-007 0.000000e+000 -5.956621e-010 0.000000e+000 5.160488e+002
2.010000e+003 -2.822835e-007 0.000000e+000 -5.928653e-010 0.000000e+000 5.173524e+002
2.012000e+003 -2.809340e-007 0.000000e+000 -5.901407e-010 0.000000e+000 5.186098e+002
2.014000e+003 -2.793228e-007 0.000000e+000 -5.868877e-010 0.000000e+000 5.203373e+002
2.016000e+003 -2.777630e-007 0.000000e+000 -5.837384e-010 0.000000e+000 5.219966e+002
2.018000e+003 -2.766082e-007 0.000000e+000 -5.814071e-010 0.000000e+000 5.229623e+002
2.020000e+003 -2.750144e-007 0.000000e+000 -5.781891e-010 0.000000e+000 5.247162e+002
2.022000e+003 -2.737604e-007 0.000000e+000 -5.756575e-010 0.000000e+000 5.258840e+002
2.024000e+003 -2.723906e-007 0.000000e+000 -5.728922e-010 0.000000e+000 5.272741e+002
2.026000e+003 -2.710503e-007 0.000000e+000 -5.701865e-010 0.000000e+000 5.286269e+002
2.028000e+003 -2.699171e-007 0.000000e+000 -5.678989e-010 0.000000e+000 5.296163e+002
2.030000e+003 -2.682648e-007 0.000000e+000 -5.645631e-010 0.000000e+000 5.315739e+002
2.032000e+003 -2.669322e-007 0.000000e+000 -5.618731e-010 0.000000e+000 5.329616e+002
2.034000e+003 -2.657527e-007 0.000000e+000 -5.594923e-010 0.000000e+000 5.340788e+002
2.036000e+003 -2.643181e-007 0.000000e+000 -5.565962e-010 0.000000e+000 5.356896e+002
2.038000e+003 -2.632164e-007 0.000000e+000 -5.543726e-010 0.000000e+000 5.366872e+002
2.040000e+003 -2.617751e-007 0.000000e+000 -5.514632e-010 0.000000e+000 5.383448e+002
2.042000e+003 -2.606196e-007 0.000000e+000 -5.491310e-010 0.000000e+000 5.394717e+002
2.044000e+003 -2.592466e-007 0.000000e+000 -5.463596e-010 0.000000e+000 5.410324e+002
2.046000e+003 -2.583252e-007 0.000000e+000 -5.445001e-010 0.000000e+000 5.417269e+002
2.048000e+003 -2.571286e-007 0.000000e+000 -5.420845e-010 0.000000e+000 5.429881e+002
2.050000e+003 -2.561137e-007 0.000000e+000 -5.400363e-010 0.000000e+000 5.438832e+002
2.052000e+003 -2.546695e-007 0.000000e+000 -5.371216e-010 0.000000e+000 5.456458e+002
2.054000e+003 -2.537002e-007 0.000000e+000 -5.351653e-010 0.000000e+000 5.464801e+002
2.056000e+003 -2.526181e-007 0.000000e+000 -5.329814e-010 0.000000e+000 5.475504e+002
2.058000e+003 -2.512095e-007 0.000000e+000 -5.301387e-010 0.000000e+000 5.492937e+002
2.060000e+003 -2.499566e-007 0.000000e+000 -5.276102e-010 0.000000e+000 5.507403e+002
2.062000e+003 -2.491708e-007 0.000000e+000 -5.260245e-010 0.000000e+000 5.512444e+002
2.064000e+003 -2.479047e-007 0.000000e+000 -5.234693e-010 0.000000e+000 5.527451e+002
2.066000e+003 -2.467794e-007 0.000000e+000 -5.211986e-010 0.000000e+000 5.539702e+002
2.068000e+003 -2.457124e-007 0.000000e+000 -5.190455e-010 0.000000e+000 5.550870e+002
2.070000e+003 -2.444295e-007 0.000000e+000 -5.164566e-010 0.000000e+000 5.566707e+002
2.072000e+003 -2.436262e-007 0.000000e+000 -5.148358e-010 0.000000e+000 5.572564e+002
2.074000e+003 -2.425218e-007 0.000000e+000 -5.126073e-010 0.000000e+000 5.584895e+002
2.076000e+003 -2.414458e-007 0.000000e+000 -5.104361e-010 0.000000e+000 5.596753e+002
2.078000e+003 -2.404716e-007 0.000000e+000 -5.084706e-010 0.000000e+000 5.606545e+002
2.080000e+003 -2.395857e-007 0.000000e+000 -5.066832e-010 0.000000e+000 5.614532e+002
2.082000e+003 -2.385239e-007 0.000000e+000 -5.045409e-010 0.000000e+000 5.626434e+002
2.084000e+003 -2.373260e-007 0.000000e+000 -5.021240e-010 0.000000e+000 5.641448e+002
2.086000e+003 -2.364898e-007 0.000000e+000 -5.004369e-010 0.000000e+000 5.648654e+002
2.088000e+003 -2.352756e-007 0.000000e+000 -4.979871e-010 0.000000e+000 5.664313e+002
2.090000e+003 -2.342158e-007 0.000000e+000 -4.958490e-010 0.000000e+000 5.676693e+002
2.092000e+003 -2.333150e-007 0.000000e+000 -4.940317e-010 0.000000e+000 5.685588e+002
2.094000e+003 -2.322982e-007 0.000000e+000 -4.919811e-010 0.000000e+000 5.697745e+002
2.096000e+003 -2.315394e-007 0.000000e+000 -4.904500e-010 0.000000e+000 5.703401e+002
2.098000e+003 -2.305450e-007 0.000000e+000 -4.884439e-010 0.000000e+000 5.714754e+002
2.100000e+003 -2.293420e-007 0.000000e+000 -4.860172e-010 0.000000e+000 5.731039e+002
2.102000e+003 -2.285223e-007 0.000000e+000 -4.843635e-010 0.000000e+000 5.738657e+002
2.104000e+003 -2.275408e-007 0.000000e+000 -4.823838e-010 0.000000e+000 5.750114e+002
2.106000e+003 -2.265744e-007 0.000000e+000 -4.804345e-010 0.000000e+000 5.761343e+002
2.108000e+003 -2.256065e-007 0.000000e+000 -4.784822e-010 0.000000e+000 5.772727e+002
2.110000e+003 -2.246858e-007 0.000000e+000 -4.766250e-010 0.000000e+000 5.783108e+002
2.112000e+003 -2.237127e-007 0.000000e+000 -4.746624e-010 0.000000e+000 5.794869e+002
2.114000e+003 -2.229090e-007 0.000000e+000 -4.730414e-010 0.000000e+000 5.802697e+002
2.116000e+003 -2.219310e-007 0.000000e+000 -4.710689e-010 0.000000e+000 5.814792e+002
2.118000e+003 -2.211239e-007 0.000000e+000 -4.694411e-010 0.000000e+000 5.822889e+002
2.120000e+003 -2.195526e-007 0.000000e+000 -4.662720e-010 0.000000e+000 5.849663e+002
2.122000e+003 -2.192576e-007 0.000000e+000 -4.656773e-010 0.000000e+000 5.845491e+002
2.124000e+003 -2.182958e-007 0.000000e+000 -4.637376e-010 0.000000e+000 5.857677e+002
2.126000e+003 -2.174411e-007 0.000000e+000 -4.620140e-010 0.000000e+000 5.867346e+002
2.128000e+003 -2.168109e-007 0.000000e+000 -4.607431e-010 0.000000e+000 5.871551e+002
2.130000e+003 -2.155449e-007 0.000000e+000 -4.581901e-010 0.000000e+000 5.891654e+002
2.132000e+003 -2.147495e-007 0.000000e+000 -4.565862e-010 0.000000e+000 5.900159e+002
2.134000e+003 -2.138069e-007 0.000000e+000 -4.546854e-010 0.000000e+000 5.912454e+002
2.136000e+003 -2.131853e-007 0.000000e+000 -4.534301e-010 0.000000e+000 5.916223e+002
2.138000e+003 -2.124090e-007 0.000000e+000 -4.518672e-010 0.000000e+000 5.925179e+002
2.140000e+003 -2.114654e-007 0.000000e+000 -4.499645e-010 0.000000e+000 5.937811e+002
2.142000e+003 -2.106286e-007 0.000000e+000 -4.482773e-010 0.000000e+000 5.947850e+002
2.144000e+003 -2.098951e-007 0.000000e+000 -4.467985e-010 0.000000e+000 5.955327e+002
2.146000e+003 -2.091231e-007 0.000000e+000 -4.452419e-010 0.000000e+000 5.963887e+002
2.148000e+003 -2.082383e-007 0.000000e+000 -4.434580e-010 0.000000e+000 5.975486e+002
2.150000e+003 -2.074659e-007 0.000000e+000 -4.419008e-010 0.000000e+000 5.984251e+002
2.152000e+003 -2.066795e-007 0.000000e+000 -4.403156e-010 0.000000e+000 5.993477e+002
2.154000e+003 -2.059843e-007 0.000000e+000 -4.389140e-010 0.000000e+000 6.000382e+002
2.156000e+003 -2.050748e-007 0.000000e+000 -4.370806e-010 0.000000e+000 6.013071e+002
2.158000e+003 -2.044813e-007 0.000000e+000 -4.358843e-010 0.000000e+000 6.017426e+002
2.160000e+003 -2.035324e-007 0.000000e+000 -4.339715e-010 0.000000e+000 6.031392e+002
2.162000e+003 -2.029504e-007 0.000000e+000 -4.327984e-010 0.000000e+000 6.035582e+002
2.164000e+003 -2.021844e-007 0.000000e+000 -4.312544e-010 0.000000e+000 6.044815e+002
2.166000e+003 -2.014336e-007 0.000000e+000 -4.297410e-010 0.000000e+000 6.053729e+002
2.168000e+003 -2.004705e-007 0.000000e+000 -4.277996e-010 0.000000e+000 6.068563e+002
2.170000e+003 -1.999208e-007 0.000000e+000 -4.266919e-010 0.000000e+000 6.072142e+002
2.172000e+003 -1.991188e-007 0.000000e+000 -4.250753e-010 0.000000e+000 6.082755e+002
2.174000e+003 -1.984254e-007 0.000000e+000 -4.236779e-010 0.000000e+000 6.090450e+002
2.176000e+003 -1.977069e-007 0.000000e+000 -4.222299e-010 0.000000e+000 6.098929e+002
2.178000e+003 -1.969761e-007 0.000000e+000 -4.207570e-010 0.000000e+000 6.107838e+002
2.180000e+003 -1.965419e-007 0.000000e+000 -4.198823e-010 0.000000e+000 6.108473e+002
2.182000e+003 -1.957772e-007 0.000000e+000 -4.183412e-010 0.000000e+000 6.118460e+002
2.184000e+003 -1.950498e-007 0.000000e+000 -4.168762e-010 0.000000e+000 6.127117e+002
2.186000e+003 -1.944624e-007 0.000000e+000 -4.156913e-010 0.000000e+000 6.132826e+002
2.188000e+003 -1.937150e-007 0.000000e+000 -4.141854e-010 0.000000e+000 6.142576e+002
2.190000e+003 -1.930613e-007 0.000000e+000 -4.128681e-010 0.000000e+000 6.149763e+002
2.192000e+003 -1.923467e-007 0.000000e+000 -4.114283e-010 0.000000e+000 6.158791e+002
2.194000e+003 -1.917455e-007 0.000000e+000 -4.102170e-010 0.000000e+000 6.164623e+002
2.196000e+003 -1.909775e-007 0.000000e+000 -4.086694e-010 0.000000e+000 6.175385e+002
2.198000e+003 -1.903690e-007 0.000000e+000 -4.074435e-010 0.000000e+000 6.181578e+002
2.200000e+003 -1.896931e-007 0.000000e+000 -4.060817e-010 0.000000e+000 6.189825e+002
