2.000000e+000 -2.395049e-001 0.000000e+000
4.000000e+000 -5.987733e-002 0.000000e+000
6.000000e+000 -2.661178e-002 0.000000e+000
8.000000e+000 -1.496861e-002 0.000000e+000
1.000000e+001 -9.579531e-003 0.000000e+000
1.200000e+001 -6.652151e-003 0.000000e+000
1.400000e+001 -4.887035e-003 0.000000e+000
1.600000e+001 -3.741405e-003 0.000000e+000
1.800000e+001 -2.955966e-003 0.000000e+000
2.000000e+001 -2.394150e-003 0.000000e+000
2.200000e+001 -1.978448e-003 0.000000e+000
2.400000e+001 -1.662292e-003 0.000000e+000
2.600000e+001 -1.416249e-003 0.000000e+000
2.800000e+001 -1.221021e-003 0.000000e+000
3.000000e+001 -1.063521e-003 0.000000e+000
3.200000e+001 -9.346184e-004 0.000000e+000
3.400000e+001 -8.277872e-004 0.000000e+000
3.600000e+001 -7.382614e-004 0.000000e+000
3.800000e+001 -6.624957e-004 0.000000e+000
4.000000e+001 -5.978080e-004 0.000000e+000
4.200000e+001 -5.421395e-004 0.000000e+000
4.400000e+001 -4.938880e-004 0.000000e+000
4.600000e+001 -4.517923e-004 0.000000e+000
4.800000e+001 -4.148480e-004 0.000000e+000
5.000000e+001 -3.822475e-004 0.000000e+000
5.200000e+001 -3.533358e-004 0.000000e+000
5.400000e+001 -3.275764e-004 0.000000e+000
5.600000e+001 -3.045273e-004 0.000000e+000
5.800000e+001 -2.838211e-004 0.000000e+000
6.000000e+001 -2.651508e-004 0.000000e+000
6.200000e+001 -2.482578e-004 0.000000e+000
6.400000e+001 -2.329235e-004 0.000000e+000
6.600000e+001 -2.189619e-004 0.000000e+000
6.800000e+001 -2.062139e-004 0.000000e+000
7.000000e+001 -1.945428e-004 0.000000e+000
7.200000e+001 -1.838306e-004 0.000000e+000
7.400000e+001 -1.739750e-004 0.000000e+000
7.600000e+001 -1.648871e-004 0.000000e+000
7.800000e+001 -1.564892e-004 0.000000e+000
8.000000e+001 -1.487130e-004 0.000000e+000
8.200000e+001 -1.414988e-004 0.000000e+000
8.400000e+001 -1.347936e-004 0.000000e+000
8.600000e+001 -1.285506e-004 0.000000e+000
8.800000e+001 -1.227284e-004 0.000000e+000
9.000000e+001 -1.172898e-004 0.000000e+000
9.200000e+001 -1.122019e-004 0.000000e+000
9.400000e+001 -1.074352e-004 0.000000e+000
9.600000e+001 -1.029631e-004 0.000000e+000
9.800000e+001 -9.876198e-005 0.000000e+000
1.000000e+002 -9.481024e-005 0.000000e+000
1.020000e+002 -9.108855e-005 0.000000e+000
1.040000e+002 -8.757937e-005 0.000000e+000
1.060000e+002 -8.426682e-005 0.000000e+000
1.080000e+002 -8.113646e-005 0.000000e+000
1.100000e+002 -7.817517e-005 0.000000e+000
1.120000e+002 -7.537097e-005 0.000000e+000
1.140000e+002 -7.271293e-005 0.000000e+000
1.160000e+002 -7.019106e-005 0.000000e+000
1.180000e+002 -6.779620e-005 0.000000e+000
1.200000e+002 -6.551995e-005 0.000000e+000
1.220000e+002 -6.335459e-005 0.000000e+000
1.240000e+002 -6.129303e-005 0.000000e+000
1.260000e+002 -5.932872e-005 0.000000e+000
1.280000e+002 -5.745564e-005 0.000000e+000
1.300000e+002 -5.566820e-005 0.000000e+000
1.320000e+002 -5.396125e-005 0.000000e+000
1.340000e+002 -5.233003e-005 0.000000e+000
1.360000e+002 -5.077010e-005 0.000000e+000
1.380000e+002 -4.927736e-005 0.000000e+000
1.400000e+002 -4.784799e-005 0.000000e+000
1.420000e+002 -4.647845e-005 0.000000e+000
1.440000e+002 -4.516544e-005 0.000000e+000
1.460000e+002 -4.390587e-005 0.000000e+000
1.480000e+002 -4.269687e-005 0.000000e+000
1.500000e+002 -4.153575e-005 0.000000e+000
1.520000e+002 -4.042002e-005 0.000000e+000
1.540000e+002 -3.934733e-005 0.000000e+000
1.560000e+002 -3.831548e-005 0.000000e+000
1.580000e+002 -3.732240e-005 0.000000e+000
1.600000e+002 -3.636619e-005 0.000000e+000
1.620000e+002 -3.544501e-005 0.000000e+000
1.640000e+002 -3.455716e-005 0.000000e+000
1.660000e+002 -3.370106e-005 0.000000e+000
1.680000e+002 -3.287518e-005 0.000000e+000
1.700000e+002 -3.207812e-005 0.000000e+000
1.720000e+002 -3.130854e-005 0.000000e+000
1.740000e+002 -3.056518e-005 0.000000e+000
1.760000e+002 -2.984684e-005 0.000000e+000
1.780000e+002 -2.915241e-005 0.000000e+000
1.800000e+002 -2.848083e-005 0.000000e+000
1.820000e+002 -2.783109e-005 0.000000e+000
1.840000e+002 -2.720225e-005 0.000000e+000
1.860000e+002 -2.659341e-005 0.000000e+000
1.880000e+002 -2.600371e-005 0.000000e+000
1.900000e+002 -2.543235e-005 0.000000e+000
1.920000e+002 -2.487857e-005 0.000000e+000
1.940000e+002 -2.434164e-005 0.000000e+000
1.960000e+002 -2.382088e-005 0.000000e+000
1.980000e+002 -2.331562e-005 0.000000e+000
2.000000e+002 -2.282525e-005 0.000000e+000
2.020000e+002 -2.234918e-005 0.000000e+000
2.040000e+002 -2.188684e-005 0.000000e+000
2.060000e+002 -2.143770e-005 0.000000e+000
2.080000e+002 -2.100125e-005 0.000000e+000
2.100000e+002 -2.057700e-005 0.000000e+000
2.120000e+002 -2.016449e-005 0.000000e+000
2.140000e+002 -1.976328e-005 0.000000e+000
2.160000e+002 -1.937294e-005 0.000000e+000
2.180000e+002 -1.899308e-005 0.000000e+000
2.200000e+002 -1.862330e-005 0.000000e+000
2.220000e+002 -1.826325e-005 0.000000e+000
2.240000e+002 -1.791257e-005 0.000000e+000
2.260000e+002 -1.757092e-005 0.000000e+000
2.280000e+002 -1.723798e-005 0.000000e+000
2.300000e+002 -1.691345e-005 0.000000e+000
2.320000e+002 -1.659704e-005 0.000000e+000
2.340000e+002 -1.628845e-005 0.000000e+000
2.360000e+002 -1.598742e-005 0.000000e+000
2.380000e+002 -1.569368e-005 0.000000e+000
2.400000e+002 -1.540700e-005 0.000000e+000
2.420000e+002 -1.512713e-005 0.000000e+000
2.440000e+002 -1.485384e-005 0.000000e+000
2.460000e+002 -1.458691e-005 0.000000e+000
2.480000e+002 -1.432613e-005 0.000000e+000
2.500000e+002 -1.407130e-005 0.000000e+000
2.520000e+002 -1.382221e-005 0.000000e+000
2.540000e+002 -1.357869e-005 0.000000e+000
2.560000e+002 -1.334055e-005 0.000000e+000
2.580000e+002 -1.310762e-005 0.000000e+000
2.600000e+002 -1.287972e-005 0.000000e+000
2.620000e+002 -1.265670e-005 0.000000e+000
2.640000e+002 -1.243840e-005 0.000000e+000
2.660000e+002 -1.222467e-005 0.000000e+000
2.680000e+002 -1.201536e-005 0.000000e+000
2.700000e+002 -1.181033e-005 0.000000e+000
2.720000e+002 -1.160945e-005 0.000000e+000
2.740000e+002 -1.141259e-005 0.000000e+000
2.760000e+002 -1.121961e-005 0.000000e+000
2.780000e+002 -1.103041e-005 0.000000e+000
2.800000e+002 -1.084484e-005 0.000000e+000
2.820000e+002 -1.066281e-005 0.000000e+000
2.840000e+002 -1.048421e-005 0.000000e+000
2.860000e+002 -1.030891e-005 0.000000e+000
2.880000e+002 -1.013682e-005 0.000000e+000
2.900000e+002 -9.967834e-006 0.000000e+000
2.920000e+002 -9.801855e-006 0.000000e+000
2.940000e+002 -9.638785e-006 0.000000e+000
2.960000e+002 -9.478531e-006 0.000000e+000
2.980000e+002 -9.321002e-006 0.000000e+000
3.000000e+002 -9.166108e-006 0.000000e+000
3.020000e+002 -9.013762e-006 0.000000e+000
3.040000e+002 -8.863880e-006 0.000000e+000
3.060000e+002 -8.716379e-006 0.000000e+000
3.080000e+002 -8.571177e-006 0.000000e+000
3.100000e+002 -8.428196e-006 0.000000e+000
3.120000e+002 -8.287357e-006 0.000000e+000
3.140000e+002 -8.148583e-006 0.000000e+000
3.160000e+002 -8.011800e-006 0.000000e+000
3.180000e+002 -7.876934e-006 0.000000e+000
3.200000e+002 -7.743911e-006 0.000000e+000
3.220000e+002 -7.612660e-006 0.000000e+000
3.240000e+002 -7.483109e-006 0.000000e+000
3.260000e+002 -7.355189e-006 0.000000e+000
3.280000e+002 -7.228828e-006 0.000000e+000
3.300000e+002 -7.103957e-006 0.000000e+000
3.320000e+002 -6.980508e-006 0.000000e+000
3.340000e+002 -6.858411e-006 0.000000e+000
3.360000e+002 -6.737597e-006 0.000000e+000
3.380000e+002 -6.617997e-006 0.000000e+000
3.400000e+002 -6.499541e-006 0.000000e+000
3.420000e+002 -6.382159e-006 0.000000e+000
3.440000e+002 -6.265781e-006 0.000000e+000
3.460000e+002 -6.150335e-006 0.000000e+000
3.480000e+002 -6.035749e-006 0.000000e+000
3.500000e+002 -5.921948e-006 0.000000e+000
3.520000e+002 -5.808858e-006 0.000000e+000
3.540000e+002 -5.696401e-006 0.000000e+000
3.560000e+002 -5.584498e-006 0.000000e+000
3.580000e+002 -5.473068e-006 0.000000e+000
3.600000e+002 -5.362026e-006 0.000000e+000
3.620000e+002 -5.251285e-006 0.000000e+000
3.640000e+002 -5.140754e-006 0.000000e+000
3.660000e+002 -5.030340e-006 0.000000e+000
3.680000e+002 -4.919942e-006 0.000000e+000
3.700000e+002 -4.809458e-006 0.000000e+000
3.720000e+002 -4.698778e-006 0.000000e+000
3.740000e+002 -4.587785e-006 0.000000e+000
3.760000e+002 -4.476358e-006 0.000000e+000
3.780000e+002 -4.364367e-006 0.000000e+000
3.800000e+002 -4.251671e-006 0.000000e+000
3.820000e+002 -4.138122e-006 0.000000e+000
3.840000e+002 -4.023560e-006 0.000000e+000
3.860000e+002 -3.907811e-006 0.000000e+000
3.880000e+002 -3.790688e-006 0.000000e+000
3.900000e+002 -3.671987e-006 0.000000e+000
3.920000e+002 -3.551488e-006 0.000000e+000
3.940000e+002 -3.428947e-006 0.000000e+000
3.960000e+002 -3.304098e-006 0.000000e+000
3.980000e+002 -3.176647e-006 0.000000e+000
4.000000e+002 -3.046269e-006 0.000000e+000
4.020000e+002 -2.912604e-006 0.000000e+000
4.040000e+002 -2.775249e-006 0.000000e+000
4.060000e+002 -2.633753e-006 0.000000e+000
4.080000e+002 -2.487608e-006 0.000000e+000
4.100000e+002 -2.336243e-006 0.000000e+000
4.120000e+002 -2.179007e-006 0.000000e+000
4.140000e+002 -2.015158e-006 0.000000e+000
4.160000e+002 -1.843846e-006 0.000000e+000
4.180000e+002 -1.664090e-006 0.000000e+000
4.200000e+002 -1.474753e-006 0.000000e+000
4.220000e+002 -1.274507e-006 0.000000e+000
4.240000e+002 -1.061794e-006 0.000000e+000
4.260000e+002 -8.347686e-007 0.000000e+000
4.280000e+002 -5.912306e-007 0.000000e+000
4.300000e+002 -3.285341e-007 0.000000e+000
4.320000e+002 -4.346751e-008 0.000000e+000
4.340000e+002 2.679077e-007 0.000000e+000
4.360000e+002 6.104752e-007 0.000000e+000
4.380000e+002 9.903669e-007 0.000000e+000
4.400000e+002 1.415391e-006 0.000000e+000
4.420000e+002 1.895649e-006 0.000000e+000
4.440000e+002 2.444440e-006 0.000000e+000
4.460000e+002 3.079647e-006 0.000000e+000
4.480000e+002 3.825892e-006 0.000000e+000
4.500000e+002 4.718046e-006 0.000000e+000
4.520000e+002 5.807185e-006 0.000000e+000
4.540000e+002 7.171242e-006 0.000000e+000
4.560000e+002 8.935339e-006 0.000000e+000
4.580000e+002 1.131388e-005 0.000000e+000
4.600000e+002 1.470749e-005 0.000000e+000
4.620000e+002 1.996127e-005 0.000000e+000
4.640000e+002 2.921787e-005 0.000000e+000
4.660000e+002 4.995908e-005 0.000000e+000
4.680000e+002 1.391148e-004 0.000000e+000
4.700000e+002 -2.232174e-004 0.000000e+000
4.720000e+002 -6.594077e-005 0.000000e+000
4.740000e+002 -3.998382e-005 0.000000e+000
4.760000e+002 -2.929832e-005 0.000000e+000
4.780000e+002 -2.345985e-005 0.000000e+000
4.800000e+002 -1.977324e-005 0.000000e+000
4.820000e+002 -1.722918e-005 0.000000e+000
4.840000e+002 -1.536432e-005 0.000000e+000
4.860000e+002 -1.393608e-005 0.000000e+000
4.880000e+002 -1.280516e-005 0.000000e+000
4.900000e+002 -1.188586e-005 0.000000e+000
4.920000e+002 -1.112256e-005 0.000000e+000
4.940000e+002 -1.047761e-005 0.000000e+000
4.960000e+002 -9.924564e-006 0.000000e+000
4.980000e+002 -9.444352e-006 0.000000e+000
5.000000e+002 -9.022845e-006 0.000000e+000
5.020000e+002 -8.649363e-006 0.000000e+000
5.040000e+002 -8.315681e-006 0.000000e+000
5.060000e+002 -8.015361e-006 0.000000e+000
5.080000e+002 -7.743290e-006 0.000000e+000
5.100000e+002 -7.495359e-006 0.000000e+000
5.120000e+002 -7.268226e-006 0.000000e+000
5.140000e+002 -7.059143e-006 0.000000e+000
5.160000e+002 -6.865835e-006 0.000000e+000
5.180000e+002 -6.686395e-006 0.000000e+000
5.200000e+002 -6.519218e-006 0.000000e+000
5.220000e+002 -6.362942e-006 0.000000e+000
5.240000e+002 -6.216402e-006 0.000000e+000
5.260000e+002 -6.078597e-006 0.000000e+000
5.280000e+002 -5.948661e-006 0.000000e+000
5.300000e+002 -5.825843e-006 0.000000e+000
5.320000e+002 -5.709486e-006 0.000000e+000
5.340000e+002 -5.599013e-006 0.000000e+000
5.360000e+002 -5.493918e-006 0.000000e+000
5.380000e+002 -5.393751e-006 0.000000e+000
5.400000e+002 -5.298114e-006 0.000000e+000
5.420000e+002 -5.206651e-006 0.000000e+000
5.440000e+002 -5.119045e-006 0.000000e+000
5.460000e+002 -5.035012e-006 0.000000e+000
5.480000e+002 -4.954295e-006 0.000000e+000
5.500000e+002 -4.876663e-006 0.000000e+000
5.520000e+002 -4.801907e-006 0.000000e+000
5.540000e+002 -4.729838e-006 0.000000e+000
5.560000e+002 -4.660282e-006 0.000000e+000
5.580000e+002 -4.593082e-006 0.000000e+000
5.600000e+002 -4.528096e-006 0.000000e+000
5.620000e+002 -4.465192e-006 0.000000e+000
5.640000e+002 -4.404248e-006 0.000000e+000
5.660000e+002 -4.345155e-006 0.000000e+000
5.680000e+002 -4.287811e-006 0.000000e+000
5.700000e+002 -4.232120e-006 0.000000e+000
5.720000e+002 -4.177997e-006 0.000000e+000
5.740000e+002 -4.125360e-006 0.000000e+000
5.760000e+002 -4.074135e-006 0.000000e+000
5.780000e+002 -4.024253e-006 0.000000e+000
5.800000e+002 -3.975649e-006 0.000000e+000
5.820000e+002 -3.928262e-006 0.000000e+000
5.840000e+002 -3.882038e-006 0.000000e+000
5.860000e+002 -3.836923e-006 0.000000e+000
5.880000e+002 -3.792869e-006 0.000000e+000
5.900000e+002 -3.749829e-006 0.000000e+000
5.920000e+002 -3.707761e-006 0.000000e+000
5.940000e+002 -3.666624e-006 0.000000e+000
5.960000e+002 -3.626381e-006 0.000000e+000
5.980000e+002 -3.586995e-006 0.000000e+000
6.000000e+002 -3.548433e-006 0.000000e+000
6.020000e+002 -3.510664e-006 0.000000e+000
6.040000e+002 -3.473657e-006 0.000000e+000
6.060000e+002 -3.437384e-006 0.000000e+000
6.080000e+002 -3.401818e-006 0.000000e+000
6.100000e+002 -3.366934e-006 0.000000e+000
6.120000e+002 -3.332709e-006 0.000000e+000
6.140000e+002 -3.299118e-006 0.000000e+000
6.160000e+002 -3.266141e-006 0.000000e+000
6.180000e+002 -3.233758e-006 0.000000e+000
6.200000e+002 -3.201948e-006 0.000000e+000
6.220000e+002 -3.170693e-006 0.000000e+000
6.240000e+002 -3.139975e-006 0.000000e+000
6.260000e+002 -3.109778e-006 0.000000e+000
6.280000e+002 -3.080085e-006 0.000000e+000
6.300000e+002 -3.050881e-006 0.000000e+000
6.320000e+002 -3.022152e-006 0.000000e+000
6.340000e+002 -2.993884e-006 0.000000e+000
6.360000e+002 -2.966062e-006 0.000000e+000
6.380000e+002 -2.938675e-006 0.000000e+000
6.400000e+002 -2.911709e-006 0.000000e+000
6.420000e+002 -2.885154e-006 0.000000e+000
6.440000e+002 -2.858998e-006 0.000000e+000
6.460000e+002 -2.833229e-006 0.000000e+000
6.480000e+002 -2.807839e-006 0.000000e+000
6.500000e+002 -2.782816e-006 0.000000e+000
6.520000e+002 -2.758152e-006 0.000000e+000
6.540000e+002 -2.733836e-006 0.000000e+000
6.560000e+002 -2.709861e-006 0.000000e+000
6.580000e+002 -2.686217e-006 0.000000e+000
6.600000e+002 -2.662896e-006 0.000000e+000
6.620000e+002 -2.639891e-006 0.000000e+000
6.640000e+002 -2.617194e-006 0.000000e+000
6.660000e+002 -2.594797e-006 0.000000e+000
6.680000e+002 -2.572693e-006 0.000000e+000
6.700000e+002 -2.550876e-006 0.000000e+000
6.720000e+002 -2.529339e-006 0.000000e+000
6.740000e+002 -2.508075e-006 0.000000e+000
6.760000e+002 -2.487078e-006 0.000000e+000
6.780000e+002 -2.466342e-006 0.000000e+000
6.800000e+002 -2.445862e-006 0.000000e+000
6.820000e+002 -2.425632e-006 0.000000e+000
6.840000e+002 -2.405646e-006 0.000000e+000
6.860000e+002 -2.385899e-006 0.000000e+000
6.880000e+002 -2.366386e-006 0.000000e+000
6.900000e+002 -2.347103e-006 0.000000e+000
6.920000e+002 -2.328043e-006 0.000000e+000
6.940000e+002 -2.309204e-006 0.000000e+000
6.960000e+002 -2.290579e-006 0.000000e+000
6.980000e+002 -2.272166e-006 0.000000e+000
7.000000e+002 -2.253958e-006 0.000000e+000
7.020000e+002 -2.235954e-006 0.000000e+000
7.040000e+002 -2.218147e-006 0.000000e+000
7.060000e+002 -2.200535e-006 0.000000e+000
7.080000e+002 -2.183114e-006 0.000000e+000
7.100000e+002 -2.165880e-006 0.000000e+000
7.120000e+002 -2.148829e-006 0.000000e+000
7.140000e+002 -2.131958e-006 0.000000e+000
7.160000e+002 -2.115264e-006 0.000000e+000
7.180000e+002 -2.098743e-006 0.000000e+000
7.200000e+002 -2.082392e-006 0.000000e+000
7.220000e+002 -2.066207e-006 0.000000e+000
7.240000e+002 -2.050186e-006 0.000000e+000
7.260000e+002 -2.034327e-006 0.000000e+000
7.280000e+002 -2.018624e-006 0.000000e+000
7.300000e+002 -2.003077e-006 0.000000e+000
7.320000e+002 -1.987683e-006 0.000000e+000
7.340000e+002 -1.972437e-006 0.000000e+000
7.360000e+002 -1.957339e-006 0.000000e+000
7.380000e+002 -1.942384e-006 0.000000e+000
7.400000e+002 -1.927572e-006 0.000000e+000
7.420000e+002 -1.912899e-006 0.000000e+000
7.440000e+002 -1.898362e-006 0.000000e+000
7.460000e+002 -1.883961e-006 0.000000e+000
7.480000e+002 -1.869691e-006 0.000000e+000
7.500000e+002 -1.855551e-006 0.000000e+000
7.520000e+002 -1.841539e-006 0.000000e+000
7.540000e+002 -1.827653e-006 0.000000e+000
7.560000e+002 -1.813890e-006 0.000000e+000
7.580000e+002 -1.800248e-006 0.000000e+000
7.600000e+002 -1.786726e-006 0.000000e+000
7.620000e+002 -1.773321e-006 0.000000e+000
7.640000e+002 -1.760032e-006 0.000000e+000
7.660000e+002 -1.746856e-006 0.000000e+000
7.680000e+002 -1.733792e-006 0.000000e+000
7.700000e+002 -1.720838e-006 0.000000e+000
7.720000e+002 -1.707992e-006 0.000000e+000
7.740000e+002 -1.695252e-006 0.000000e+000
7.760000e+002 -1.682616e-006 0.000000e+000
7.780000e+002 -1.670084e-006 0.000000e+000
7.800000e+002 -1.657652e-006 0.000000e+000
7.820000e+002 -1.645320e-006 0.000000e+000
7.840000e+002 -1.633087e-006 0.000000e+000
7.860000e+002 -1.620949e-006 0.000000e+000
7.880000e+002 -1.608906e-006 0.000000e+000
7.900000e+002 -1.596957e-006 0.000000e+000
7.920000e+002 -1.585099e-006 0.000000e+000
7.940000e+002 -1.573332e-006 0.000000e+000
7.960000e+002 -1.561654e-006 0.000000e+000
7.980000e+002 -1.550063e-006 0.000000e+000
8.000000e+002 -1.538558e-006 0.000000e+000
8.020000e+002 -1.527138e-006 0.000000e+000
8.040000e+002 -1.515802e-006 0.000000e+000
8.060000e+002 -1.504547e-006 0.000000e+000
8.080000e+002 -1.493373e-006 0.000000e+000
8.100000e+002 -1.482278e-006 0.000000e+000
8.120000e+002 -1.471262e-006 0.000000e+000
8.140000e+002 -1.460322e-006 0.000000e+000
8.160000e+002 -1.449458e-006 0.000000e+000
8.180000e+002 -1.438668e-006 0.000000e+000
8.200000e+002 -1.427951e-006 0.000000e+000
8.220000e+002 -1.417304e-006 0.000000e+000
8.240000e+002 -1.406720e-006 0.000000e+000
8.260000e+002 -1.396276e-006 0.000000e+000
8.280000e+002 -1.385811e-006 0.000000e+000
8.300000e+002 -1.375439e-006 0.000000e+000
8.320000e+002 -1.365137e-006 0.000000e+000
8.340000e+002 -1.354901e-006 0.000000e+000
8.360000e+002 -1.344729e-006 0.000000e+000
8.380000e+002 -1.334621e-006 0.000000e+000
8.400000e+002 -1.324575e-006 0.000000e+000
8.420000e+002 -1.314590e-006 0.000000e+000
8.440000e+002 -1.304665e-006 0.000000e+000
8.460000e+002 -1.294799e-006 0.000000e+000
8.480000e+002 -1.284991e-006 0.000000e+000
8.500000e+002 -1.275240e-006 0.000000e+000
8.520000e+002 -1.265546e-006 0.000000e+000
8.540000e+002 -1.255906e-006 0.000000e+000
8.560000e+002 -1.246321e-006 0.000000e+000
8.580000e+002 -1.236788e-006 0.000000e+000
8.600000e+002 -1.227308e-006 0.000000e+000
8.620000e+002 -1.217879e-006 0.000000e+000
8.640000e+002 -1.208501e-006 0.000000e+000
8.660000e+002 -1.199172e-006 0.000000e+000
8.680000e+002 -1.189891e-006 0.000000e+000
8.700000e+002 -1.180658e-006 0.000000e+000
8.720000e+002 -1.171471e-006 0.000000e+000
8.740000e+002 -1.162331e-006 0.000000e+000
8.760000e+002 -1.153235e-006 0.000000e+000
8.780000e+002 -1.144183e-006 0.000000e+000
8.800000e+002 -1.135175e-006 0.000000e+000
8.820000e+002 -1.126208e-006 0.000000e+000
8.840000e+002 -1.117283e-006 0.000000e+000
8.860000e+002 -1.108399e-006 0.000000e+000
8.880000e+002 -1.099554e-006 0.000000e+000
8.900000e+002 -1.090748e-006 0.000000e+000
8.920000e+002 -1.081980e-006 0.000000e+000
8.940000e+002 -1.073249e-006 0.000000e+000
8.960000e+002 -1.064554e-006 0.000000e+000
8.980000e+002 -1.055895e-006 0.000000e+000
9.000000e+002 -1.047270e-006 0.000000e+000
9.020000e+002 -1.038679e-006 0.000000e+000
9.040000e+002 -1.030121e-006 0.000000e+000
9.060000e+002 -1.021595e-006 0.000000e+000
9.080000e+002 -1.013100e-006 0.000000e+000
9.100000e+002 -1.004635e-006 0.000000e+000
9.120000e+002 -9.962006e-007 0.000000e+000
9.140000e+002 -9.877944e-007 0.000000e+000
9.160000e+002 -9.794161e-007 0.000000e+000
9.180000e+002 -9.710649e-007 0.000000e+000
9.200000e+002 -9.627399e-007 0.000000e+000
9.220000e+002 -9.544403e-007 0.000000e+000
9.240000e+002 -9.461652e-007 0.000000e+000
9.260000e+002 -9.379138e-007 0.000000e+000
9.280000e+002 -9.296853e-007 0.000000e+000
9.300000e+002 -9.214787e-007 0.000000e+000
9.320000e+002 -9.132934e-007 0.000000e+000
9.340000e+002 -9.051284e-007 0.000000e+000
9.360000e+002 -8.969829e-007 0.000000e+000
9.380000e+002 -8.888558e-007 0.000000e+000
9.400000e+002 -8.807466e-007 0.000000e+000
9.420000e+002 -8.726542e-007 0.000000e+000
9.440000e+002 -8.645778e-007 0.000000e+000
9.460000e+002 -8.565165e-007 0.000000e+000
9.480000e+002 -8.484694e-007 0.000000e+000
9.500000e+002 -8.404356e-007 0.000000e+000
9.520000e+002 -8.324143e-007 0.000000e+000
9.540000e+002 -8.244044e-007 0.000000e+000
9.560000e+002 -8.164051e-007 0.000000e+000
9.580000e+002 -8.084155e-007 0.000000e+000
9.600000e+002 -8.004347e-007 0.000000e+000
9.620000e+002 -7.924616e-007 0.000000e+000
9.640000e+002 -7.844953e-007 0.000000e+000
9.660000e+002 -7.765348e-007 0.000000e+000
9.680000e+002 -7.685792e-007 0.000000e+000
9.700000e+002 -7.606275e-007 0.000000e+000
9.720000e+002 -7.526787e-007 0.000000e+000
9.740000e+002 -7.447317e-007 0.000000e+000
9.760000e+002 -7.367855e-007 0.000000e+000
9.780000e+002 -7.288390e-007 0.000000e+000
9.800000e+002 -7.208913e-007 0.000000e+000
9.820000e+002 -7.129412e-007 0.000000e+000
9.840000e+002 -7.049875e-007 0.000000e+000
9.860000e+002 -6.970293e-007 0.000000e+000
9.880000e+002 -6.890653e-007 0.000000e+000
9.900000e+002 -6.810944e-007 0.000000e+000
9.920000e+002 -6.731155e-007 0.000000e+000
9.940000e+002 -6.651272e-007 0.000000e+000
9.960000e+002 -6.571285e-007 0.000000e+000
9.980000e+002 -6.491180e-007 0.000000e+000
1.000000e+003 -6.410944e-007 0.000000e+000
1.002000e+003 -6.330566e-007 0.000000e+000
1.004000e+003 -6.250030e-007 0.000000e+000
1.006000e+003 -6.169325e-007 0.000000e+000
1.008000e+003 -6.088436e-007 0.000000e+000
1.010000e+003 -6.007348e-007 0.000000e+000
1.012000e+003 -5.926048e-007 0.000000e+000
1.014000e+003 -5.844521e-007 0.000000e+000
1.016000e+003 -5.762750e-007 0.000000e+000
1.018000e+003 -5.680722e-007 0.000000e+000
1.020000e+003 -5.598419e-007 0.000000e+000
1.022000e+003 -5.515825e-007 0.000000e+000
1.024000e+003 -5.432924e-007 0.000000e+000
1.026000e+003 -5.349698e-007 0.000000e+000
1.028000e+003 -5.266129e-007 0.000000e+000
1.030000e+003 -5.182200e-007 0.000000e+000
1.032000e+003 -5.097891e-007 0.000000e+000
1.034000e+003 -5.013184e-007 0.000000e+000
1.036000e+003 -4.928057e-007 0.000000e+000
1.038000e+003 -4.842492e-007 0.000000e+000
1.040000e+003 -4.756466e-007 0.000000e+000
1.042000e+003 -4.669958e-007 0.000000e+000
1.044000e+003 -4.582946e-007 0.000000e+000
1.046000e+003 -4.495405e-007 0.000000e+000
1.048000e+003 -4.407313e-007 0.000000e+000
1.050000e+003 -4.318645e-007 0.000000e+000
1.052000e+003 -4.229374e-007 0.000000e+000
1.054000e+003 -4.139473e-007 0.000000e+000
1.056000e+003 -4.048915e-007 0.000000e+000
1.058000e+003 -3.957667e-007 0.000000e+000
1.060000e+003 -3.865689e-007 0.000000e+000
1.062000e+003 -3.772870e-007 0.000000e+000
1.064000e+003 -3.680007e-007 0.000000e+000
1.066000e+003 -3.585449e-007 0.000000e+000
1.068000e+003 -3.490295e-007 0.000000e+000
1.070000e+003 -3.394291e-007 0.000000e+000
1.072000e+003 -3.297382e-007 0.000000e+000
1.074000e+003 -3.199526e-007 0.000000e+000
1.076000e+003 -3.100682e-007 0.000000e+000
1.078000e+003 -3.000809e-007 0.000000e+000
1.080000e+003 -2.899862e-007 0.000000e+000
1.082000e+003 -2.797798e-007 0.000000e+000
1.084000e+003 -2.694569e-007 0.000000e+000
1.086000e+003 -2.590128e-007 0.000000e+000
1.088000e+003 -2.484422e-007 0.000000e+000
1.090000e+003 -2.377400e-007 0.000000e+000
1.092000e+003 -2.269006e-007 0.000000e+000
1.094000e+003 -2.159182e-007 0.000000e+000
1.096000e+003 -2.047868e-007 0.000000e+000
1.098000e+003 -1.935001e-007 0.000000e+000
1.100000e+003 -1.820513e-007 0.000000e+000
1.102000e+003 -1.704335e-007 0.000000e+000
1.104000e+003 -1.586395e-007 0.000000e+000
1.106000e+003 -1.466615e-007 0.000000e+000
1.108000e+003 -1.344915e-007 0.000000e+000
1.110000e+003 -1.221210e-007 0.000000e+000
1.112000e+003 -1.095411e-007 0.000000e+000
1.114000e+003 -9.674233e-008 0.000000e+000
1.116000e+003 -8.371486e-008 0.000000e+000
1.118000e+003 -7.044820e-008 0.000000e+000
1.120000e+003 -5.693133e-008 0.000000e+000
1.122000e+003 -4.315258e-008 0.000000e+000
1.124000e+003 -2.909961e-008 0.000000e+000
1.126000e+003 -1.475938e-008 0.000000e+000
1.128000e+003 -1.180619e-010 0.000000e+000
1.130000e+003 1.483902e-008 0.000000e+000
1.132000e+003 3.012744e-008 0.000000e+000
1.134000e+003 4.576373e-008 0.000000e+000
1.136000e+003 6.176548e-008 0.000000e+000
1.138000e+003 7.815143e-008 0.000000e+000
1.140000e+003 9.494155e-008 0.000000e+000
1.142000e+003 1.121571e-007 0.000000e+000
1.144000e+003 1.298209e-007 0.000000e+000
1.146000e+003 1.479573e-007 0.000000e+000
1.148000e+003 1.665923e-007 0.000000e+000
1.150000e+003 1.857539e-007 0.000000e+000
1.152000e+003 2.054720e-007 0.000000e+000
1.154000e+003 2.257790e-007 0.000000e+000
1.156000e+003 2.467095e-007 0.000000e+000
1.158000e+003 2.683009e-007 0.000000e+000
1.160000e+003 2.905936e-007 0.000000e+000
1.162000e+003 3.136314e-007 0.000000e+000
1.164000e+003 3.374615e-007 0.000000e+000
1.166000e+003 3.621353e-007 0.000000e+000
1.168000e+003 3.877085e-007 0.000000e+000
1.170000e+003 4.142418e-007 0.000000e+000
1.172000e+003 4.418016e-007 0.000000e+000
1.174000e+003 4.704602e-007 0.000000e+000
1.176000e+003 5.002968e-007 0.000000e+000
1.178000e+003 5.313985e-007 0.000000e+000
1.180000e+003 5.638611e-007 0.000000e+000
1.182000e+003 5.977900e-007 0.000000e+000
1.184000e+003 6.333021e-007 0.000000e+000
1.186000e+003 6.705265e-007 0.000000e+000
1.188000e+003 7.096072e-007 0.000000e+000
1.190000e+003 7.507043e-007 0.000000e+000
1.192000e+003 7.939971e-007 0.000000e+000
1.194000e+003 8.396868e-007 0.000000e+000
1.196000e+003 8.880007e-007 0.000000e+000
1.198000e+003 9.392006e-007 0.000000e+000
1.200000e+003 9.933802e-007 0.000000e+000
1.202000e+003 1.051366e-006 0.000000e+000
1.204000e+003 1.113101e-006 0.000000e+000
1.206000e+003 1.179137e-006 0.000000e+000
1.208000e+003 1.249980e-006 0.000000e+000
1.210000e+003 1.326210e-006 0.000000e+000
1.212000e+003 1.408508e-006 0.000000e+000
1.214000e+003 1.497669e-006 0.000000e+000
1.216000e+003 1.594639e-006 0.000000e+000
1.218000e+003 1.700542e-006 0.000000e+000
1.220000e+003 1.816730e-006 0.000000e+000
1.222000e+003 1.944843e-006 0.000000e+000
1.224000e+003 2.086888e-006 0.000000e+000
1.226000e+003 2.245351e-006 0.000000e+000
1.228000e+003 2.423346e-006 0.000000e+000
1.230000e+003 2.624830e-006 0.000000e+000
1.232000e+003 2.854906e-006 0.000000e+000
1.234000e+003 3.120268e-006 0.000000e+000
1.236000e+003 3.429883e-006 0.000000e+000
1.238000e+003 3.796037e-006 0.000000e+000
1.240000e+003 4.236028e-006 0.000000e+000
1.242000e+003 4.775015e-006 0.000000e+000
1.244000e+003 5.451058e-006 0.000000e+000
1.246000e+003 6.324597e-006 0.000000e+000
1.248000e+003 7.497745e-006 0.000000e+000
1.250000e+003 9.157676e-006 0.000000e+000
1.252000e+003 1.168851e-005 0.000000e+000
1.254000e+003 1.602279e-005 0.000000e+000
1.256000e+003 2.516356e-005 0.000000e+000
1.258000e+003 5.709933e-005 0.000000e+000
1.260000e+003 -2.328309e-004 0.000000e+000
1.262000e+003 -3.889576e-005 0.000000e+000
1.264000e+003 -2.138823e-005 0.000000e+000
1.266000e+003 -1.482526e-005 0.000000e+000
1.268000e+003 -1.138631e-005 0.000000e+000
1.270000e+003 -9.268489e-006 0.000000e+000
1.272000e+003 -7.832348e-006 0.000000e+000
1.274000e+003 -6.793768e-006 0.000000e+000
1.276000e+003 -6.007249e-006 0.000000e+000
1.278000e+003 -5.390562e-006 0.000000e+000
1.280000e+003 -4.893730e-006 0.000000e+000
1.282000e+003 -4.484625e-006 0.000000e+000
1.284000e+003 -4.141653e-006 0.000000e+000
1.286000e+003 -3.849764e-006 0.000000e+000
1.288000e+003 -3.598147e-006 0.000000e+000
1.290000e+003 -3.378835e-006 0.000000e+000
1.292000e+003 -3.185826e-006 0.000000e+000
1.294000e+003 -3.014516e-006 0.000000e+000
1.296000e+003 -2.861309e-006 0.000000e+000
1.298000e+003 -2.723358e-006 0.000000e+000
1.300000e+003 -2.598380e-006 0.000000e+000
1.302000e+003 -2.484519e-006 0.000000e+000
1.304000e+003 -2.380256e-006 0.000000e+000
1.306000e+003 -2.284328e-006 0.000000e+000
1.308000e+003 -2.195682e-006 0.000000e+000
1.310000e+003 -2.113432e-006 0.000000e+000
1.312000e+003 -2.036822e-006 0.000000e+000
1.314000e+003 -1.965207e-006 0.000000e+000
1.316000e+003 -1.898032e-006 0.000000e+000
1.318000e+003 -1.834813e-006 0.000000e+000
1.320000e+003 -1.775128e-006 0.000000e+000
1.322000e+003 -1.718601e-006 0.000000e+000
1.324000e+003 -1.664897e-006 0.000000e+000
1.326000e+003 -1.613702e-006 0.000000e+000
1.328000e+003 -1.564710e-006 0.000000e+000
1.330000e+003 -1.517577e-006 0.000000e+000
1.332000e+003 -1.471771e-006 0.000000e+000
1.334000e+003 -1.425561e-006 0.000000e+000
1.336000e+003 -1.383965e-006 0.000000e+000
1.338000e+003 -1.376748e-006 0.000000e+000
1.340000e+003 -1.319870e-006 0.000000e+000
1.342000e+003 -1.275604e-006 0.000000e+000
1.344000e+003 -1.242789e-006 0.000000e+000
1.346000e+003 -1.207895e-006 0.000000e+000
1.348000e+003 -1.172261e-006 0.000000e+000
1.350000e+003 -1.137902e-006 0.000000e+000
1.352000e+003 -1.104329e-006 0.000000e+000
1.354000e+003 -1.071377e-006 0.000000e+000
1.356000e+003 -1.038930e-006 0.000000e+000
1.358000e+003 -1.006887e-006 0.000000e+000
1.360000e+003 -9.751553e-007 0.000000e+000
1.362000e+003 -9.436466e-007 0.000000e+000
1.364000e+003 -9.122729e-007 0.000000e+000
1.366000e+003 -8.809445e-007 0.000000e+000
1.368000e+003 -8.495675e-007 0.000000e+000
1.370000e+003 -8.180381e-007 0.000000e+000
1.372000e+003 -7.862321e-007 0.000000e+000
1.374000e+003 -7.539751e-007 0.000000e+000
1.376000e+003 -7.209289e-007 0.000000e+000
1.378000e+003 -6.858379e-007 0.000000e+000
1.380000e+003 -5.573502e-007 0.000000e+000
1.382000e+003 -6.285129e-007 0.000000e+000
1.384000e+003 -5.908979e-007 0.000000e+000
1.386000e+003 -5.488113e-007 0.000000e+000
1.388000e+003 -5.182903e-007 0.000000e+000
1.390000e+003 -4.792306e-007 0.000000e+000
1.392000e+003 -4.390966e-007 0.000000e+000
1.394000e+003 -3.973451e-007 0.000000e+000
1.396000e+003 -3.536480e-007 0.000000e+000
1.398000e+003 -3.076802e-007 0.000000e+000
1.400000e+003 -2.590816e-007 0.000000e+000
1.402000e+003 -2.074390e-007 0.000000e+000
1.404000e+003 -1.522688e-007 0.000000e+000
1.406000e+003 -9.299749e-008 0.000000e+000
1.408000e+003 -2.893756e-008 0.000000e+000
1.410000e+003 4.074458e-008 0.000000e+000
1.412000e+003 1.170711e-007 0.000000e+000
1.414000e+003 2.013108e-007 0.000000e+000
1.416000e+003 2.950599e-007 0.000000e+000
1.418000e+003 4.003559e-007 0.000000e+000
1.420000e+003 5.198435e-007 0.000000e+000
1.422000e+003 6.570201e-007 0.000000e+000
1.424000e+003 8.166112e-007 0.000000e+000
1.426000e+003 1.005164e-006 0.000000e+000
1.428000e+003 1.232020e-006 0.000000e+000
1.430000e+003 1.510987e-006 0.000000e+000
1.432000e+003 1.863374e-006 0.000000e+000
1.434000e+003 2.323894e-006 0.000000e+000
1.436000e+003 2.953166e-006 0.000000e+000
1.438000e+003 3.867455e-006 0.000000e+000
1.440000e+003 5.321551e-006 0.000000e+000
1.442000e+003 8.002704e-006 0.000000e+000
1.444000e+003 1.462479e-005 0.000000e+000
1.446000e+003 5.836807e-005 0.000000e+000
1.448000e+003 -3.376894e-005 0.000000e+000
1.450000e+003 -1.378233e-005 0.000000e+000
1.452000e+003 -8.902270e-006 0.000000e+000
1.454000e+003 -6.674338e-006 0.000000e+000
1.456000e+003 -5.685545e-006 0.000000e+000
1.458000e+003 -4.659518e-006 0.000000e+000
1.460000e+003 -4.046615e-006 0.000000e+000
1.462000e+003 -3.489521e-006 0.000000e+000
1.464000e+003 -3.640309e-006 0.000000e+000
1.466000e+003 -3.185587e-006 0.000000e+000
1.468000e+003 -2.938705e-006 0.000000e+000
1.470000e+003 -2.747320e-006 0.000000e+000
1.472000e+003 -2.589442e-006 0.000000e+000
1.474000e+003 -2.455414e-006 0.000000e+000
1.476000e+003 -2.339138e-006 0.000000e+000
1.478000e+003 -2.234470e-006 0.000000e+000
1.480000e+003 -2.212465e-006 0.000000e+000
1.482000e+003 -2.081273e-006 0.000000e+000
1.484000e+003 -2.007485e-006 0.000000e+000
1.486000e+003 -1.942394e-006 0.000000e+000
1.488000e+003 -1.883413e-006 0.000000e+000
1.490000e+003 -1.830611e-006 0.000000e+000
1.492000e+003 -1.783216e-006 0.000000e+000
1.494000e+003 -1.737117e-006 0.000000e+000
1.496000e+003 -1.695272e-006 0.000000e+000
1.498000e+003 -1.656499e-006 0.000000e+000
1.500000e+003 -1.620397e-006 0.000000e+000
1.502000e+003 -1.586664e-006 0.000000e+000
1.504000e+003 -1.555047e-006 0.000000e+000
1.506000e+003 -1.525332e-006 0.000000e+000
1.508000e+003 -1.497333e-006 0.000000e+000
1.510000e+003 -1.470890e-006 0.000000e+000
1.512000e+003 -1.445862e-006 0.000000e+000
1.514000e+003 -1.422125e-006 0.000000e+000
1.516000e+003 -1.399569e-006 0.000000e+000
1.518000e+003 -1.378097e-006 0.000000e+000
1.520000e+003 -1.357624e-006 0.000000e+000
1.522000e+003 -1.338071e-006 0.000000e+000
1.524000e+003 -1.319369e-006 0.000000e+000
1.526000e+003 -1.301456e-006 0.000000e+000
1.528000e+003 -1.284277e-006 0.000000e+000
1.530000e+003 -1.267778e-006 0.000000e+000
1.532000e+003 -1.251916e-006 0.000000e+000
1.534000e+003 -1.236647e-006 0.000000e+000
1.536000e+003 -1.221934e-006 0.000000e+000
1.538000e+003 -1.207740e-006 0.000000e+000
1.540000e+003 -1.194035e-006 0.000000e+000
1.542000e+003 -1.180787e-006 0.000000e+000
1.544000e+003 -1.167969e-006 0.000000e+000
1.546000e+003 -1.155556e-006 0.000000e+000
1.548000e+003 -1.143522e-006 0.000000e+000
1.550000e+003 -1.131843e-006 0.000000e+000
1.552000e+003 -1.120494e-006 0.000000e+000
1.554000e+003 -1.109447e-006 0.000000e+000
1.556000e+003 -1.098660e-006 0.000000e+000
1.558000e+003 -1.088059e-006 0.000000e+000
1.560000e+003 -1.077304e-006 0.000000e+000
1.562000e+003 -1.060169e-006 0.000000e+000
1.564000e+003 -1.059817e-006 0.000000e+000
1.566000e+003 -1.055816e-006 0.000000e+000
1.568000e+003 -1.042288e-006 0.000000e+000
1.570000e+003 -1.032953e-006 0.000000e+000
1.572000e+003 -1.024105e-006 0.000000e+000
1.574000e+003 -1.015547e-006 0.000000e+000
1.576000e+003 -1.007223e-006 0.000000e+000
1.578000e+003 -9.991056e-007 0.000000e+000
1.580000e+003 -9.911802e-007 0.000000e+000
1.582000e+003 -9.834347e-007 0.000000e+000
1.584000e+003 -9.758597e-007 0.000000e+000
1.586000e+003 -9.699621e-007 0.000000e+000
1.588000e+003 -9.614232e-007 0.000000e+000
1.590000e+003 -9.544219e-007 0.000000e+000
1.592000e+003 -9.476185e-007 0.000000e+000
1.594000e+003 -9.422817e-007 0.000000e+000
1.596000e+003 -9.355560e-007 0.000000e+000
1.598000e+003 -9.294719e-007 0.000000e+000
1.600000e+003 -9.174452e-007 0.000000e+000
1.602000e+003 -9.174480e-007 0.000000e+000
1.604000e+003 -9.055020e-007 0.000000e+000
1.606000e+003 -9.005273e-007 0.000000e+000
1.608000e+003 -8.966164e-007 0.000000e+000
1.610000e+003 -8.920733e-007 0.000000e+000
1.612000e+003 -8.853122e-007 0.000000e+000
1.614000e+003 -8.797426e-007 0.000000e+000
1.616000e+003 -8.739370e-007 0.000000e+000
1.618000e+003 -8.718462e-007 0.000000e+000
1.620000e+003 -8.565118e-007 0.000000e+000
1.622000e+003 -8.550339e-007 0.000000e+000
1.624000e+003 -8.499513e-007 0.000000e+000
1.626000e+003 -8.457333e-007 0.000000e+000
1.628000e+003 -8.372443e-007 0.000000e+000
1.630000e+003 -8.359063e-007 0.000000e+000
1.632000e+003 -8.292746e-007 0.000000e+000
1.634000e+003 -8.277549e-007 0.000000e+000
1.636000e+003 -8.193172e-007 0.000000e+000
1.638000e+003 -8.153487e-007 0.000000e+000
1.640000e+003 -8.114133e-007 0.000000e+000
1.642000e+003 -8.061250e-007 0.000000e+000
1.644000e+003 -8.000053e-007 0.000000e+000
1.646000e+003 -7.974629e-007 0.000000e+000
1.648000e+003 -7.934224e-007 0.000000e+000
1.650000e+003 -7.869479e-007 0.000000e+000
1.652000e+003 -7.824766e-007 0.000000e+000
1.654000e+003 -7.799547e-007 0.000000e+000
1.656000e+003 -7.749017e-007 0.000000e+000
1.658000e+003 -7.702540e-007 0.000000e+000
1.660000e+003 -7.657603e-007 0.000000e+000
1.662000e+003 -7.631913e-007 0.000000e+000
1.664000e+003 -7.576815e-007 0.000000e+000
1.666000e+003 -7.546536e-007 0.000000e+000
1.668000e+003 -7.514367e-007 0.000000e+000
1.670000e+003 -7.471659e-007 0.000000e+000
1.672000e+003 -7.430188e-007 0.000000e+000
1.674000e+003 -7.405894e-007 0.000000e+000
1.676000e+003 -7.368988e-007 0.000000e+000
1.678000e+003 -7.310854e-007 0.000000e+000
1.680000e+003 -7.297157e-007 0.000000e+000
1.682000e+003 -7.244368e-007 0.000000e+000
1.684000e+003 -7.214196e-007 0.000000e+000
1.686000e+003 -7.176109e-007 0.000000e+000
1.688000e+003 -7.148790e-007 0.000000e+000
1.690000e+003 -7.112625e-007 0.000000e+000
1.692000e+003 -7.077255e-007 0.000000e+000
1.694000e+003 -7.029360e-007 0.000000e+000
1.696000e+003 -7.002937e-007 0.000000e+000
1.698000e+003 -6.971221e-007 0.000000e+000
1.700000e+003 -6.932594e-007 0.000000e+000
1.702000e+003 -6.900670e-007 0.000000e+000
1.704000e+003 -6.871409e-007 0.000000e+000
1.706000e+003 -6.830864e-007 0.000000e+000
1.708000e+003 -6.819243e-007 0.000000e+000
1.710000e+003 -6.772949e-007 0.000000e+000
1.712000e+003 -6.743104e-007 0.000000e+000
1.714000e+003 -6.711844e-007 0.000000e+000
1.716000e+003 -6.681569e-007 0.000000e+000
1.718000e+003 -6.650525e-007 0.000000e+000
1.720000e+003 -6.622682e-007 0.000000e+000
1.722000e+003 -6.593111e-007 0.000000e+000
1.724000e+003 -6.566989e-007 0.000000e+000
1.726000e+003 -6.526622e-007 0.000000e+000
1.728000e+003 -6.506249e-007 0.000000e+000
1.730000e+003 -6.473575e-007 0.000000e+000
1.732000e+003 -6.435317e-007 0.000000e+000
1.734000e+003 -6.415058e-007 0.000000e+000
1.736000e+003 -6.392709e-007 0.000000e+000
1.738000e+003 -6.365268e-007 0.000000e+000
1.740000e+003 -6.340541e-007 0.000000e+000
1.742000e+003 -6.314470e-007 0.000000e+000
1.744000e+003 -6.279305e-007 0.000000e+000
1.746000e+003 -6.255568e-007 0.000000e+000
1.748000e+003 -6.226667e-007 0.000000e+000
1.750000e+003 -6.207239e-007 0.000000e+000
1.752000e+003 -6.175796e-007 0.000000e+000
1.754000e+003 -6.149111e-007 0.000000e+000
1.756000e+003 -6.127943e-007 0.000000e+000
1.758000e+003 -6.096781e-007 0.000000e+000
1.760000e+003 -6.079858e-007 0.000000e+000
1.762000e+003 -6.048371e-007 0.000000e+000
1.764000e+003 -6.025280e-007 0.000000e+000
1.766000e+003 -6.001741e-007 0.000000e+000
1.768000e+003 -5.973268e-007 0.000000e+000
1.770000e+003 -5.949362e-007 0.000000e+000
1.772000e+003 -5.919253e-007 0.000000e+000
1.774000e+003 -5.894304e-007 0.000000e+000
1.776000e+003 -5.873933e-007 0.000000e+000
1.778000e+003 -5.855187e-007 0.000000e+000
1.780000e+003 -5.824376e-007 0.000000e+000
1.782000e+003 -5.804174e-007 0.000000e+000
1.784000e+003 -5.774716e-007 0.000000e+000
1.786000e+003 -5.754473e-007 0.000000e+000
1.788000e+003 -5.732157e-007 0.000000e+000
1.790000e+003 -5.706515e-007 0.000000e+000
1.792000e+003 -5.683168e-007 0.000000e+000
1.794000e+003 -5.657091e-007 0.000000e+000
1.796000e+003 -5.638199e-007 0.000000e+000
1.798000e+003 -5.612142e-007 0.000000e+000
1.800000e+003 -5.592616e-007 0.000000e+000
1.802000e+003 -5.560534e-007 0.000000e+000
1.804000e+003 -5.548066e-007 0.000000e+000
1.806000e+003 -5.530844e-007 0.000000e+000
1.808000e+003 -5.507501e-007 0.000000e+000
1.810000e+003 -5.483261e-007 0.000000e+000
1.812000e+003 -5.456002e-007 0.000000e+000
1.814000e+003 -5.444263e-007 0.000000e+000
1.816000e+003 -5.423912e-007 0.000000e+000
1.818000e+003 -5.398889e-007 0.000000e+000
1.820000e+003 -5.372341e-007 0.000000e+000
1.822000e+003 -5.351739e-007 0.000000e+000
1.824000e+003 -5.335509e-007 0.000000e+000
1.826000e+003 -5.314612e-007 0.000000e+000
1.828000e+003 -5.295786e-007 0.000000e+000
1.830000e+003 -5.273928e-007 0.000000e+000
1.832000e+003 -5.254302e-007 0.000000e+000
1.834000e+003 -5.229072e-007 0.000000e+000
1.836000e+003 -5.214584e-007 0.000000e+000
1.838000e+003 -5.187905e-007 0.000000e+000
1.840000e+003 -5.170492e-007 0.000000e+000
1.842000e+003 -5.145059e-007 0.000000e+000
1.844000e+003 -5.131918e-007 0.000000e+000
1.846000e+003 -5.114411e-007 0.000000e+000
1.848000e+003 -5.094107e-007 0.000000e+000
1.850000e+003 -5.074906e-007 0.000000e+000
1.852000e+003 -5.053300e-007 0.000000e+000
1.854000e+003 -5.035082e-007 0.000000e+000
1.856000e+003 -5.008126e-007 0.000000e+000
1.858000e+003 -4.994521e-007 0.000000e+000
1.860000e+003 -4.969558e-007 0.000000e+000
1.862000e+003 -4.951987e-007 0.000000e+000
1.864000e+003 -4.931127e-007 0.000000e+000
1.866000e+003 -4.920344e-007 0.000000e+000
1.868000e+003 -4.901824e-007 0.000000e+000
1.870000e+003 -4.885273e-007 0.000000e+000
1.872000e+003 -4.857623e-007 0.000000e+000
1.874000e+003 -4.841617e-007 0.000000e+000
1.876000e+003 -4.828751e-007 0.000000e+000
1.878000e+003 -4.802141e-007 0.000000e+000
1.880000e+003 -4.786944e-007 0.000000e+000
1.882000e+003 -4.761966e-007 0.000000e+000
1.884000e+003 -4.746462e-007 0.000000e+000
1.886000e+003 -4.735063e-007 0.000000e+000
1.888000e+003 -4.714023e-007 0.000000e+000
1.890000e+003 -4.694462e-007 0.000000e+000
1.892000e+003 -4.679691e-007 0.000000e+000
1.894000e+003 -4.654341e-007 0.000000e+000
1.896000e+003 -4.642192e-007 0.000000e+000
1.898000e+003 -4.619228e-007 0.000000e+000
1.900000e+003 -4.609995e-007 0.000000e+000
1.902000e+003 -4.578563e-007 0.000000e+000
1.904000e+003 -4.562156e-007 0.000000e+000
1.906000e+003 -4.555487e-007 0.000000e+000
1.908000e+003 -4.528879e-007 0.000000e+000
1.910000e+003 -4.513846e-007 0.000000e+000
1.912000e+003 -4.495953e-007 0.000000e+000
1.914000e+003 -4.463081e-007 0.000000e+000
1.916000e+003 -4.452150e-007 0.000000e+000
1.918000e+003 -4.430781e-007 0.000000e+000
1.920000e+003 -4.433013e-007 0.000000e+000
1.922000e+003 -4.403313e-007 0.000000e+000
1.924000e+003 -4.376367e-007 0.000000e+000
1.926000e+003 -4.359499e-007 0.000000e+000
1.928000e+003 -4.345409e-007 0.000000e+000
1.930000e+003 -4.323234e-007 0.000000e+000
1.932000e+003 -4.315272e-007 0.000000e+000
1.934000e+003 -4.308403e-007 0.000000e+000
1.936000e+003 -4.278980e-007 0.000000e+000
1.938000e+003 -4.263478e-007 0.000000e+000
1.940000e+003 -4.241141e-007 0.000000e+000
1.942000e+003 -4.227994e-007 0.000000e+000
1.944000e+003 -4.211686e-007 0.000000e+000
1.946000e+003 -4.197748e-007 0.000000e+000
1.948000e+003 -4.179101e-007 0.000000e+000
1.950000e+003 -4.161416e-007 0.000000e+000
1.952000e+003 -4.149184e-007 0.000000e+000
1.954000e+003 -4.120743e-007 0.000000e+000
1.956000e+003 -4.105530e-007 0.000000e+000
1.958000e+003 -4.089617e-007 0.000000e+000
1.960000e+003 -4.069903e-007 0.000000e+000
1.962000e+003 -4.051522e-007 0.000000e+000
1.964000e+003 -4.034536e-007 0.000000e+000
1.966000e+003 -4.012611e-007 0.000000e+000
1.968000e+003 -4.006172e-007 0.000000e+000
1.970000e+003 -3.982088e-007 0.000000e+000
1.972000e+003 -3.967813e-007 0.000000e+000
1.974000e+003 -3.947976e-007 0.000000e+000
1.976000e+003 -3.928828e-007 0.000000e+000
1.978000e+003 -3.896263e-007 0.000000e+000
1.980000e+003 -3.888028e-007 0.000000e+000
1.982000e+003 -3.870229e-007 0.000000e+000
1.984000e+003 -3.856316e-007 0.000000e+000
1.986000e+003 -3.833498e-007 0.000000e+000
1.988000e+003 -3.811495e-007 0.000000e+000
1.990000e+003 -3.797642e-007 0.000000e+000
1.992000e+003 -3.780786e-007 0.000000e+000
1.994000e+003 -3.754674e-007 0.000000e+000
1.996000e+003 -3.741897e-007 0.000000e+000
1.998000e+003 -3.720574e-007 0.000000e+000
2.000000e+003 -3.688350e-007 0.000000e+000
2.002000e+003 -3.689548e-007 0.000000e+000
2.004000e+003 -3.659265e-007 0.000000e+000
2.006000e+003 -3.649061e-007 0.000000e+000
2.008000e+003 -3.624560e-007 0.000000e+000
2.010000e+003 -3.607288e-007 0.000000e+000
2.012000e+003 -3.591035e-007 0.000000e+000
2.014000e+003 -3.567198e-007 0.000000e+000
2.016000e+003 -3.550701e-007 0.000000e+000
2.018000e+003 -3.533491e-007 0.000000e+000
2.020000e+003 -3.502292e-007 0.000000e+000
2.022000e+003 -3.495635e-007 0.000000e+000
2.024000e+003 -3.484316e-007 0.000000e+000
2.026000e+003 -3.452111e-007 0.000000e+000
2.028000e+003 -3.446676e-007 0.000000e+000
2.030000e+003 -3.399456e-007 0.000000e+000
2.032000e+003 -3.319628e-007 0.000000e+000
2.034000e+003 -3.365639e-007 0.000000e+000
2.036000e+003 -3.348263e-007 0.000000e+000
2.038000e+003 -3.316899e-007 0.000000e+000
2.040000e+003 -3.304744e-007 0.000000e+000
2.042000e+003 -3.266862e-007 0.000000e+000
2.044000e+003 -3.247822e-007 0.000000e+000
2.046000e+003 -3.211564e-007 0.000000e+000
2.048000e+003 -3.199325e-007 0.000000e+000
2.050000e+003 -3.160419e-007 0.000000e+000
2.052000e+003 -3.160550e-007 0.000000e+000
2.054000e+003 -3.124581e-007 0.000000e+000
2.056000e+003 -3.105602e-007 0.000000e+000
2.058000e+003 -3.081097e-007 0.000000e+000
2.060000e+003 -3.052190e-007 0.000000e+000
2.062000e+003 -3.007603e-007 0.000000e+000
2.064000e+003 -2.981561e-007 0.000000e+000
2.066000e+003 -2.983516e-007 0.000000e+000
2.068000e+003 -2.927738e-007 0.000000e+000
2.070000e+003 -2.918435e-007 0.000000e+000
2.072000e+003 -2.863024e-007 0.000000e+000
2.074000e+003 -3.014348e-007 0.000000e+000
2.076000e+003 -2.784308e-007 0.000000e+000
2.078000e+003 -2.760848e-007 0.000000e+000
2.080000e+003 -2.729826e-007 0.000000e+000
2.082000e+003 -2.704453e-007 0.000000e+000
2.084000e+003 -2.676379e-007 0.000000e+000
2.086000e+003 -2.626034e-007 0.000000e+000
2.088000e+003 -2.604748e-007 0.000000e+000
2.090000e+003 -2.548667e-007 0.000000e+000
2.092000e+003 -2.494029e-007 0.000000e+000
2.094000e+003 -2.467301e-007 0.000000e+000
2.096000e+003 -2.404838e-007 0.000000e+000
2.098000e+003 -2.360812e-007 0.000000e+000
2.100000e+003 -2.281144e-007 0.000000e+000
2.102000e+003 -2.265261e-007 0.000000e+000
2.104000e+003 -2.184661e-007 0.000000e+000
2.106000e+003 -2.103130e-007 0.000000e+000
2.108000e+003 -2.077042e-007 0.000000e+000
2.110000e+003 -2.013562e-007 0.000000e+000
2.112000e+003 -1.739948e-007 0.000000e+000
2.114000e+003 -1.844469e-007 0.000000e+000
2.116000e+003 -1.818687e-007 0.000000e+000
2.118000e+003 -1.713713e-007 0.000000e+000
2.120000e+003 -1.688624e-007 0.000000e+000
2.122000e+003 -1.630792e-007 0.000000e+000
2.124000e+003 -1.588054e-007 0.000000e+000
2.126000e+003 -1.456173e-007 0.000000e+000
2.128000e+003 -1.266740e-007 0.000000e+000
2.130000e+003 -1.310150e-007 0.000000e+000
2.132000e+003 -9.645731e-008 0.000000e+000
2.134000e+003 -8.980349e-008 0.000000e+000
2.136000e+003 -7.410539e-008 0.000000e+000
2.138000e+003 -5.918401e-008 0.000000e+000
2.140000e+003 -3.758671e-008 0.000000e+000
2.142000e+003 -2.020399e-008 0.000000e+000
2.144000e+003 2.532613e-008 0.000000e+000
2.146000e+003 1.551727e-008 0.000000e+000
2.148000e+003 4.487739e-008 0.000000e+000
2.150000e+003 9.162789e-008 0.000000e+000
2.152000e+003 1.245033e-007 0.000000e+000
2.154000e+003 2.668015e-007 0.000000e+000
2.156000e+003 3.187116e-007 0.000000e+000
2.158000e+003 3.321088e-007 0.000000e+000
2.160000e+003 3.713444e-007 0.000000e+000
2.162000e+003 7.028136e-007 0.000000e+000
2.164000e+003 7.665931e-007 0.000000e+000
2.166000e+003 9.283682e-007 0.000000e+000
2.168000e+003 1.748268e-006 0.000000e+000
2.170000e+003 1.902085e-006 0.000000e+000
2.172000e+003 9.998178e-006 0.000000e+000
2.174000e+003 -1.811651e-005 0.000000e+000
2.176000e+003 -3.962233e-006 0.000000e+000
2.178000e+003 -2.620251e-006 0.000000e+000
2.180000e+003 -1.968690e-006 0.000000e+000
2.182000e+003 -1.388915e-006 0.000000e+000
2.184000e+003 -1.257971e-006 0.000000e+000
2.186000e+003 -1.164630e-006 0.000000e+000
2.188000e+003 -1.065449e-006 0.000000e+000
2.190000e+003 -8.805742e-007 0.000000e+000
2.192000e+003 -9.265900e-007 0.000000e+000
2.194000e+003 -8.431760e-007 0.000000e+000
2.196000e+003 -7.595717e-007 0.000000e+000
2.198000e+003 -7.482886e-007 0.000000e+000
2.200000e+003 -6.777292e-007 0.000000e+000
