1.000000e+002 -7.346995e-005 0.000000e+000
1.100000e+002 -6.052941e-005 0.000000e+000
1.200000e+002 -5.068386e-005 0.000000e+000
1.300000e+002 -4.301835e-005 0.000000e+000
1.400000e+002 -3.693251e-005 0.000000e+000
1.500000e+002 -3.201912e-005 0.000000e+000
1.600000e+002 -2.799406e-005 0.000000e+000
1.700000e+002 -2.465417e-005 0.000000e+000
1.800000e+002 -2.185110e-005 0.000000e+000
1.900000e+002 -1.947441e-005 0.000000e+000
2.000000e+002 -1.744053e-005 0.000000e+000
2.100000e+002 -1.568521e-005 0.000000e+000
2.200000e+002 -1.415843e-005 0.000000e+000
2.300000e+002 -1.282071e-005 0.000000e+000
2.400000e+002 -1.164055e-005 0.000000e+000
2.500000e+002 -1.059250e-005 0.000000e+000
2.600000e+002 -9.655814e-006 0.000000e+000
2.700000e+002 -8.813375e-006 0.000000e+000
2.800000e+002 -8.050904e-006 0.000000e+000
2.900000e+002 -7.356353e-006 0.000000e+000
3.000000e+002 -6.719411e-006 0.000000e+000
3.010000e+002 -6.658530e-006 0.000000e+000
3.020000e+002 -6.598127e-006 0.000000e+000
3.030000e+002 -6.538194e-006 0.000000e+000
3.040000e+002 -6.478721e-006 0.000000e+000
3.050000e+002 -6.419701e-006 0.000000e+000
3.060000e+002 -6.361126e-006 0.000000e+000
3.070000e+002 -6.302988e-006 0.000000e+000
3.080000e+002 -6.245280e-006 0.000000e+000
3.090000e+002 -6.187993e-006 0.000000e+000
3.100000e+002 -6.131120e-006 0.000000e+000
3.110000e+002 -6.074654e-006 0.000000e+000
3.120000e+002 -6.018587e-006 0.000000e+000
3.130000e+002 -5.962912e-006 0.000000e+000
3.140000e+002 -5.907621e-006 0.000000e+000
3.150000e+002 -5.852707e-006 0.000000e+000
3.160000e+002 -5.798163e-006 0.000000e+000
3.170000e+002 -5.743982e-006 0.000000e+000
3.180000e+002 -5.690156e-006 0.000000e+000
3.190000e+002 -5.636679e-006 0.000000e+000
3.200000e+002 -5.583544e-006 0.000000e+000
3.210000e+002 -5.530743e-006 0.000000e+000
3.220000e+002 -5.478270e-006 0.000000e+000
3.230000e+002 -5.426118e-006 0.000000e+000
3.240000e+002 -5.374281e-006 0.000000e+000
3.250000e+002 -5.322751e-006 0.000000e+000
3.260000e+002 -5.271521e-006 0.000000e+000
3.270000e+002 -5.220586e-006 0.000000e+000
3.280000e+002 -5.169938e-006 0.000000e+000
3.290000e+002 -5.119571e-006 0.000000e+000
3.300000e+002 -5.069478e-006 0.000000e+000
3.310000e+002 -5.019652e-006 0.000000e+000
3.320000e+002 -4.970088e-006 0.000000e+000
3.330000e+002 -4.920778e-006 0.000000e+000
3.340000e+002 -4.871716e-006 0.000000e+000
3.350000e+002 -4.822895e-006 0.000000e+000
3.360000e+002 -4.774309e-006 0.000000e+000
3.370000e+002 -4.725952e-006 0.000000e+000
3.380000e+002 -4.677817e-006 0.000000e+000
3.390000e+002 -4.629897e-006 0.000000e+000
3.400000e+002 -4.582186e-006 0.000000e+000
3.410000e+002 -4.534677e-006 0.000000e+000
3.420000e+002 -4.487364e-006 0.000000e+000
3.430000e+002 -4.440241e-006 0.000000e+000
3.440000e+002 -4.393300e-006 0.000000e+000
3.450000e+002 -4.346536e-006 0.000000e+000
3.460000e+002 -4.299941e-006 0.000000e+000
3.470000e+002 -4.253509e-006 0.000000e+000
3.480000e+002 -4.207234e-006 0.000000e+000
3.490000e+002 -4.161108e-006 0.000000e+000
3.500000e+002 -4.115125e-006 0.000000e+000
3.510000e+002 -4.069279e-006 0.000000e+000
3.520000e+002 -4.023561e-006 0.000000e+000
3.530000e+002 -3.977966e-006 0.000000e+000
3.540000e+002 -3.932487e-006 0.000000e+000
3.550000e+002 -3.887116e-006 0.000000e+000
3.560000e+002 -3.841847e-006 0.000000e+000
3.570000e+002 -3.796673e-006 0.000000e+000
3.580000e+002 -3.751585e-006 0.000000e+000
3.590000e+002 -3.706578e-006 0.000000e+000
3.600000e+002 -3.661643e-006 0.000000e+000
3.610000e+002 -3.616773e-006 0.000000e+000
3.620000e+002 -3.571961e-006 0.000000e+000
3.630000e+002 -3.527199e-006 0.000000e+000
3.640000e+002 -3.482479e-006 0.000000e+000
3.650000e+002 -3.437794e-006 0.000000e+000
3.660000e+002 -3.393135e-006 0.000000e+000
3.670000e+002 -3.348494e-006 0.000000e+000
3.680000e+002 -3.303864e-006 0.000000e+000
3.690000e+002 -3.259235e-006 0.000000e+000
3.700000e+002 -3.214599e-006 0.000000e+000
3.710000e+002 -3.169948e-006 0.000000e+000
3.720000e+002 -3.125272e-006 0.000000e+000
3.730000e+002 -3.080563e-006 0.000000e+000
3.740000e+002 -3.035811e-006 0.000000e+000
3.750000e+002 -2.991007e-006 0.000000e+000
3.760000e+002 -2.946141e-006 0.000000e+000
3.770000e+002 -2.901203e-006 0.000000e+000
3.780000e+002 -2.856184e-006 0.000000e+000
3.790000e+002 -2.811073e-006 0.000000e+000
3.800000e+002 -2.765859e-006 0.000000e+000
3.810000e+002 -2.720532e-006 0.000000e+000
3.820000e+002 -2.675080e-006 0.000000e+000
3.830000e+002 -2.629492e-006 0.000000e+000
3.840000e+002 -2.583757e-006 0.000000e+000
3.850000e+002 -2.537861e-006 0.000000e+000
3.860000e+002 -2.491794e-006 0.000000e+000
3.870000e+002 -2.445541e-006 0.000000e+000
3.880000e+002 -2.399091e-006 0.000000e+000
3.890000e+002 -2.352429e-006 0.000000e+000
3.900000e+002 -2.305541e-006 0.000000e+000
3.910000e+002 -2.258413e-006 0.000000e+000
3.920000e+002 -2.211031e-006 0.000000e+000
3.930000e+002 -2.163378e-006 0.000000e+000
3.940000e+002 -2.115439e-006 0.000000e+000
3.950000e+002 -2.067197e-006 0.000000e+000
3.960000e+002 -2.018635e-006 0.000000e+000
3.970000e+002 -1.969737e-006 0.000000e+000
3.980000e+002 -1.920483e-006 0.000000e+000
3.990000e+002 -1.870854e-006 0.000000e+000
4.000000e+002 -1.820831e-006 0.000000e+000
4.010000e+002 -1.770393e-006 0.000000e+000
4.020000e+002 -1.719520e-006 0.000000e+000
4.030000e+002 -1.668188e-006 0.000000e+000
4.040000e+002 -1.616375e-006 0.000000e+000
4.050000e+002 -1.564058e-006 0.000000e+000
4.060000e+002 -1.511210e-006 0.000000e+000
4.070000e+002 -1.457806e-006 0.000000e+000
4.080000e+002 -1.403819e-006 0.000000e+000
4.090000e+002 -1.349221e-006 0.000000e+000
4.100000e+002 -1.293981e-006 0.000000e+000
4.110000e+002 -1.238069e-006 0.000000e+000
4.120000e+002 -1.181452e-006 0.000000e+000
4.130000e+002 -1.124097e-006 0.000000e+000
4.140000e+002 -1.065967e-006 0.000000e+000
4.150000e+002 -1.007025e-006 0.000000e+000
4.160000e+002 -9.472324e-007 0.000000e+000
4.170000e+002 -8.865473e-007 0.000000e+000
4.180000e+002 -8.249265e-007 0.000000e+000
4.190000e+002 -7.623244e-007 0.000000e+000
4.200000e+002 -6.986928e-007 0.000000e+000
4.210000e+002 -6.339813e-007 0.000000e+000
4.220000e+002 -5.681363e-007 0.000000e+000
4.230000e+002 -5.011014e-007 0.000000e+000
4.240000e+002 -4.328170e-007 0.000000e+000
4.250000e+002 -3.632200e-007 0.000000e+000
4.260000e+002 -2.922436e-007 0.000000e+000
4.270000e+002 -2.198172e-007 0.000000e+000
4.280000e+002 -1.458656e-007 0.000000e+000
4.290000e+002 -7.030917e-008 0.000000e+000
4.300000e+002 6.936787e-009 0.000000e+000
4.310000e+002 8.596235e-008 0.000000e+000
4.320000e+002 1.668636e-007 0.000000e+000
4.330000e+002 2.497427e-007 0.000000e+000
4.340000e+002 3.347091e-007 0.000000e+000
4.350000e+002 4.218795e-007 0.000000e+000
4.360000e+002 5.113788e-007 0.000000e+000
4.370000e+002 6.033408e-007 0.000000e+000
4.380000e+002 6.979093e-007 0.000000e+000
4.390000e+002 7.952384e-007 0.000000e+000
4.400000e+002 8.954940e-007 0.000000e+000
4.410000e+002 9.988548e-007 0.000000e+000
4.420000e+002 1.105514e-006 0.000000e+000
4.430000e+002 1.215679e-006 0.000000e+000
4.440000e+002 1.329576e-006 0.000000e+000
4.450000e+002 1.447448e-006 0.000000e+000
4.460000e+002 1.569562e-006 0.000000e+000
4.470000e+002 1.696206e-006 0.000000e+000
4.480000e+002 1.827693e-006 0.000000e+000
4.490000e+002 1.964367e-006 0.000000e+000
4.500000e+002 2.106604e-006 0.000000e+000
4.510000e+002 2.254814e-006 0.000000e+000
4.520000e+002 2.409450e-006 0.000000e+000
4.530000e+002 2.571010e-006 0.000000e+000
4.540000e+002 2.740043e-006 0.000000e+000
4.550000e+002 2.917157e-006 0.000000e+000
4.560000e+002 3.103027e-006 0.000000e+000
4.570000e+002 3.298403e-006 0.000000e+000
4.580000e+002 3.504123e-006 0.000000e+000
4.590000e+002 3.721125e-006 0.000000e+000
4.600000e+002 3.950462e-006 0.000000e+000
4.610000e+002 4.193321e-006 0.000000e+000
4.620000e+002 4.451045e-006 0.000000e+000
4.630000e+002 4.725158e-006 0.000000e+000
4.640000e+002 5.017402e-006 0.000000e+000
4.650000e+002 5.329767e-006 0.000000e+000
4.660000e+002 5.664548e-006 0.000000e+000
4.670000e+002 6.024400e-006 0.000000e+000
4.680000e+002 6.412411e-006 0.000000e+000
4.690000e+002 6.832195e-006 0.000000e+000
4.700000e+002 7.288013e-006 0.000000e+000
4.710000e+002 7.784918e-006 0.000000e+000
4.720000e+002 8.328950e-006 0.000000e+000
4.730000e+002 8.927394e-006 0.000000e+000
4.740000e+002 9.589111e-006 0.000000e+000
4.750000e+002 1.032500e-005 0.000000e+000
4.760000e+002 1.114859e-005 0.000000e+000
4.770000e+002 1.207695e-005 0.000000e+000
4.780000e+002 1.313183e-005 0.000000e+000
4.790000e+002 1.434149e-005 0.000000e+000
4.800000e+002 1.574322e-005 0.000000e+000
4.810000e+002 1.738739e-005 0.000000e+000
4.820000e+002 1.934362e-005 0.000000e+000
4.830000e+002 2.171099e-005 0.000000e+000
4.840000e+002 2.463550e-005 0.000000e+000
4.850000e+002 2.834154e-005 0.000000e+000
4.860000e+002 3.319264e-005 0.000000e+000
4.870000e+002 3.981913e-005 0.000000e+000
4.880000e+002 4.941793e-005 0.000000e+000
4.890000e+002 6.457364e-005 0.000000e+000
4.900000e+002 9.209039e-005 0.000000e+000
4.910000e+002 1.575408e-004 0.000000e+000
4.920000e+002 5.137483e-004 0.000000e+000
4.930000e+002 -4.255846e-004 0.000000e+000
4.940000e+002 -1.527646e-004 0.000000e+000
4.950000e+002 -9.392172e-005 0.000000e+000
4.960000e+002 -6.822414e-005 0.000000e+000
4.970000e+002 -5.381727e-005 0.000000e+000
4.980000e+002 -4.459793e-005 0.000000e+000
4.990000e+002 -3.819014e-005 0.000000e+000
5.000000e+002 -3.347675e-005 0.000000e+000
5.100000e+002 -1.581570e-005 0.000000e+000
5.200000e+002 -1.089970e-005 0.000000e+000
5.300000e+002 -8.550982e-006 0.000000e+000
5.400000e+002 -7.153186e-006 0.000000e+000
5.500000e+002 -6.213122e-006 0.000000e+000
5.600000e+002 -5.529443e-006 0.000000e+000
5.700000e+002 -5.004495e-006 0.000000e+000
5.800000e+002 -4.585115e-006 0.000000e+000
5.900000e+002 -4.239837e-006 0.000000e+000
6.000000e+002 -3.948818e-006 0.000000e+000
6.100000e+002 -3.698896e-006 0.000000e+000
6.200000e+002 -3.480984e-006 0.000000e+000
6.300000e+002 -3.288587e-006 0.000000e+000
6.400000e+002 -3.116935e-006 0.000000e+000
6.500000e+002 -2.962433e-006 0.000000e+000
6.600000e+002 -2.822317e-006 0.000000e+000
6.700000e+002 -2.694421e-006 0.000000e+000
6.800000e+002 -2.577019e-006 0.000000e+000
6.900000e+002 -2.468718e-006 0.000000e+000
7.000000e+002 -2.368376e-006 0.000000e+000
7.100000e+002 -2.275048e-006 0.000000e+000
7.200000e+002 -2.187944e-006 0.000000e+000
7.300000e+002 -2.106394e-006 0.000000e+000
7.400000e+002 -2.029829e-006 0.000000e+000
7.500000e+002 -1.957759e-006 0.000000e+000
7.600000e+002 -1.889761e-006 0.000000e+000
7.700000e+002 -1.825465e-006 0.000000e+000
7.800000e+002 -1.764546e-006 0.000000e+000
7.900000e+002 -1.706720e-006 0.000000e+000
8.000000e+002 -1.651732e-006 0.000000e+000
8.100000e+002 -1.599357e-006 0.000000e+000
8.200000e+002 -1.549392e-006 0.000000e+000
8.300000e+002 -1.501654e-006 0.000000e+000
8.400000e+002 -1.455979e-006 0.000000e+000
8.500000e+002 -1.412218e-006 0.000000e+000
8.600000e+002 -1.370232e-006 0.000000e+000
8.700000e+002 -1.329899e-006 0.000000e+000
8.800000e+002 -1.291102e-006 0.000000e+000
8.900000e+002 -1.253735e-006 0.000000e+000
9.000000e+002 -1.217699e-006 0.000000e+000
9.100000e+002 -1.182904e-006 0.000000e+000
9.200000e+002 -1.149262e-006 0.000000e+000
9.300000e+002 -1.116692e-006 0.000000e+000
9.400000e+002 -1.085119e-006 0.000000e+000
9.500000e+002 -1.054468e-006 0.000000e+000
9.600000e+002 -1.024669e-006 0.000000e+000
9.700000e+002 -9.956561e-007 0.000000e+000
9.800000e+002 -9.673617e-007 0.000000e+000
9.900000e+002 -9.397212e-007 0.000000e+000
1.000000e+003 -9.126705e-007 0.000000e+000
