5.000000e+000 1.341487e-005 0.000000e+000 1.331036e-005 0.000000e+000 1.316652e-005 0.000000e+000 1.333213e-005 0.000000e+000
1.000000e+001 1.344317e-005 0.000000e+000 1.333860e-005 0.000000e+000 1.319475e-005 0.000000e+000 1.336038e-005 0.000000e+000
1.500000e+001 1.349061e-005 0.000000e+000 1.338595e-005 0.000000e+000 1.324205e-005 0.000000e+000 1.340774e-005 0.000000e+000
2.000000e+001 1.355760e-005 0.000000e+000 1.345280e-005 0.000000e+000 1.330885e-005 0.000000e+000 1.347462e-005 0.000000e+000
2.500000e+001 1.364472e-005 0.000000e+000 1.353974e-005 0.000000e+000 1.339573e-005 0.000000e+000 1.356159e-005 0.000000e+000
3.000000e+001 1.375274e-005 0.000000e+000 1.364755e-005 0.000000e+000 1.350345e-005 0.000000e+000 1.366943e-005 0.000000e+000
3.500000e+001 1.388265e-005 0.000000e+000 1.377720e-005 0.000000e+000 1.363300e-005 0.000000e+000 1.379911e-005 0.000000e+000
4.000000e+001 1.403565e-005 0.000000e+000 1.392989e-005 0.000000e+000 1.378557e-005 0.000000e+000 1.395186e-005 0.000000e+000
4.500000e+001 1.421321e-005 0.000000e+000 1.410710e-005 0.000000e+000 1.396264e-005 0.000000e+000 1.412912e-005 0.000000e+000
5.000000e+001 1.441710e-005 0.000000e+000 1.431058e-005 0.000000e+000 1.416596e-005 0.000000e+000 1.433266e-005 0.000000e+000
5.500000e+001 1.464942e-005 0.000000e+000 1.454243e-005 0.000000e+000 1.439764e-005 0.000000e+000 1.456459e-005 0.000000e+000
6.000000e+001 1.491267e-005 0.000000e+000 1.480516e-005 0.000000e+000 1.466017e-005 0.000000e+000 1.482741e-005 0.000000e+000
6.500000e+001 1.520985e-005 0.000000e+000 1.510175e-005 0.000000e+000 1.495652e-005 0.000000e+000 1.512409e-005 0.000000e+000
7.000000e+001 1.554451e-005 0.000000e+000 1.543573e-005 0.000000e+000 1.529025e-005 0.000000e+000 1.545818e-005 0.000000e+000
7.500000e+001 1.592087e-005 0.000000e+000 1.581135e-005 0.000000e+000 1.566558e-005 0.000000e+000 1.583391e-005 0.000000e+000
8.000000e+001 1.634404e-005 0.000000e+000 1.623366e-005 0.000000e+000 1.608757e-005 0.000000e+000 1.625636e-005 0.000000e+000
8.500000e+001 1.682012e-005 0.000000e+000 1.670880e-005 0.000000e+000 1.656234e-005 0.000000e+000 1.673164e-005 0.000000e+000
9.000000e+001 1.735655e-005 0.000000e+000 1.724415e-005 0.000000e+000 1.709729e-005 0.000000e+000 1.726717e-005 0.000000e+000
9.500000e+001 1.796239e-005 0.000000e+000 1.784879e-005 0.000000e+000 1.770147e-005 0.000000e+000 1.787200e-005 0.000000e+000
1.000000e+002 1.864884e-005 0.000000e+000 1.853386e-005 0.000000e+000 1.838603e-005 0.000000e+000 1.855728e-005 0.000000e+000
1.050000e+002 1.942979e-005 0.000000e+000 1.931326e-005 0.000000e+000 1.916484e-005 0.000000e+000 1.933693e-005 0.000000e+000
1.100000e+002 2.032280e-005 0.000000e+000 2.020449e-005 0.000000e+000 2.005540e-005 0.000000e+000 2.022844e-005 0.000000e+000
1.150000e+002 2.135024e-005 0.000000e+000 2.122989e-005 0.000000e+000 2.108003e-005 0.000000e+000 2.125416e-005 0.000000e+000
1.200000e+002 2.254112e-005 0.000000e+000 2.241839e-005 0.000000e+000 2.226764e-005 0.000000e+000 2.244304e-005 0.000000e+000
1.250000e+002 2.393367e-005 0.000000e+000 2.380818e-005 0.000000e+000 2.365639e-005 0.000000e+000 2.383326e-005 0.000000e+000
1.300000e+002 2.557938e-005 0.000000e+000 2.545062e-005 0.000000e+000 2.529761e-005 0.000000e+000 2.547621e-005 0.000000e+000
1.350000e+002 2.754917e-005 0.000000e+000 2.741650e-005 0.000000e+000 2.726204e-005 0.000000e+000 2.744271e-005 0.000000e+000
1.400000e+002 2.994356e-005 0.000000e+000 2.980613e-005 0.000000e+000 2.964991e-005 0.000000e+000 2.983309e-005 0.000000e+000
1.450000e+002 3.290980e-005 0.000000e+000 3.276648e-005 0.000000e+000 3.260808e-005 0.000000e+000 3.279437e-005 0.000000e+000
1.500000e+002 3.667264e-005 0.000000e+000 3.652187e-005 0.000000e+000 3.636070e-005 0.000000e+000 3.655092e-005 0.000000e+000
1.550000e+002 4.159296e-005 0.000000e+000 4.143243e-005 0.000000e+000 4.126766e-005 0.000000e+000 4.146302e-005 0.000000e+000
1.600000e+002 4.828911e-005 0.000000e+000 4.811531e-005 0.000000e+000 4.794565e-005 0.000000e+000 4.814798e-005 0.000000e+000
1.650000e+002 5.791642e-005 0.000000e+000 5.772355e-005 0.000000e+000 5.754688e-005 0.000000e+000 5.775922e-005 0.000000e+000
1.700000e+002 7.291151e-005 0.000000e+000 7.268894e-005 0.000000e+000 7.250137e-005 0.000000e+000 7.272929e-005 0.000000e+000
1.750000e+002 9.944971e-005 0.000000e+000 9.917461e-005 0.000000e+000 9.896775e-005 0.000000e+000 9.922321e-005 0.000000e+000
1.800000e+002 1.590778e-004 0.000000e+000 1.586847e-004 0.000000e+000 1.584346e-004 0.000000e+000 1.587519e-004 0.000000e+000
1.850000e+002 4.153384e-004 0.000000e+000 4.144380e-004 0.000000e+000 4.141090e-004 0.000000e+000 4.145849e-004 0.000000e+000
1.900000e+002 -6.326664e-004 0.000000e+000 -6.314926e-004 0.000000e+000 6.315911e-004 0.000000e+000 -6.316716e-004 0.000000e+000
1.950000e+002 -1.760898e-004 0.000000e+000 -1.758197e-004 0.000000e+000 1.760187e-004 0.000000e+000 -1.758567e-004 0.000000e+000
2.000000e+002 -1.011373e-004 0.000000e+000 -1.010155e-004 0.000000e+000 1.012311e-004 0.000000e+000 -1.010293e-004 0.000000e+000
2.050000e+002 -7.038881e-005 0.000000e+000 -7.032790e-005 0.000000e+000 7.055035e-005 0.000000e+000 -7.033209e-005 0.000000e+000
2.100000e+002 -5.365670e-005 0.000000e+000 -5.362894e-005 0.000000e+000 5.385515e-005 0.000000e+000 -5.362791e-005 0.000000e+000
2.150000e+002 -4.314350e-005 0.000000e+000 -4.313656e-005 0.000000e+000 4.336516e-005 0.000000e+000 -4.313226e-005 0.000000e+000
2.200000e+002 -3.593047e-005 0.000000e+000 -3.593784e-005 0.000000e+000 3.616811e-005 0.000000e+000 -3.593129e-005 0.000000e+000
2.250000e+002 -3.067811e-005 0.000000e+000 -3.069589e-005 0.000000e+000 3.092740e-005 0.000000e+000 -3.068770e-005 0.000000e+000
2.300000e+002 -2.668528e-005 0.000000e+000 -2.671099e-005 0.000000e+000 2.694347e-005 0.000000e+000 -2.670156e-005 0.000000e+000
2.350000e+002 -2.354947e-005 0.000000e+000 -2.358141e-005 0.000000e+000 2.381466e-005 0.000000e+000 -2.357099e-005 0.000000e+000
2.400000e+002 -2.102307e-005 0.000000e+000 -2.106004e-005 0.000000e+000 2.129394e-005 0.000000e+000 -2.104883e-005 0.000000e+000
2.450000e+002 -1.894543e-005 0.000000e+000 -1.898653e-005 0.000000e+000 1.922098e-005 0.000000e+000 -1.897467e-005 0.000000e+000
2.500000e+002 -1.720774e-005 0.000000e+000 -1.725231e-005 0.000000e+000 1.748723e-005 0.000000e+000 -1.723990e-005 0.000000e+000
2.550000e+002 -1.573371e-005 0.000000e+000 -1.578122e-005 0.000000e+000 1.601657e-005 0.000000e+000 -1.576835e-005 0.000000e+000
2.600000e+002 -1.446826e-005 0.000000e+000 -1.451831e-005 0.000000e+000 1.475403e-005 0.000000e+000 -1.450504e-005 0.000000e+000
2.650000e+002 -1.337062e-005 0.000000e+000 -1.342286e-005 0.000000e+000 1.365892e-005 0.000000e+000 -1.340925e-005 0.000000e+000
2.700000e+002 -1.240997e-005 0.000000e+000 -1.246415e-005 0.000000e+000 1.270052e-005 0.000000e+000 -1.245022e-005 0.000000e+000
2.750000e+002 -1.156259e-005 0.000000e+000 -1.161847e-005 0.000000e+000 1.185514e-005 0.000000e+000 -1.160428e-005 0.000000e+000
2.800000e+002 -1.080993e-005 0.000000e+000 -1.086733e-005 0.000000e+000 1.110426e-005 0.000000e+000 -1.085289e-005 0.000000e+000
2.850000e+002 -1.013724e-005 0.000000e+000 -1.019600e-005 0.000000e+000 1.043319e-005 0.000000e+000 -1.018135e-005 0.000000e+000
2.900000e+002 -9.532703e-006 0.000000e+000 -9.592692e-006 0.000000e+000 9.830124e-006 0.000000e+000 -9.577846e-006 0.000000e+000
2.950000e+002 -8.986687e-006 0.000000e+000 -9.047789e-006 0.000000e+000 9.285452e-006 0.000000e+000 -9.032765e-006 0.000000e+000
3.000000e+002 -8.491296e-006 0.000000e+000 -8.553410e-006 0.000000e+000 8.791295e-006 0.000000e+000 -8.538225e-006 0.000000e+000
3.050000e+002 -8.039983e-006 0.000000e+000 -8.103023e-006 0.000000e+000 8.341122e-006 0.000000e+000 -8.087689e-006 0.000000e+000
3.100000e+002 -7.627277e-006 0.000000e+000 -7.691167e-006 0.000000e+000 7.929474e-006 0.000000e+000 -7.675697e-006 0.000000e+000
3.150000e+002 -7.248570e-006 0.000000e+000 -7.313244e-006 0.000000e+000 7.551753e-006 0.000000e+000 -7.297648e-006 0.000000e+000
3.200000e+002 -6.899956e-006 0.000000e+000 -6.965354e-006 0.000000e+000 7.204061e-006 0.000000e+000 -6.949641e-006 0.000000e+000
3.250000e+002 -6.578098e-006 0.000000e+000 -6.644168e-006 0.000000e+000 6.883070e-006 0.000000e+000 -6.628348e-006 0.000000e+000
3.300000e+002 -6.280135e-006 0.000000e+000 -6.346830e-006 0.000000e+000 6.585923e-006 0.000000e+000 -6.330908e-006 0.000000e+000
3.350000e+002 -6.003592e-006 0.000000e+000 -6.070870e-006 0.000000e+000 6.310151e-006 0.000000e+000 -6.054854e-006 0.000000e+000
3.400000e+002 -5.746323e-006 0.000000e+000 -5.814148e-006 0.000000e+000 6.053615e-006 0.000000e+000 -5.798043e-006 0.000000e+000
3.450000e+002 -5.506458e-006 0.000000e+000 -5.574794e-006 0.000000e+000 5.814445e-006 0.000000e+000 -5.558606e-006 0.000000e+000
3.500000e+002 -5.282356e-006 0.000000e+000 -5.351174e-006 0.000000e+000 5.591008e-006 0.000000e+000 -5.334907e-006 0.000000e+000
3.550000e+002 -5.072577e-006 0.000000e+000 -5.141848e-006 0.000000e+000 5.381864e-006 0.000000e+000 -5.125507e-006 0.000000e+000
3.600000e+002 -4.875846e-006 0.000000e+000 -4.945545e-006 0.000000e+000 5.185742e-006 0.000000e+000 -4.929133e-006 0.000000e+000
3.650000e+002 -4.691034e-006 0.000000e+000 -4.761140e-006 0.000000e+000 5.001516e-006 0.000000e+000 -4.744661e-006 0.000000e+000
3.700000e+002 -4.517139e-006 0.000000e+000 -4.587629e-006 0.000000e+000 4.828186e-006 0.000000e+000 -4.571086e-006 0.000000e+000
3.750000e+002 -4.353265e-006 0.000000e+000 -4.424119e-006 0.000000e+000 4.664856e-006 0.000000e+000 -4.407516e-006 0.000000e+000
3.800000e+002 -4.198609e-006 0.000000e+000 -4.269811e-006 0.000000e+000 4.510728e-006 0.000000e+000 -4.253150e-006 0.000000e+000
3.850000e+002 -4.052452e-006 0.000000e+000 -4.123986e-006 0.000000e+000 4.365082e-006 0.000000e+000 -4.107269e-006 0.000000e+000
3.900000e+002 -3.914147e-006 0.000000e+000 -3.985997e-006 0.000000e+000 4.227274e-006 0.000000e+000 -3.969227e-006 0.000000e+000
3.950000e+002 -3.783109e-006 0.000000e+000 -3.855261e-006 0.000000e+000 4.096719e-006 0.000000e+000 -3.838440e-006 0.000000e+000
4.000000e+002 -3.658808e-006 0.000000e+000 -3.731250e-006 0.000000e+000 3.972890e-006 0.000000e+000 -3.714380e-006 0.000000e+000
4.050000e+002 -3.540765e-006 0.000000e+000 -3.613485e-006 0.000000e+000 3.855308e-006 0.000000e+000 -3.596569e-006 0.000000e+000
4.100000e+002 -3.428545e-006 0.000000e+000 -3.501532e-006 0.000000e+000 3.743538e-006 0.000000e+000 -3.484570e-006 0.000000e+000
4.150000e+002 -3.321749e-006 0.000000e+000 -3.394993e-006 0.000000e+000 3.637184e-006 0.000000e+000 -3.377987e-006 0.000000e+000
4.200000e+002 -3.220016e-006 0.000000e+000 -3.293508e-006 0.000000e+000 3.535883e-006 0.000000e+000 -3.276459e-006 0.000000e+000
4.250000e+002 -3.123013e-006 0.000000e+000 -3.196744e-006 0.000000e+000 3.439306e-006 0.000000e+000 -3.179654e-006 0.000000e+000
4.300000e+002 -3.030438e-006 0.000000e+000 -3.104399e-006 0.000000e+000 3.347149e-006 0.000000e+000 -3.087269e-006 0.000000e+000
4.350000e+002 -2.942010e-006 0.000000e+000 -3.016195e-006 0.000000e+000 3.259134e-006 0.000000e+000 -2.999025e-006 0.000000e+000
4.400000e+002 -2.857474e-006 0.000000e+000 -2.931875e-006 0.000000e+000 3.175004e-006 0.000000e+000 -2.914667e-006 0.000000e+000
4.450000e+002 -2.776594e-006 0.000000e+000 -2.851203e-006 0.000000e+000 3.094524e-006 0.000000e+000 -2.833959e-006 0.000000e+000
4.500000e+002 -2.699151e-006 0.000000e+000 -2.773964e-006 0.000000e+000 3.017478e-006 0.000000e+000 -2.756684e-006 0.000000e+000
4.550000e+002 -2.624944e-006 0.000000e+000 -2.699954e-006 0.000000e+000 2.943663e-006 0.000000e+000 -2.682639e-006 0.000000e+000
4.600000e+002 -2.553788e-006 0.000000e+000 -2.628990e-006 0.000000e+000 2.872895e-006 0.000000e+000 -2.611640e-006 0.000000e+000
4.650000e+002 -2.485508e-006 0.000000e+000 -2.560897e-006 0.000000e+000 2.805000e-006 0.000000e+000 -2.543515e-006 0.000000e+000
4.700000e+002 -2.419947e-006 0.000000e+000 -2.495518e-006 0.000000e+000 2.739820e-006 0.000000e+000 -2.478102e-006 0.000000e+000
4.750000e+002 -2.356953e-006 0.000000e+000 -2.432702e-006 0.000000e+000 2.677206e-006 0.000000e+000 -2.415254e-006 0.000000e+000
4.800000e+002 -2.296390e-006 0.000000e+000 -2.372313e-006 0.000000e+000 2.617019e-006 0.000000e+000 -2.354833e-006 0.000000e+000
4.850000e+002 -2.238128e-006 0.000000e+000 -2.314221e-006 0.000000e+000 2.559131e-006 0.000000e+000 -2.296710e-006 0.000000e+000
4.900000e+002 -2.182048e-006 0.000000e+000 -2.258306e-006 0.000000e+000 2.503423e-006 0.000000e+000 -2.240765e-006 0.000000e+000
4.950000e+002 -2.128036e-006 0.000000e+000 -2.204457e-006 0.000000e+000 2.449783e-006 0.000000e+000 -2.186886e-006 0.000000e+000
5.000000e+002 -2.075989e-006 0.000000e+000 -2.152569e-006 0.000000e+000 2.398105e-006 0.000000e+000 -2.134969e-006 0.000000e+000
5.050000e+002 -2.025808e-006 0.000000e+000 -2.102545e-006 0.000000e+000 2.348292e-006 0.000000e+000 -2.084915e-006 0.000000e+000
5.100000e+002 -1.977402e-006 0.000000e+000 -2.054291e-006 0.000000e+000 2.300253e-006 0.000000e+000 -2.036633e-006 0.000000e+000
5.150000e+002 -1.930684e-006 0.000000e+000 -2.007724e-006 0.000000e+000 2.253902e-006 0.000000e+000 -1.990037e-006 0.000000e+000
5.200000e+002 -1.885573e-006 0.000000e+000 -1.962762e-006 0.000000e+000 2.209157e-006 0.000000e+000 -1.945047e-006 0.000000e+000
5.250000e+002 -1.841994e-006 0.000000e+000 -1.919329e-006 0.000000e+000 2.165944e-006 0.000000e+000 -1.901586e-006 0.000000e+000
5.300000e+002 -1.799876e-006 0.000000e+000 -1.877354e-006 0.000000e+000 2.124192e-006 0.000000e+000 -1.859584e-006 0.000000e+000
5.350000e+002 -1.759151e-006 0.000000e+000 -1.836771e-006 0.000000e+000 2.083833e-006 0.000000e+000 -1.818974e-006 0.000000e+000
5.400000e+002 -1.719757e-006 0.000000e+000 -1.797516e-006 0.000000e+000 2.044804e-006 0.000000e+000 -1.779692e-006 0.000000e+000
5.450000e+002 -1.681633e-006 0.000000e+000 -1.759530e-006 0.000000e+000 2.007046e-006 0.000000e+000 -1.741679e-006 0.000000e+000
5.500000e+002 -1.644724e-006 0.000000e+000 -1.722757e-006 0.000000e+000 1.970503e-006 0.000000e+000 -1.704880e-006 0.000000e+000
5.550000e+002 -1.608976e-006 0.000000e+000 -1.687144e-006 0.000000e+000 1.935123e-006 0.000000e+000 -1.669240e-006 0.000000e+000
5.600000e+002 -1.574341e-006 0.000000e+000 -1.652641e-006 0.000000e+000 1.900855e-006 0.000000e+000 -1.634711e-006 0.000000e+000
5.650000e+002 -1.540769e-006 0.000000e+000 -1.619201e-006 0.000000e+000 1.867651e-006 0.000000e+000 -1.601245e-006 0.000000e+000
5.700000e+002 -1.508217e-006 0.000000e+000 -1.586779e-006 0.000000e+000 1.835469e-006 0.000000e+000 -1.568798e-006 0.000000e+000
5.750000e+002 -1.476642e-006 0.000000e+000 -1.555333e-006 0.000000e+000 1.804265e-006 0.000000e+000 -1.537327e-006 0.000000e+000
5.800000e+002 -1.446005e-006 0.000000e+000 -1.524823e-006 0.000000e+000 1.773998e-006 0.000000e+000 -1.506791e-006 0.000000e+000
5.850000e+002 -1.416266e-006 0.000000e+000 -1.495211e-006 0.000000e+000 1.744633e-006 0.000000e+000 -1.477154e-006 0.000000e+000
5.900000e+002 -1.387391e-006 0.000000e+000 -1.466461e-006 0.000000e+000 1.716131e-006 0.000000e+000 -1.448379e-006 0.000000e+000
5.950000e+002 -1.359344e-006 0.000000e+000 -1.438539e-006 0.000000e+000 1.688460e-006 0.000000e+000 -1.420431e-006 0.000000e+000
6.000000e+002 -1.332093e-006 0.000000e+000 -1.411412e-006 0.000000e+000 1.661586e-006 0.000000e+000 -1.393279e-006 0.000000e+000
6.050000e+002 -1.305608e-006 0.000000e+000 -1.385050e-006 0.000000e+000 1.635479e-006 0.000000e+000 -1.366892e-006 0.000000e+000
6.100000e+002 -1.279858e-006 0.000000e+000 -1.359423e-006 0.000000e+000 1.610110e-006 0.000000e+000 -1.341240e-006 0.000000e+000
6.150000e+002 -1.254817e-006 0.000000e+000 -1.334503e-006 0.000000e+000 1.585450e-006 0.000000e+000 -1.316295e-006 0.000000e+000
6.200000e+002 -1.230456e-006 0.000000e+000 -1.310263e-006 0.000000e+000 1.561474e-006 0.000000e+000 -1.292031e-006 0.000000e+000
6.250000e+002 -1.206752e-006 0.000000e+000 -1.286680e-006 0.000000e+000 1.538155e-006 0.000000e+000 -1.268422e-006 0.000000e+000
6.300000e+002 -1.183680e-006 0.000000e+000 -1.263727e-006 0.000000e+000 1.515470e-006 0.000000e+000 -1.245445e-006 0.000000e+000
6.350000e+002 -1.161216e-006 0.000000e+000 -1.241383e-006 0.000000e+000 1.493396e-006 0.000000e+000 -1.223076e-006 0.000000e+000
6.400000e+002 -1.139339e-006 0.000000e+000 -1.219625e-006 0.000000e+000 1.471911e-006 0.000000e+000 -1.201294e-006 0.000000e+000
6.450000e+002 -1.118028e-006 0.000000e+000 -1.198433e-006 0.000000e+000 1.450995e-006 0.000000e+000 -1.180077e-006 0.000000e+000
6.500000e+002 -1.097263e-006 0.000000e+000 -1.177786e-006 0.000000e+000 1.430626e-006 0.000000e+000 -1.159405e-006 0.000000e+000
6.550000e+002 -1.077025e-006 0.000000e+000 -1.157666e-006 0.000000e+000 1.410786e-006 0.000000e+000 -1.139260e-006 0.000000e+000
6.600000e+002 -1.057295e-006 0.000000e+000 -1.138054e-006 0.000000e+000 1.391457e-006 0.000000e+000 -1.119623e-006 0.000000e+000
6.650000e+002 -1.038056e-006 0.000000e+000 -1.118933e-006 0.000000e+000 1.372621e-006 0.000000e+000 -1.100477e-006 0.000000e+000
6.700000e+002 -1.019292e-006 0.000000e+000 -1.100286e-006 0.000000e+000 1.354262e-006 0.000000e+000 -1.081805e-006 0.000000e+000
6.750000e+002 -1.000985e-006 0.000000e+000 -1.082097e-006 0.000000e+000 1.336364e-006 0.000000e+000 -1.063591e-006 0.000000e+000
6.800000e+002 -9.831218e-007 0.000000e+000 -1.064351e-006 0.000000e+000 1.318912e-006 0.000000e+000 -1.045820e-006 0.000000e+000
6.850000e+002 -9.656865e-007 0.000000e+000 -1.047032e-006 0.000000e+000 1.301890e-006 0.000000e+000 -1.028477e-006 0.000000e+000
6.900000e+002 -9.486655e-007 0.000000e+000 -1.030129e-006 0.000000e+000 1.285286e-006 0.000000e+000 -1.011548e-006 0.000000e+000
6.950000e+002 -9.320452e-007 0.000000e+000 -1.013625e-006 0.000000e+000 1.269084e-006 0.000000e+000 -9.950193e-007 0.000000e+000
7.000000e+002 -9.158127e-007 0.000000e+000 -9.975102e-007 0.000000e+000 1.253274e-006 0.000000e+000 -9.788787e-007 0.000000e+000
7.050000e+002 -8.999555e-007 0.000000e+000 -9.817703e-007 0.000000e+000 1.237841e-006 0.000000e+000 -9.631135e-007 0.000000e+000
7.100000e+002 -8.844619e-007 0.000000e+000 -9.663940e-007 0.000000e+000 1.222775e-006 0.000000e+000 -9.477118e-007 0.000000e+000
7.150000e+002 -8.693203e-007 0.000000e+000 -9.513699e-007 0.000000e+000 1.208064e-006 0.000000e+000 -9.326621e-007 0.000000e+000
7.200000e+002 -8.545197e-007 0.000000e+000 -9.366870e-007 0.000000e+000 1.193697e-006 0.000000e+000 -9.179537e-007 0.000000e+000
7.250000e+002 -8.400497e-007 0.000000e+000 -9.223348e-007 0.000000e+000 1.179664e-006 0.000000e+000 -9.035758e-007 0.000000e+000
7.300000e+002 -8.259002e-007 0.000000e+000 -9.083032e-007 0.000000e+000 1.165954e-006 0.000000e+000 -8.895184e-007 0.000000e+000
7.350000e+002 -8.120612e-007 0.000000e+000 -8.945825e-007 0.000000e+000 1.152558e-006 0.000000e+000 -8.757718e-007 0.000000e+000
7.400000e+002 -7.985235e-007 0.000000e+000 -8.811633e-007 0.000000e+000 1.139467e-006 0.000000e+000 -8.623266e-007 0.000000e+000
7.450000e+002 -7.852781e-007 0.000000e+000 -8.680367e-007 0.000000e+000 1.126671e-006 0.000000e+000 -8.491738e-007 0.000000e+000
7.500000e+002 -7.723163e-007 0.000000e+000 -8.551939e-007 0.000000e+000 1.114162e-006 0.000000e+000 -8.363048e-007 0.000000e+000
7.550000e+002 -7.596297e-007 0.000000e+000 -8.426267e-007 0.000000e+000 1.101931e-006 0.000000e+000 -8.237113e-007 0.000000e+000
7.600000e+002 -7.472103e-007 0.000000e+000 -8.303270e-007 0.000000e+000 1.089971e-006 0.000000e+000 -8.113851e-007 0.000000e+000
7.650000e+002 -7.350503e-007 0.000000e+000 -8.182870e-007 0.000000e+000 1.078274e-006 0.000000e+000 -7.993186e-007 0.000000e+000
7.700000e+002 -7.231422e-007 0.000000e+000 -8.064995e-007 0.000000e+000 1.066833e-006 0.000000e+000 -7.875043e-007 0.000000e+000
7.750000e+002 -7.114789e-007 0.000000e+000 -7.949571e-007 0.000000e+000 1.055640e-006 0.000000e+000 -7.759350e-007 0.000000e+000
7.800000e+002 -7.000534e-007 0.000000e+000 -7.836529e-007 0.000000e+000 1.044688e-006 0.000000e+000 -7.646038e-007 0.000000e+000
7.850000e+002 -6.888590e-007 0.000000e+000 -7.725803e-007 0.000000e+000 1.033971e-006 0.000000e+000 -7.535040e-007 0.000000e+000
7.900000e+002 -6.778893e-007 0.000000e+000 -7.617328e-007 0.000000e+000 1.023482e-006 0.000000e+000 -7.426292e-007 0.000000e+000
7.950000e+002 -6.671379e-007 0.000000e+000 -7.511041e-007 0.000000e+000 1.013216e-006 0.000000e+000 -7.319731e-007 0.000000e+000
8.000000e+002 -6.565990e-007 0.000000e+000 -7.406884e-007 0.000000e+000 1.003165e-006 0.000000e+000 -7.215298e-007 0.000000e+000
8.050000e+002 -6.462666e-007 0.000000e+000 -7.304798e-007 0.000000e+000 9.933252e-007 0.000000e+000 -7.112934e-007 0.000000e+000
8.100000e+002 -6.361352e-007 0.000000e+000 -7.204728e-007 0.000000e+000 9.836902e-007 0.000000e+000 -7.012584e-007 0.000000e+000
8.150000e+002 -6.261993e-007 0.000000e+000 -7.106618e-007 0.000000e+000 9.742547e-007 0.000000e+000 -6.914193e-007 0.000000e+000
8.200000e+002 -6.164538e-007 0.000000e+000 -7.010417e-007 0.000000e+000 9.650135e-007 0.000000e+000 -6.817709e-007 0.000000e+000
8.250000e+002 -6.068934e-007 0.000000e+000 -6.916074e-007 0.000000e+000 9.559615e-007 0.000000e+000 -6.723082e-007 0.000000e+000
8.300000e+002 -5.975133e-007 0.000000e+000 -6.823541e-007 0.000000e+000 9.470941e-007 0.000000e+000 -6.630263e-007 0.000000e+000
8.350000e+002 -5.883089e-007 0.000000e+000 -6.732770e-007 0.000000e+000 9.384064e-007 0.000000e+000 -6.539204e-007 0.000000e+000
8.400000e+002 -5.792754e-007 0.000000e+000 -6.643716e-007 0.000000e+000 9.298940e-007 0.000000e+000 -6.449859e-007 0.000000e+000
8.450000e+002 -5.704085e-007 0.000000e+000 -6.556334e-007 0.000000e+000 9.215524e-007 0.000000e+000 -6.362186e-007 0.000000e+000
8.500000e+002 -5.617038e-007 0.000000e+000 -6.470582e-007 0.000000e+000 9.133776e-007 0.000000e+000 -6.276140e-007 0.000000e+000
8.550000e+002 -5.531573e-007 0.000000e+000 -6.386418e-007 0.000000e+000 9.053652e-007 0.000000e+000 -6.191680e-007 0.000000e+000
8.600000e+002 -5.447648e-007 0.000000e+000 -6.303802e-007 0.000000e+000 8.975115e-007 0.000000e+000 -6.108767e-007 0.000000e+000
8.650000e+002 -5.365225e-007 0.000000e+000 -6.222696e-007 0.000000e+000 8.898126e-007 0.000000e+000 -6.027361e-007 0.000000e+000
8.700000e+002 -5.284266e-007 0.000000e+000 -6.143062e-007 0.000000e+000 8.822647e-007 0.000000e+000 -5.947425e-007 0.000000e+000
8.750000e+002 -5.204734e-007 0.000000e+000 -6.064863e-007 0.000000e+000 8.748643e-007 0.000000e+000 -5.868922e-007 0.000000e+000
8.800000e+002 -5.126594e-007 0.000000e+000 -5.988065e-007 0.000000e+000 8.676080e-007 0.000000e+000 -5.791817e-007 0.000000e+000
8.850000e+002 -5.049812e-007 0.000000e+000 -5.912632e-007 0.000000e+000 8.604923e-007 0.000000e+000 -5.716075e-007 0.000000e+000
8.900000e+002 -4.974353e-007 0.000000e+000 -5.838532e-007 0.000000e+000 8.535140e-007 0.000000e+000 -5.641664e-007 0.000000e+000
8.950000e+002 -4.900186e-007 0.000000e+000 -5.765733e-007 0.000000e+000 8.466700e-007 0.000000e+000 -5.568552e-007 0.000000e+000
9.000000e+002 -4.827278e-007 0.000000e+000 -5.694203e-007 0.000000e+000 8.399572e-007 0.000000e+000 -5.496706e-007 0.000000e+000
9.050000e+002 -4.755600e-007 0.000000e+000 -5.623912e-007 0.000000e+000 8.333728e-007 0.000000e+000 -5.426097e-007 0.000000e+000
9.100000e+002 -4.685122e-007 0.000000e+000 -5.554831e-007 0.000000e+000 8.269138e-007 0.000000e+000 -5.356695e-007 0.000000e+000
9.150000e+002 -4.615815e-007 0.000000e+000 -5.486932e-007 0.000000e+000 8.205775e-007 0.000000e+000 -5.288472e-007 0.000000e+000
9.200000e+002 -4.547651e-007 0.000000e+000 -5.420186e-007 0.000000e+000 8.143612e-007 0.000000e+000 -5.221400e-007 0.000000e+000
9.250000e+002 -4.480603e-007 0.000000e+000 -5.354566e-007 0.000000e+000 8.082625e-007 0.000000e+000 -5.155452e-007 0.000000e+000
9.300000e+002 -4.414643e-007 0.000000e+000 -5.290047e-007 0.000000e+000 8.022787e-007 0.000000e+000 -5.090601e-007 0.000000e+000
9.350000e+002 -4.349748e-007 0.000000e+000 -5.226604e-007 0.000000e+000 7.964076e-007 0.000000e+000 -5.026823e-007 0.000000e+000
9.400000e+002 -4.285890e-007 0.000000e+000 -5.164211e-007 0.000000e+000 7.906468e-007 0.000000e+000 -4.964093e-007 0.000000e+000
9.450000e+002 -4.223046e-007 0.000000e+000 -5.102845e-007 0.000000e+000 7.849942e-007 0.000000e+000 -4.902385e-007 0.000000e+000
9.500000e+002 -4.161192e-007 0.000000e+000 -5.042482e-007 0.000000e+000 7.794475e-007 0.000000e+000 -4.841678e-007 0.000000e+000
9.550000e+002 -4.100305e-007 0.000000e+000 -4.983099e-007 0.000000e+000 7.740048e-007 0.000000e+000 -4.781948e-007 0.000000e+000
9.600000e+002 -4.040361e-007 0.000000e+000 -4.924675e-007 0.000000e+000 7.686641e-007 0.000000e+000 -4.723173e-007 0.000000e+000
9.650000e+002 -3.981339e-007 0.000000e+000 -4.867189e-007 0.000000e+000 7.634237e-007 0.000000e+000 -4.665331e-007 0.000000e+000
9.700000e+002 -3.923216e-007 0.000000e+000 -4.810618e-007 0.000000e+000 7.582817e-007 0.000000e+000 -4.608402e-007 0.000000e+000
9.750000e+002 -3.865971e-007 0.000000e+000 -4.754943e-007 0.000000e+000 7.532366e-007 0.000000e+000 -4.552364e-007 0.000000e+000
9.800000e+002 -3.809583e-007 0.000000e+000 -4.700145e-007 0.000000e+000 7.482868e-007 0.000000e+000 -4.497197e-007 0.000000e+000
9.850000e+002 -3.754031e-007 0.000000e+000 -4.646202e-007 0.000000e+000 7.434312e-007 0.000000e+000 -4.442882e-007 0.000000e+000
9.900000e+002 -3.699294e-007 0.000000e+000 -4.593097e-007 0.000000e+000 7.386683e-007 0.000000e+000 -4.389399e-007 0.000000e+000
9.950000e+002 -3.645351e-007 0.000000e+000 -4.540811e-007 0.000000e+000 7.339974e-007 0.000000e+000 -4.336730e-007 0.000000e+000
1.000000e+003 -3.592181e-007 0.000000e+000 -4.489326e-007 0.000000e+000 7.294176e-007 0.000000e+000 -4.284854e-007 0.000000e+000
1.005000e+003 -3.539763e-007 0.000000e+000 -4.438624e-007 0.000000e+000 7.249285e-007 0.000000e+000 -4.233754e-007 0.000000e+000
1.010000e+003 -3.488074e-007 0.000000e+000 -4.388686e-007 0.000000e+000 7.205300e-007 0.000000e+000 -4.183411e-007 0.000000e+000
1.015000e+003 -3.437091e-007 0.000000e+000 -4.339496e-007 0.000000e+000 7.162227e-007 0.000000e+000 -4.133806e-007 0.000000e+000
1.020000e+003 -3.386790e-007 0.000000e+000 -4.291036e-007 0.000000e+000 7.120075e-007 0.000000e+000 -4.084920e-007 0.000000e+000
1.025000e+003 -3.337143e-007 0.000000e+000 -4.243287e-007 0.000000e+000 7.078865e-007 0.000000e+000 -4.036733e-007 0.000000e+000
1.030000e+003 -3.288117e-007 0.000000e+000 -4.196233e-007 0.000000e+000 7.038633e-007 0.000000e+000 -3.989224e-007 0.000000e+000
1.035000e+003 -3.239674e-007 0.000000e+000 -4.149853e-007 0.000000e+000 6.999433e-007 0.000000e+000 -3.942369e-007 0.000000e+000
1.040000e+003 -3.191766e-007 0.000000e+000 -4.104125e-007 0.000000e+000 6.961354e-007 0.000000e+000 -3.896140e-007 0.000000e+000
1.045000e+003 -3.144325e-007 0.000000e+000 -4.059027e-007 0.000000e+000 6.924537e-007 0.000000e+000 -3.850505e-007 0.000000e+000
1.050000e+003 -3.097252e-007 0.000000e+000 -4.014526e-007 0.000000e+000 6.889218e-007 0.000000e+000 -3.805418e-007 0.000000e+000
1.055000e+003 -3.050388e-007 0.000000e+000 -3.970582e-007 0.000000e+000 6.855807e-007 0.000000e+000 -3.760812e-007 0.000000e+000
1.060000e+003 -3.003448e-007 0.000000e+000 -3.927126e-007 0.000000e+000 6.825086e-007 0.000000e+000 -3.716571e-007 0.000000e+000
1.065000e+003 -2.955843e-007 0.000000e+000 -3.884032e-007 0.000000e+000 6.798710e-007 0.000000e+000 -3.672472e-007 0.000000e+000
1.070000e+003 -2.906097e-007 0.000000e+000 -3.840998e-007 0.000000e+000 6.780883e-007 0.000000e+000 -3.627960e-007 0.000000e+000
1.075000e+003 -2.849037e-007 0.000000e+000 -3.797000e-007 0.000000e+000 6.786322e-007 0.000000e+000 -3.581131e-007 0.000000e+000
1.080000e+003 -2.742550e-007 0.000000e+000 -3.743996e-007 0.000000e+000 6.932232e-007 0.000000e+000 -3.516826e-007 0.000000e+000
1.085000e+003 -2.989963e-007 0.000000e+000 -3.765565e-007 0.000000e+000 5.995916e-007 0.000000e+000 -3.589157e-007 0.000000e+000
1.090000e+003 -2.803627e-007 0.000000e+000 -3.693095e-007 0.000000e+000 6.446710e-007 0.000000e+000 -3.489842e-007 0.000000e+000
1.095000e+003 -2.745837e-007 0.000000e+000 -3.650126e-007 0.000000e+000 6.466075e-007 0.000000e+000 -3.443599e-007 0.000000e+000
1.100000e+003 -2.697212e-007 0.000000e+000 -3.610358e-007 0.000000e+000 6.459098e-007 0.000000e+000 -3.401818e-007 0.000000e+000
1.105000e+003 -2.653487e-007 0.000000e+000 -3.571675e-007 0.000000e+000 6.439521e-007 0.000000e+000 -3.361991e-007 0.000000e+000
1.110000e+003 -2.611777e-007 0.000000e+000 -3.533787e-007 0.000000e+000 6.415921e-007 0.000000e+000 -3.323223e-007 0.000000e+000
1.115000e+003 -2.571344e-007 0.000000e+000 -3.496570e-007 0.000000e+000 6.390569e-007 0.000000e+000 -3.285254e-007 0.000000e+000
1.120000e+003 -2.531882e-007 0.000000e+000 -3.459954e-007 0.000000e+000 6.364434e-007 0.000000e+000 -3.247955e-007 0.000000e+000
1.125000e+003 -2.493118e-007 0.000000e+000 -3.423869e-007 0.000000e+000 6.338169e-007 0.000000e+000 -3.211209e-007 0.000000e+000
1.130000e+003 -2.454977e-007 0.000000e+000 -3.388315e-007 0.000000e+000 6.312247e-007 0.000000e+000 -3.174977e-007 0.000000e+000
1.135000e+003 -2.417246e-007 0.000000e+000 -3.353269e-007 0.000000e+000 6.287689e-007 0.000000e+000 -3.139127e-007 0.000000e+000
1.140000e+003 -2.379068e-007 0.000000e+000 -3.318829e-007 0.000000e+000 6.270807e-007 0.000000e+000 -3.103021e-007 0.000000e+000
1.145000e+003 -2.347874e-007 0.000000e+000 -3.284167e-007 0.000000e+000 6.207154e-007 0.000000e+000 -3.072205e-007 0.000000e+000
1.150000e+003 -2.309899e-007 0.000000e+000 -3.250711e-007 0.000000e+000 6.196465e-007 0.000000e+000 -3.036445e-007 0.000000e+000
1.155000e+003 -2.274123e-007 0.000000e+000 -3.217501e-007 0.000000e+000 6.173411e-007 0.000000e+000 -3.002419e-007 0.000000e+000
1.160000e+003 -2.239323e-007 0.000000e+000 -3.184904e-007 0.000000e+000 6.149070e-007 0.000000e+000 -2.969227e-007 0.000000e+000
1.165000e+003 -2.204569e-007 0.000000e+000 -3.152426e-007 0.000000e+000 6.124754e-007 0.000000e+000 -2.936162e-007 0.000000e+000
1.170000e+003 -2.170431e-007 0.000000e+000 -3.120467e-007 0.000000e+000 6.100550e-007 0.000000e+000 -2.903660e-007 0.000000e+000
1.175000e+003 -2.136728e-007 0.000000e+000 -3.088918e-007 0.000000e+000 6.076616e-007 0.000000e+000 -2.871586e-007 0.000000e+000
1.180000e+003 -2.103435e-007 0.000000e+000 -3.057769e-007 0.000000e+000 6.053008e-007 0.000000e+000 -2.839917e-007 0.000000e+000
1.185000e+003 -2.070509e-007 0.000000e+000 -3.026984e-007 0.000000e+000 6.029724e-007 0.000000e+000 -2.808618e-007 0.000000e+000
1.190000e+003 -2.038065e-007 0.000000e+000 -2.996670e-007 0.000000e+000 6.006891e-007 0.000000e+000 -2.777794e-007 0.000000e+000
1.195000e+003 -2.005918e-007 0.000000e+000 -2.966664e-007 0.000000e+000 5.984368e-007 0.000000e+000 -2.747277e-007 0.000000e+000
1.200000e+003 -1.974145e-007 0.000000e+000 -2.937036e-007 0.000000e+000 5.962234e-007 0.000000e+000 -2.717138e-007 0.000000e+000
1.205000e+003 -1.942729e-007 0.000000e+000 -2.907772e-007 0.000000e+000 5.940482e-007 0.000000e+000 -2.687363e-007 0.000000e+000
1.210000e+003 -1.911661e-007 0.000000e+000 -2.878865e-007 0.000000e+000 5.919113e-007 0.000000e+000 -2.657942e-007 0.000000e+000
1.215000e+003 -1.880932e-007 0.000000e+000 -2.850306e-007 0.000000e+000 5.898124e-007 0.000000e+000 -2.628869e-007 0.000000e+000
1.220000e+003 -1.850546e-007 0.000000e+000 -2.822093e-007 0.000000e+000 5.877490e-007 0.000000e+000 -2.600141e-007 0.000000e+000
1.225000e+003 -1.820417e-007 0.000000e+000 -2.794102e-007 0.000000e+000 5.856961e-007 0.000000e+000 -2.571672e-007 0.000000e+000
1.230000e+003 -1.790732e-007 0.000000e+000 -2.766688e-007 0.000000e+000 5.837469e-007 0.000000e+000 -2.543686e-007 0.000000e+000
1.235000e+003 -1.761292e-007 0.000000e+000 -2.739463e-007 0.000000e+000 5.817971e-007 0.000000e+000 -2.515938e-007 0.000000e+000
1.240000e+003 -1.732160e-007 0.000000e+000 -2.712561e-007 0.000000e+000 5.798852e-007 0.000000e+000 -2.488508e-007 0.000000e+000
1.245000e+003 -1.703328e-007 0.000000e+000 -2.685975e-007 0.000000e+000 5.780100e-007 0.000000e+000 -2.461389e-007 0.000000e+000
1.250000e+003 -1.674790e-007 0.000000e+000 -2.659697e-007 0.000000e+000 5.761711e-007 0.000000e+000 -2.434576e-007 0.000000e+000
1.255000e+003 -1.646508e-007 0.000000e+000 -2.633676e-007 0.000000e+000 5.743578e-007 0.000000e+000 -2.408018e-007 0.000000e+000
1.260000e+003 -1.618574e-007 0.000000e+000 -2.608047e-007 0.000000e+000 5.726006e-007 0.000000e+000 -2.381844e-007 0.000000e+000
1.265000e+003 -1.590883e-007 0.000000e+000 -2.582663e-007 0.000000e+000 5.708683e-007 0.000000e+000 -2.355913e-007 0.000000e+000
1.270000e+003 -1.563462e-007 0.000000e+000 -2.557566e-007 0.000000e+000 5.691707e-007 0.000000e+000 -2.330266e-007 0.000000e+000
1.275000e+003 -1.536307e-007 0.000000e+000 -2.532752e-007 0.000000e+000 5.675076e-007 0.000000e+000 -2.304897e-007 0.000000e+000
1.280000e+003 -1.509411e-007 0.000000e+000 -2.508213e-007 0.000000e+000 5.658774e-007 0.000000e+000 -2.279799e-007 0.000000e+000
1.285000e+003 -1.482773e-007 0.000000e+000 -2.483953e-007 0.000000e+000 5.642838e-007 0.000000e+000 -2.254975e-007 0.000000e+000
1.290000e+003 -1.456378e-007 0.000000e+000 -2.459953e-007 0.000000e+000 5.627218e-007 0.000000e+000 -2.230408e-007 0.000000e+000
1.295000e+003 -1.430106e-007 0.000000e+000 -2.436114e-007 0.000000e+000 5.611905e-007 0.000000e+000 -2.205991e-007 0.000000e+000
1.300000e+003 -1.404371e-007 0.000000e+000 -2.412784e-007 0.000000e+000 5.596981e-007 0.000000e+000 -2.182092e-007 0.000000e+000
1.305000e+003 -1.378695e-007 0.000000e+000 -2.389560e-007 0.000000e+000 5.582345e-007 0.000000e+000 -2.158286e-007 0.000000e+000
1.310000e+003 -1.353258e-007 0.000000e+000 -2.366593e-007 0.000000e+000 5.568032e-007 0.000000e+000 -2.134733e-007 0.000000e+000
1.315000e+003 -1.328050e-007 0.000000e+000 -2.343874e-007 0.000000e+000 5.554039e-007 0.000000e+000 -2.111424e-007 0.000000e+000
1.320000e+003 -1.303065e-007 0.000000e+000 -2.321398e-007 0.000000e+000 5.540360e-007 0.000000e+000 -2.088352e-007 0.000000e+000
1.325000e+003 -1.278297e-007 0.000000e+000 -2.299160e-007 0.000000e+000 5.526994e-007 0.000000e+000 -2.065514e-007 0.000000e+000
1.330000e+003 -1.253744e-007 0.000000e+000 -2.277156e-007 0.000000e+000 5.513938e-007 0.000000e+000 -2.042906e-007 0.000000e+000
1.335000e+003 -1.229398e-007 0.000000e+000 -2.255382e-007 0.000000e+000 5.501187e-007 0.000000e+000 -2.020521e-007 0.000000e+000
1.340000e+003 -1.205249e-007 0.000000e+000 -2.233825e-007 0.000000e+000 5.488735e-007 0.000000e+000 -1.998351e-007 0.000000e+000
1.345000e+003 -1.181382e-007 0.000000e+000 -2.212567e-007 0.000000e+000 5.476623e-007 0.000000e+000 -1.976464e-007 0.000000e+000
1.350000e+003 -1.157605e-007 0.000000e+000 -2.191428e-007 0.000000e+000 5.464763e-007 0.000000e+000 -1.954705e-007 0.000000e+000
1.355000e+003 -1.134056e-007 0.000000e+000 -2.170537e-007 0.000000e+000 5.453213e-007 0.000000e+000 -1.933183e-007 0.000000e+000
1.360000e+003 -1.110699e-007 0.000000e+000 -2.149860e-007 0.000000e+000 5.441958e-007 0.000000e+000 -1.911869e-007 0.000000e+000
1.365000e+003 -1.087528e-007 0.000000e+000 -2.129392e-007 0.000000e+000 5.430995e-007 0.000000e+000 -1.890760e-007 0.000000e+000
1.370000e+003 -1.064540e-007 0.000000e+000 -2.109130e-007 0.000000e+000 5.420321e-007 0.000000e+000 -1.869850e-007 0.000000e+000
1.375000e+003 -1.041730e-007 0.000000e+000 -2.089069e-007 0.000000e+000 5.409934e-007 0.000000e+000 -1.849136e-007 0.000000e+000
1.380000e+003 -1.019094e-007 0.000000e+000 -2.069206e-007 0.000000e+000 5.399833e-007 0.000000e+000 -1.828614e-007 0.000000e+000
1.385000e+003 -9.966232e-008 0.000000e+000 -2.049534e-007 0.000000e+000 5.390016e-007 0.000000e+000 -1.808277e-007 0.000000e+000
1.390000e+003 -9.743684e-008 0.000000e+000 -2.030087e-007 0.000000e+000 5.380464e-007 0.000000e+000 -1.788162e-007 0.000000e+000
1.395000e+003 -9.522156e-008 0.000000e+000 -2.010787e-007 0.000000e+000 5.371211e-007 0.000000e+000 -1.768184e-007 0.000000e+000
1.400000e+003 -9.302419e-008 0.000000e+000 -1.991684e-007 0.000000e+000 5.362228e-007 0.000000e+000 -1.748399e-007 0.000000e+000
1.405000e+003 -9.084268e-008 0.000000e+000 -1.972766e-007 0.000000e+000 5.353521e-007 0.000000e+000 -1.728792e-007 0.000000e+000
1.410000e+003 -8.867629e-008 0.000000e+000 -1.954025e-007 0.000000e+000 5.345090e-007 0.000000e+000 -1.709356e-007 0.000000e+000
1.415000e+003 -8.652634e-008 0.000000e+000 -1.935469e-007 0.000000e+000 5.336914e-007 0.000000e+000 -1.690100e-007 0.000000e+000
1.420000e+003 -8.438998e-008 0.000000e+000 -1.917080e-007 0.000000e+000 5.329021e-007 0.000000e+000 -1.671004e-007 0.000000e+000
1.425000e+003 -8.226822e-008 0.000000e+000 -1.898863e-007 0.000000e+000 5.321395e-007 0.000000e+000 -1.652073e-007 0.000000e+000
1.430000e+003 -8.016059e-008 0.000000e+000 -1.880815e-007 0.000000e+000 5.314034e-007 0.000000e+000 -1.633304e-007 0.000000e+000
1.435000e+003 -7.806673e-008 0.000000e+000 -1.862931e-007 0.000000e+000 5.306938e-007 0.000000e+000 -1.614693e-007 0.000000e+000
1.440000e+003 -7.598786e-008 0.000000e+000 -1.845224e-007 0.000000e+000 5.300122e-007 0.000000e+000 -1.596253e-007 0.000000e+000
1.445000e+003 -7.391949e-008 0.000000e+000 -1.827651e-007 0.000000e+000 5.293536e-007 0.000000e+000 -1.577940e-007 0.000000e+000
1.450000e+003 -7.186519e-008 0.000000e+000 -1.810247e-007 0.000000e+000 5.287226e-007 0.000000e+000 -1.559789e-007 0.000000e+000
1.455000e+003 -6.982349e-008 0.000000e+000 -1.792998e-007 0.000000e+000 5.281175e-007 0.000000e+000 -1.541786e-007 0.000000e+000
1.460000e+003 -6.779405e-008 0.000000e+000 -1.775901e-007 0.000000e+000 5.275382e-007 0.000000e+000 -1.523927e-007 0.000000e+000
1.465000e+003 -6.577656e-008 0.000000e+000 -1.758953e-007 0.000000e+000 5.269845e-007 0.000000e+000 -1.506211e-007 0.000000e+000
1.470000e+003 -6.377064e-008 0.000000e+000 -1.742151e-007 0.000000e+000 5.264562e-007 0.000000e+000 -1.488633e-007 0.000000e+000
1.475000e+003 -6.177576e-008 0.000000e+000 -1.725489e-007 0.000000e+000 5.259527e-007 0.000000e+000 -1.471189e-007 0.000000e+000
1.480000e+003 -5.978968e-008 0.000000e+000 -1.708946e-007 0.000000e+000 5.254702e-007 0.000000e+000 -1.453856e-007 0.000000e+000
1.485000e+003 -5.782960e-008 0.000000e+000 -1.692698e-007 0.000000e+000 5.250429e-007 0.000000e+000 -1.436809e-007 0.000000e+000
1.490000e+003 -5.586256e-008 0.000000e+000 -1.676408e-007 0.000000e+000 5.246061e-007 0.000000e+000 -1.419713e-007 0.000000e+000
1.495000e+003 -5.390877e-008 0.000000e+000 -1.660288e-007 0.000000e+000 5.242036e-007 0.000000e+000 -1.402779e-007 0.000000e+000
1.500000e+003 -5.197039e-008 0.000000e+000 -1.644340e-007 0.000000e+000 5.238269e-007 0.000000e+000 -1.386013e-007 0.000000e+000
1.505000e+003 -5.003822e-008 0.000000e+000 -1.628499e-007 0.000000e+000 5.234759e-007 0.000000e+000 -1.369343e-007 0.000000e+000
1.510000e+003 -4.811606e-008 0.000000e+000 -1.612790e-007 0.000000e+000 5.231499e-007 0.000000e+000 -1.352797e-007 0.000000e+000
1.515000e+003 -4.620325e-008 0.000000e+000 -1.597209e-007 0.000000e+000 5.228490e-007 0.000000e+000 -1.336370e-007 0.000000e+000
1.520000e+003 -4.429946e-008 0.000000e+000 -1.581752e-007 0.000000e+000 5.225730e-007 0.000000e+000 -1.320059e-007 0.000000e+000
1.525000e+003 -4.240442e-008 0.000000e+000 -1.566417e-007 0.000000e+000 5.223219e-007 0.000000e+000 -1.303863e-007 0.000000e+000
1.530000e+003 -4.051783e-008 0.000000e+000 -1.551202e-007 0.000000e+000 5.220956e-007 0.000000e+000 -1.287778e-007 0.000000e+000
1.535000e+003 -3.863943e-008 0.000000e+000 -1.536105e-007 0.000000e+000 5.218941e-007 0.000000e+000 -1.271802e-007 0.000000e+000
1.540000e+003 -3.676892e-008 0.000000e+000 -1.521124e-007 0.000000e+000 5.217175e-007 0.000000e+000 -1.255932e-007 0.000000e+000
1.545000e+003 -3.490594e-008 0.000000e+000 -1.506255e-007 0.000000e+000 5.215656e-007 0.000000e+000 -1.240167e-007 0.000000e+000
1.550000e+003 -3.304960e-008 0.000000e+000 -1.491492e-007 0.000000e+000 5.214385e-007 0.000000e+000 -1.224498e-007 0.000000e+000
1.555000e+003 -3.136384e-008 0.000000e+000 -1.478090e-007 0.000000e+000 5.213369e-007 0.000000e+000 -1.210267e-007 0.000000e+000
1.560000e+003 -2.936423e-008 0.000000e+000 -1.462339e-007 0.000000e+000 5.212582e-007 0.000000e+000 -1.193508e-007 0.000000e+000
1.565000e+003 -2.752908e-008 0.000000e+000 -1.447902e-007 0.000000e+000 5.212053e-007 0.000000e+000 -1.178138e-007 0.000000e+000
1.570000e+003 -2.570086e-008 0.000000e+000 -1.433574e-007 0.000000e+000 5.211772e-007 0.000000e+000 -1.162866e-007 0.000000e+000
1.575000e+003 -2.387897e-008 0.000000e+000 -1.419348e-007 0.000000e+000 5.211739e-007 0.000000e+000 -1.147688e-007 0.000000e+000
1.580000e+003 -2.206308e-008 0.000000e+000 -1.405224e-007 0.000000e+000 5.211953e-007 0.000000e+000 -1.132601e-007 0.000000e+000
1.585000e+003 -2.025291e-008 0.000000e+000 -1.391197e-007 0.000000e+000 5.212416e-007 0.000000e+000 -1.117602e-007 0.000000e+000
1.590000e+003 -1.844819e-008 0.000000e+000 -1.377268e-007 0.000000e+000 5.213127e-007 0.000000e+000 -1.102690e-007 0.000000e+000
1.595000e+003 -1.664867e-008 0.000000e+000 -1.363433e-007 0.000000e+000 5.214088e-007 0.000000e+000 -1.087863e-007 0.000000e+000
1.600000e+003 -1.485407e-008 0.000000e+000 -1.349691e-007 0.000000e+000 5.215299e-007 0.000000e+000 -1.073117e-007 0.000000e+000
1.605000e+003 -1.306403e-008 0.000000e+000 -1.336039e-007 0.000000e+000 5.216761e-007 0.000000e+000 -1.058451e-007 0.000000e+000
1.610000e+003 -1.127730e-008 0.000000e+000 -1.322469e-007 0.000000e+000 5.218477e-007 0.000000e+000 -1.043855e-007 0.000000e+000
1.615000e+003 -9.499947e-009 0.000000e+000 -1.309021e-007 0.000000e+000 5.220431e-007 0.000000e+000 -1.029375e-007 0.000000e+000
1.620000e+003 -7.721560e-009 0.000000e+000 -1.295625e-007 0.000000e+000 5.222654e-007 0.000000e+000 -1.014932e-007 0.000000e+000
1.625000e+003 -5.947032e-009 0.000000e+000 -1.282315e-007 0.000000e+000 5.225142e-007 0.000000e+000 -1.000564e-007 0.000000e+000
1.630000e+003 -4.179004e-009 0.000000e+000 -1.269104e-007 0.000000e+000 5.227837e-007 0.000000e+000 -9.862853e-008 0.000000e+000
1.635000e+003 -2.411944e-009 0.000000e+000 -1.255962e-007 0.000000e+000 5.230831e-007 0.000000e+000 -9.720620e-008 0.000000e+000
1.640000e+003 -6.478143e-010 0.000000e+000 -1.242897e-007 0.000000e+000 5.234120e-007 0.000000e+000 -9.579059e-008 0.000000e+000
1.645000e+003 1.111145e-009 0.000000e+000 -1.229929e-007 0.000000e+000 5.237367e-007 0.000000e+000 -9.438278e-008 0.000000e+000
1.650000e+003 2.870407e-009 0.000000e+000 -1.217014e-007 0.000000e+000 5.241226e-007 0.000000e+000 -9.297986e-008 0.000000e+000
1.655000e+003 4.626646e-009 0.000000e+000 -1.204179e-007 0.000000e+000 5.245250e-007 0.000000e+000 -9.158351e-008 0.000000e+000
1.660000e+003 6.380805e-009 0.000000e+000 -1.191417e-007 0.000000e+000 5.249524e-007 0.000000e+000 -9.019317e-008 0.000000e+000
1.665000e+003 8.133214e-009 0.000000e+000 -1.178725e-007 0.000000e+000 5.254057e-007 0.000000e+000 -8.880861e-008 0.000000e+000
1.670000e+003 9.884264e-009 0.000000e+000 -1.166101e-007 0.000000e+000 5.258852e-007 0.000000e+000 -8.742953e-008 0.000000e+000
1.675000e+003 1.163324e-008 0.000000e+000 -1.153552e-007 0.000000e+000 5.263912e-007 0.000000e+000 -8.605656e-008 0.000000e+000
1.680000e+003 1.338226e-008 0.000000e+000 -1.141060e-007 0.000000e+000 5.269238e-007 0.000000e+000 -8.468797e-008 0.000000e+000
1.685000e+003 1.513048e-008 0.000000e+000 -1.128633e-007 0.000000e+000 5.274832e-007 0.000000e+000 -8.332449e-008 0.000000e+000
1.690000e+003 1.687881e-008 0.000000e+000 -1.116264e-007 0.000000e+000 5.280700e-007 0.000000e+000 -8.196544e-008 0.000000e+000
1.695000e+003 1.865236e-008 0.000000e+000 -1.103796e-007 0.000000e+000 5.287004e-007 0.000000e+000 -8.059279e-008 0.000000e+000
1.700000e+003 2.036974e-008 0.000000e+000 -1.091743e-007 0.000000e+000 5.293219e-007 0.000000e+000 -7.926508e-008 0.000000e+000
1.705000e+003 2.212080e-008 0.000000e+000 -1.079536e-007 0.000000e+000 5.299891e-007 0.000000e+000 -7.791731e-008 0.000000e+000
1.710000e+003 2.386199e-008 0.000000e+000 -1.067452e-007 0.000000e+000 5.306911e-007 0.000000e+000 -7.658254e-008 0.000000e+000
1.715000e+003 2.561358e-008 0.000000e+000 -1.055360e-007 0.000000e+000 5.314138e-007 0.000000e+000 -7.524348e-008 0.000000e+000
1.720000e+003 2.736430e-008 0.000000e+000 -1.043335e-007 0.000000e+000 5.321662e-007 0.000000e+000 -7.390988e-008 0.000000e+000
1.725000e+003 2.911617e-008 0.000000e+000 -1.031362e-007 0.000000e+000 5.329472e-007 0.000000e+000 -7.258003e-008 0.000000e+000
1.730000e+003 3.086972e-008 0.000000e+000 -1.019438e-007 0.000000e+000 5.337571e-007 0.000000e+000 -7.125356e-008 0.000000e+000
1.735000e+003 3.262545e-008 0.000000e+000 -1.007561e-007 0.000000e+000 5.345958e-007 0.000000e+000 -6.993004e-008 0.000000e+000
1.740000e+003 3.438316e-008 0.000000e+000 -9.957323e-008 0.000000e+000 5.354645e-007 0.000000e+000 -6.860983e-008 0.000000e+000
1.745000e+003 3.614419e-008 0.000000e+000 -9.839420e-008 0.000000e+000 5.363622e-007 0.000000e+000 -6.729171e-008 0.000000e+000
1.750000e+003 3.790898e-008 0.000000e+000 -9.721880e-008 0.000000e+000 5.372898e-007 0.000000e+000 -6.597545e-008 0.000000e+000
1.755000e+003 3.968031e-008 0.000000e+000 -9.604499e-008 0.000000e+000 5.382471e-007 0.000000e+000 -6.465885e-008 0.000000e+000
1.760000e+003 4.147898e-008 0.000000e+000 -9.485794e-008 0.000000e+000 5.392355e-007 0.000000e+000 -6.332567e-008 0.000000e+000
1.765000e+003 4.318669e-008 0.000000e+000 -9.374366e-008 0.000000e+000 5.402578e-007 0.000000e+000 -6.206941e-008 0.000000e+000
1.770000e+003 4.497859e-008 0.000000e+000 -9.257449e-008 0.000000e+000 5.413077e-007 0.000000e+000 -6.075144e-008 0.000000e+000
1.775000e+003 4.676379e-008 0.000000e+000 -9.141689e-008 0.000000e+000 5.423897e-007 0.000000e+000 -5.944385e-008 0.000000e+000
1.780000e+003 4.855184e-008 0.000000e+000 -9.026396e-008 0.000000e+000 5.435038e-007 0.000000e+000 -5.813912e-008 0.000000e+000
1.785000e+003 5.034433e-008 0.000000e+000 -8.911458e-008 0.000000e+000 5.446503e-007 0.000000e+000 -5.683604e-008 0.000000e+000
1.790000e+003 5.214198e-008 0.000000e+000 -8.796832e-008 0.000000e+000 5.458295e-007 0.000000e+000 -5.553409e-008 0.000000e+000
1.795000e+003 5.394534e-008 0.000000e+000 -8.682483e-008 0.000000e+000 5.470420e-007 0.000000e+000 -5.423289e-008 0.000000e+000
1.800000e+003 5.575530e-008 0.000000e+000 -8.568354e-008 0.000000e+000 5.482878e-007 0.000000e+000 -5.293178e-008 0.000000e+000
1.805000e+003 5.756964e-008 0.000000e+000 -8.454630e-008 0.000000e+000 5.495686e-007 0.000000e+000 -5.163275e-008 0.000000e+000
1.810000e+003 5.939371e-008 0.000000e+000 -8.340906e-008 0.000000e+000 5.508833e-007 0.000000e+000 -5.033144e-008 0.000000e+000
1.815000e+003 6.122121e-008 0.000000e+000 -8.227651e-008 0.000000e+000 5.522329e-007 0.000000e+000 -4.903248e-008 0.000000e+000
1.820000e+003 6.306013e-008 0.000000e+000 -8.114314e-008 0.000000e+000 5.536181e-007 0.000000e+000 -4.773060e-008 0.000000e+000
1.825000e+003 6.490524e-008 0.000000e+000 -8.001316e-008 0.000000e+000 5.550427e-007 0.000000e+000 -4.642971e-008 0.000000e+000
1.830000e+003 6.676010e-008 0.000000e+000 -7.888299e-008 0.000000e+000 5.564991e-007 0.000000e+000 -4.512638e-008 0.000000e+000
1.835000e+003 6.862366e-008 0.000000e+000 -7.775442e-008 0.000000e+000 5.579946e-007 0.000000e+000 -4.382217e-008 0.000000e+000
1.840000e+003 7.049667e-008 0.000000e+000 -7.662681e-008 0.000000e+000 5.595281e-007 0.000000e+000 -4.251644e-008 0.000000e+000
1.845000e+003 7.237965e-008 0.000000e+000 -7.549989e-008 0.000000e+000 5.611002e-007 0.000000e+000 -4.120885e-008 0.000000e+000
1.850000e+003 7.427312e-008 0.000000e+000 -7.437339e-008 0.000000e+000 5.627116e-007 0.000000e+000 -3.989909e-008 0.000000e+000
1.855000e+003 7.617763e-008 0.000000e+000 -7.324707e-008 0.000000e+000 5.643629e-007 0.000000e+000 -3.858683e-008 0.000000e+000
1.860000e+003 7.809376e-008 0.000000e+000 -7.212062e-008 0.000000e+000 5.660550e-007 0.000000e+000 -3.727171e-008 0.000000e+000
1.865000e+003 8.002227e-008 0.000000e+000 -7.099365e-008 0.000000e+000 5.677885e-007 0.000000e+000 -3.595325e-008 0.000000e+000
1.870000e+003 8.195815e-008 0.000000e+000 -6.987034e-008 0.000000e+000 5.695710e-007 0.000000e+000 -3.463580e-008 0.000000e+000
1.875000e+003 8.391784e-008 0.000000e+000 -6.873839e-008 0.000000e+000 5.713881e-007 0.000000e+000 -3.330614e-008 0.000000e+000
1.880000e+003 8.589091e-008 0.000000e+000 -6.760567e-008 0.000000e+000 5.732522e-007 0.000000e+000 -3.197265e-008 0.000000e+000
1.885000e+003 8.769341e-008 0.000000e+000 -6.659236e-008 0.000000e+000 5.751026e-007 0.000000e+000 -3.077117e-008 0.000000e+000
1.890000e+003 8.984462e-008 0.000000e+000 -6.535905e-008 0.000000e+000 5.770984e-007 0.000000e+000 -2.931878e-008 0.000000e+000
1.895000e+003 9.186603e-008 0.000000e+000 -6.421990e-008 0.000000e+000 5.791051e-007 0.000000e+000 -2.796885e-008 0.000000e+000
1.900000e+003 9.389836e-008 0.000000e+000 -6.308194e-008 0.000000e+000 5.811563e-007 0.000000e+000 -2.661735e-008 0.000000e+000
1.905000e+003 9.594708e-008 0.000000e+000 -6.194197e-008 0.000000e+000 5.832562e-007 0.000000e+000 -2.526046e-008 0.000000e+000
1.910000e+003 9.801384e-008 0.000000e+000 -6.079911e-008 0.000000e+000 5.854068e-007 0.000000e+000 -2.389710e-008 0.000000e+000
1.915000e+003 1.000999e-007 0.000000e+000 -5.965278e-008 0.000000e+000 5.876095e-007 0.000000e+000 -2.252656e-008 0.000000e+000
1.920000e+003 1.022063e-007 0.000000e+000 -5.850243e-008 0.000000e+000 5.898659e-007 0.000000e+000 -2.114812e-008 0.000000e+000
1.925000e+003 1.043346e-007 0.000000e+000 -5.734743e-008 0.000000e+000 5.921776e-007 0.000000e+000 -1.976102e-008 0.000000e+000
1.930000e+003 1.064862e-007 0.000000e+000 -5.618694e-008 0.000000e+000 5.945462e-007 0.000000e+000 -1.836422e-008 0.000000e+000
1.935000e+003 1.086647e-007 0.000000e+000 -5.501885e-008 0.000000e+000 5.969724e-007 0.000000e+000 -1.695535e-008 0.000000e+000
1.940000e+003 1.112000e-007 0.000000e+000 -5.356037e-008 0.000000e+000 5.989237e-007 0.000000e+000 -1.524679e-008 0.000000e+000
1.945000e+003 1.130605e-007 0.000000e+000 -5.269157e-008 0.000000e+000 6.020307e-007 0.000000e+000 -1.413457e-008 0.000000e+000
1.950000e+003 1.153259e-007 0.000000e+000 -5.149894e-008 0.000000e+000 6.046467e-007 0.000000e+000 -1.268666e-008 0.000000e+000
1.955000e+003 1.176134e-007 0.000000e+000 -5.030400e-008 0.000000e+000 6.073356e-007 0.000000e+000 -1.123166e-008 0.000000e+000
1.960000e+003 1.199319e-007 0.000000e+000 -4.910104e-008 0.000000e+000 6.100979e-007 0.000000e+000 -9.763241e-009 0.000000e+000
1.965000e+003 1.222849e-007 0.000000e+000 -4.788824e-008 0.000000e+000 6.129368e-007 0.000000e+000 -8.279238e-009 0.000000e+000
1.970000e+003 1.246824e-007 0.000000e+000 -4.665828e-008 0.000000e+000 6.158471e-007 0.000000e+000 -6.772140e-009 0.000000e+000
1.975000e+003 1.271035e-007 0.000000e+000 -4.543052e-008 0.000000e+000 6.188662e-007 0.000000e+000 -5.260210e-009 0.000000e+000
1.980000e+003 1.295791e-007 0.000000e+000 -4.418019e-008 0.000000e+000 6.219644e-007 0.000000e+000 -3.718898e-009 0.000000e+000
1.985000e+003 1.321047e-007 0.000000e+000 -4.291351e-008 0.000000e+000 6.251636e-007 0.000000e+000 -2.153394e-009 0.000000e+000
1.990000e+003 1.347745e-007 0.000000e+000 -4.157664e-008 0.000000e+000 6.285490e-007 0.000000e+000 -4.970922e-010 0.000000e+000
1.995000e+003 1.371956e-007 0.000000e+000 -4.039117e-008 0.000000e+000 6.317522e-007 0.000000e+000 9.764618e-010 0.000000e+000
2.000000e+003 1.399826e-007 0.000000e+000 -3.902196e-008 0.000000e+000 6.354013e-007 0.000000e+000 2.682128e-009 0.000000e+000
2.005000e+003 1.427645e-007 0.000000e+000 -3.766772e-008 0.000000e+000 6.390996e-007 0.000000e+000 4.373929e-009 0.000000e+000
2.010000e+003 1.456440e-007 0.000000e+000 -3.627716e-008 0.000000e+000 6.429738e-007 0.000000e+000 6.115894e-009 0.000000e+000
2.015000e+003 1.485252e-007 0.000000e+000 -3.490045e-008 0.000000e+000 6.469179e-007 0.000000e+000 7.847784e-009 0.000000e+000
2.020000e+003 1.516215e-007 0.000000e+000 -3.343140e-008 0.000000e+000 6.511929e-007 0.000000e+000 9.699533e-009 0.000000e+000
2.025000e+003 1.548360e-007 0.000000e+000 -3.192208e-008 0.000000e+000 6.556978e-007 0.000000e+000 1.160916e-008 0.000000e+000
2.030000e+003 1.582212e-007 0.000000e+000 -3.034993e-008 0.000000e+000 6.605127e-007 0.000000e+000 1.360584e-008 0.000000e+000
2.035000e+003 1.618287e-007 0.000000e+000 -2.869469e-008 0.000000e+000 6.657251e-007 0.000000e+000 1.571673e-008 0.000000e+000
2.040000e+003 1.657420e-007 0.000000e+000 -2.692377e-008 0.000000e+000 6.714749e-007 0.000000e+000 1.798558e-008 0.000000e+000
2.045000e+003 1.702820e-007 0.000000e+000 -2.489948e-008 0.000000e+000 6.782477e-007 0.000000e+000 2.059199e-008 0.000000e+000
2.050000e+003 1.716303e-007 0.000000e+000 -2.409576e-008 0.000000e+000 6.808298e-007 0.000000e+000 2.160320e-008 0.000000e+000
2.055000e+003 1.802426e-007 0.000000e+000 -2.058321e-008 0.000000e+000 6.937339e-007 0.000000e+000 2.620691e-008 0.000000e+000
2.060000e+003 1.874791e-007 0.000000e+000 -1.755745e-008 0.000000e+000 7.052938e-007 0.000000e+000 3.018491e-008 0.000000e+000
2.065000e+003 1.976401e-007 0.000000e+000 -1.343488e-008 0.000000e+000 7.219615e-007 0.000000e+000 3.565878e-008 0.000000e+000
2.070000e+003 2.157065e-007 0.000000e+000 -6.420270e-009 0.000000e+000 7.526589e-007 0.000000e+000 4.511715e-008 0.000000e+000
2.075000e+003 2.623088e-007 0.000000e+000 1.374616e-008 0.000000e+000 8.170536e-007 0.000000e+000 7.073088e-008 0.000000e+000
2.080000e+003 2.117665e-007 0.000000e+000 1.795181e-008 0.000000e+000 6.379706e-007 0.000000e+000 6.042513e-008 0.000000e+000
2.085000e+003 1.924056e-007 0.000000e+000 -1.404579e-008 0.000000e+000 7.983602e-007 0.000000e+000 3.508709e-008 0.000000e+000
2.090000e+003 4.685308e-008 0.000000e+000 -6.333765e-008 0.000000e+000 3.774833e-007 0.000000e+000 -3.868261e-008 0.000000e+000
2.095000e+003 1.362391e-007 0.000000e+000 -3.520769e-008 0.000000e+000 5.967181e-007 0.000000e+000 4.898716e-009 0.000000e+000
2.100000e+003 1.456620e-007 0.000000e+000 -2.859269e-008 0.000000e+000 6.367088e-007 0.000000e+000 1.200890e-008 0.000000e+000
2.105000e+003 1.692970e-007 0.000000e+000 -2.138072e-008 0.000000e+000 6.542973e-007 0.000000e+000 2.326778e-008 0.000000e+000
2.110000e+003 1.808372e-007 0.000000e+000 -1.376368e-008 0.000000e+000 6.561052e-007 0.000000e+000 3.232062e-008 0.000000e+000
2.115000e+003 1.822544e-007 0.000000e+000 -1.610221e-008 0.000000e+000 6.787856e-007 0.000000e+000 3.035720e-008 0.000000e+000
2.120000e+003 1.672812e-007 0.000000e+000 -1.478485e-008 0.000000e+000 5.980077e-007 0.000000e+000 2.600292e-008 0.000000e+000
2.125000e+003 1.950981e-007 0.000000e+000 -1.037673e-008 0.000000e+000 6.968035e-007 0.000000e+000 3.772701e-008 0.000000e+000
2.130000e+003 1.997261e-007 0.000000e+000 -8.378220e-009 0.000000e+000 7.038888e-007 0.000000e+000 4.029847e-008 0.000000e+000
2.135000e+003 2.049476e-007 0.000000e+000 -6.007720e-009 0.000000e+000 7.115039e-007 0.000000e+000 4.333610e-008 0.000000e+000
2.140000e+003 2.089630e-007 0.000000e+000 -4.637880e-009 0.000000e+000 7.207174e-007 0.000000e+000 4.541392e-008 0.000000e+000
2.145000e+003 2.145551e-007 0.000000e+000 -1.820333e-009 0.000000e+000 7.264799e-007 0.000000e+000 4.883462e-008 0.000000e+000
2.150000e+003 2.081325e-007 0.000000e+000 -1.095774e-009 0.000000e+000 6.997817e-007 0.000000e+000 4.786512e-008 0.000000e+000
2.155000e+003 2.248728e-007 0.000000e+000 3.203042e-009 0.000000e+000 7.387307e-007 0.000000e+000 5.507155e-008 0.000000e+000
2.160000e+003 2.303673e-007 0.000000e+000 5.887643e-009 0.000000e+000 7.450686e-007 0.000000e+000 5.837764e-008 0.000000e+000
2.165000e+003 2.289069e-007 0.000000e+000 5.095999e-009 0.000000e+000 7.428538e-007 0.000000e+000 5.698508e-008 0.000000e+000
2.170000e+003 2.420185e-007 0.000000e+000 1.190219e-008 0.000000e+000 7.562076e-007 0.000000e+000 6.558972e-008 0.000000e+000
2.175000e+003 2.500582e-007 0.000000e+000 2.138457e-008 0.000000e+000 7.261178e-007 0.000000e+000 7.267953e-008 0.000000e+000
2.180000e+003 2.536755e-007 0.000000e+000 1.624560e-008 0.000000e+000 7.795185e-007 0.000000e+000 7.216643e-008 0.000000e+000
2.185000e+003 2.615008e-007 0.000000e+000 2.087084e-008 0.000000e+000 7.827767e-007 0.000000e+000 7.733125e-008 0.000000e+000
2.190000e+003 3.445917e-007 0.000000e+000 6.316795e-008 0.000000e+000 8.698855e-007 0.000000e+000 1.337886e-007 0.000000e+000
2.195000e+003 2.739189e-007 0.000000e+000 2.767065e-008 0.000000e+000 7.917864e-007 0.000000e+000 8.520617e-008 0.000000e+000
2.200000e+003 2.883329e-007 0.000000e+000 3.584246e-008 0.000000e+000 8.000254e-007 0.000000e+000 9.473764e-008 0.000000e+000
2.205000e+003 2.947425e-007 0.000000e+000 3.917986e-008 0.000000e+000 8.061646e-007 0.000000e+000 9.878491e-008 0.000000e+000
2.210000e+003 3.091202e-007 0.000000e+000 4.763959e-008 0.000000e+000 8.123887e-007 0.000000e+000 1.084874e-007 0.000000e+000
2.215000e+003 3.215610e-007 0.000000e+000 5.458912e-008 0.000000e+000 8.204533e-007 0.000000e+000 1.166249e-007 0.000000e+000
2.220000e+003 3.441528e-007 0.000000e+000 6.872642e-008 0.000000e+000 8.243277e-007 0.000000e+000 1.324702e-007 0.000000e+000
2.225000e+003 3.742659e-007 0.000000e+000 8.781895e-008 0.000000e+000 8.278596e-007 0.000000e+000 1.537479e-007 0.000000e+000
2.230000e+003 4.274611e-007 0.000000e+000 1.225216e-007 0.000000e+000 8.275874e-007 0.000000e+000 1.919911e-007 0.000000e+000
2.235000e+003 5.463708e-007 0.000000e+000 2.022335e-007 0.000000e+000 8.134030e-007 0.000000e+000 2.785525e-007 0.000000e+000
2.240000e+003 8.018832e-007 0.000000e+000 3.744936e-007 0.000000e+000 7.669073e-007 0.000000e+000 4.666512e-007 0.000000e+000
2.245000e+003 -1.524837e-006 0.000000e+000 -1.207272e-006 0.000000e+000 1.247464e-006 0.000000e+000 -1.251117e-006 0.000000e+000
2.250000e+003 -1.402183e-007 0.000000e+000 -2.696071e-007 0.000000e+000 9.875752e-007 0.000000e+000 -2.310696e-007 0.000000e+000
2.255000e+003 -1.139127e-008 0.000000e+000 -1.843191e-007 0.000000e+000 9.764805e-007 0.000000e+000 -1.377037e-007 0.000000e+000
2.260000e+003 1.474773e-007 0.000000e+000 -7.789675e-008 0.000000e+000 9.552553e-007 0.000000e+000 -2.136220e-008 0.000000e+000
2.265000e+003 1.889961e-007 0.000000e+000 -5.167076e-008 0.000000e+000 9.607952e-007 0.000000e+000 7.982146e-009 0.000000e+000
2.270000e+003 2.178318e-007 0.000000e+000 -3.436905e-008 0.000000e+000 9.711422e-007 0.000000e+000 2.779767e-008 0.000000e+000
2.275000e+003 2.413133e-007 0.000000e+000 -2.091379e-008 0.000000e+000 9.841927e-007 0.000000e+000 4.355699e-008 0.000000e+000
2.280000e+003 2.620412e-007 0.000000e+000 -9.853769e-009 0.000000e+000 1.001799e-006 0.000000e+000 5.701180e-008 0.000000e+000
2.285000e+003 2.834126e-007 0.000000e+000 7.431736e-010 0.000000e+000 1.026131e-006 0.000000e+000 7.049209e-008 0.000000e+000
2.290000e+003 3.142204e-007 0.000000e+000 1.519896e-008 0.000000e+000 1.067799e-006 0.000000e+000 8.963022e-008 0.000000e+000
2.295000e+003 3.778782e-007 0.000000e+000 4.212371e-008 0.000000e+000 1.180049e-006 0.000000e+000 1.283785e-007 0.000000e+000
2.300000e+003 1.815985e-007 0.000000e+000 -3.788264e-008 0.000000e+000 7.885676e-007 0.000000e+000 9.197158e-009 0.000000e+000
2.305000e+003 1.848371e-007 0.000000e+000 -3.712595e-008 0.000000e+000 8.130236e-007 0.000000e+000 1.007955e-008 0.000000e+000
2.310000e+003 2.577468e-007 0.000000e+000 -6.183278e-009 0.000000e+000 9.407505e-007 0.000000e+000 5.447605e-008 0.000000e+000
2.315000e+003 2.796478e-007 0.000000e+000 2.925589e-009 0.000000e+000 9.789828e-007 0.000000e+000 6.736531e-008 0.000000e+000
2.320000e+003 2.952567e-007 0.000000e+000 9.561782e-009 0.000000e+000 1.004033e-006 0.000000e+000 7.647372e-008 0.000000e+000
2.325000e+003 3.095453e-007 0.000000e+000 1.545276e-008 0.000000e+000 1.028385e-006 0.000000e+000 8.467302e-008 0.000000e+000
2.330000e+003 3.214344e-007 0.000000e+000 2.019741e-008 0.000000e+000 1.049357e-006 0.000000e+000 9.131170e-008 0.000000e+000
2.335000e+003 3.332291e-007 0.000000e+000 2.493161e-008 0.000000e+000 1.069705e-006 0.000000e+000 9.786725e-008 0.000000e+000
2.340000e+003 3.392723e-007 0.000000e+000 2.702817e-008 0.000000e+000 1.081954e-006 0.000000e+000 1.009049e-007 0.000000e+000
2.345000e+003 3.438649e-007 0.000000e+000 2.889052e-008 0.000000e+000 1.089868e-006 0.000000e+000 1.033939e-007 0.000000e+000
2.350000e+003 3.608113e-007 0.000000e+000 3.549196e-008 0.000000e+000 1.119889e-006 0.000000e+000 1.126370e-007 0.000000e+000
2.355000e+003 3.699054e-007 0.000000e+000 3.867328e-008 0.000000e+000 1.138251e-006 0.000000e+000 1.172656e-007 0.000000e+000
2.360000e+003 3.806771e-007 0.000000e+000 4.273639e-008 0.000000e+000 1.158113e-006 0.000000e+000 1.229854e-007 0.000000e+000
2.365000e+003 3.910372e-007 0.000000e+000 4.651888e-008 0.000000e+000 1.177968e-006 0.000000e+000 1.283792e-007 0.000000e+000
2.370000e+003 4.004807e-007 0.000000e+000 4.990861e-008 0.000000e+000 1.196206e-006 0.000000e+000 1.332039e-007 0.000000e+000
2.375000e+003 4.117024e-007 0.000000e+000 5.404048e-008 0.000000e+000 1.217340e-006 0.000000e+000 1.390410e-007 0.000000e+000
2.380000e+003 4.020286e-007 0.000000e+000 3.882334e-008 0.000000e+000 1.287846e-006 0.000000e+000 1.285447e-007 0.000000e+000
2.385000e+003 4.316901e-007 0.000000e+000 6.029508e-008 0.000000e+000 1.262898e-006 0.000000e+000 1.488157e-007 0.000000e+000
2.390000e+003 4.433494e-007 0.000000e+000 6.447811e-008 0.000000e+000 1.285342e-006 0.000000e+000 1.547686e-007 0.000000e+000
2.395000e+003 4.549036e-007 0.000000e+000 6.843812e-008 0.000000e+000 1.308907e-006 0.000000e+000 1.605594e-007 0.000000e+000
2.400000e+003 4.667716e-007 0.000000e+000 7.245333e-008 0.000000e+000 1.333451e-006 0.000000e+000 1.664723e-007 0.000000e+000
