5.000000e+000 1.510278e-005 0.000000e+000 1.501262e-005 0.000000e+000 2.339994e-008 0.000000e+000
1.000000e+001 1.512086e-005 0.000000e+000 1.503061e-005 0.000000e+000 2.342797e-008 0.000000e+000
1.500000e+001 1.515109e-005 0.000000e+000 1.506070e-005 0.000000e+000 2.347485e-008 0.000000e+000
2.000000e+001 1.519361e-005 0.000000e+000 1.510302e-005 0.000000e+000 2.354078e-008 0.000000e+000
2.500000e+001 1.524864e-005 0.000000e+000 1.515779e-005 0.000000e+000 2.362611e-008 0.000000e+000
3.000000e+001 1.531644e-005 0.000000e+000 1.522526e-005 0.000000e+000 2.373124e-008 0.000000e+000
3.500000e+001 1.539734e-005 0.000000e+000 1.530579e-005 0.000000e+000 2.385669e-008 0.000000e+000
4.000000e+001 1.549177e-005 0.000000e+000 1.539977e-005 0.000000e+000 2.400311e-008 0.000000e+000
4.500000e+001 1.560019e-005 0.000000e+000 1.550768e-005 0.000000e+000 2.417124e-008 0.000000e+000
5.000000e+001 1.572319e-005 0.000000e+000 1.563010e-005 0.000000e+000 2.436195e-008 0.000000e+000
5.500000e+001 1.586141e-005 0.000000e+000 1.576766e-005 0.000000e+000 2.457628e-008 0.000000e+000
6.000000e+001 1.601561e-005 0.000000e+000 1.592114e-005 0.000000e+000 2.481539e-008 0.000000e+000
6.500000e+001 1.618666e-005 0.000000e+000 1.609138e-005 0.000000e+000 2.508063e-008 0.000000e+000
7.000000e+001 1.637556e-005 0.000000e+000 1.627939e-005 0.000000e+000 2.537353e-008 0.000000e+000
7.500000e+001 1.658342e-005 0.000000e+000 1.648627e-005 0.000000e+000 2.569585e-008 0.000000e+000
8.000000e+001 1.681155e-005 0.000000e+000 1.671332e-005 0.000000e+000 2.604959e-008 0.000000e+000
8.500000e+001 1.706140e-005 0.000000e+000 1.696198e-005 0.000000e+000 2.643701e-008 0.000000e+000
9.000000e+001 1.733464e-005 0.000000e+000 1.723394e-005 0.000000e+000 2.686071e-008 0.000000e+000
9.500000e+001 1.763319e-005 0.000000e+000 1.753108e-005 0.000000e+000 2.732364e-008 0.000000e+000
1.000000e+002 1.795923e-005 0.000000e+000 1.785558e-005 0.000000e+000 2.782921e-008 0.000000e+000
1.050000e+002 1.831526e-005 0.000000e+000 1.820993e-005 0.000000e+000 2.838128e-008 0.000000e+000
1.100000e+002 1.870417e-005 0.000000e+000 1.859700e-005 0.000000e+000 2.898432e-008 0.000000e+000
1.150000e+002 1.912927e-005 0.000000e+000 1.902010e-005 0.000000e+000 2.964349e-008 0.000000e+000
1.200000e+002 1.959442e-005 0.000000e+000 1.948305e-005 0.000000e+000 3.036476e-008 0.000000e+000
1.250000e+002 2.010410e-005 0.000000e+000 1.999032e-005 0.000000e+000 3.115508e-008 0.000000e+000
1.300000e+002 2.066355e-005 0.000000e+000 2.054713e-005 0.000000e+000 3.202258e-008 0.000000e+000
1.350000e+002 2.127895e-005 0.000000e+000 2.115963e-005 0.000000e+000 3.297683e-008 0.000000e+000
1.400000e+002 2.195761e-005 0.000000e+000 2.183508e-005 0.000000e+000 3.402917e-008 0.000000e+000
1.450000e+002 2.270822e-005 0.000000e+000 2.258216e-005 0.000000e+000 3.519309e-008 0.000000e+000
1.500000e+002 2.354126e-005 0.000000e+000 2.341127e-005 0.000000e+000 3.648482e-008 0.000000e+000
1.550000e+002 2.446940e-005 0.000000e+000 2.433502e-005 0.000000e+000 3.792401e-008 0.000000e+000
1.600000e+002 2.550811e-005 0.000000e+000 2.536883e-005 0.000000e+000 3.953466e-008 0.000000e+000
1.650000e+002 2.667654e-005 0.000000e+000 2.653175e-005 0.000000e+000 4.134645e-008 0.000000e+000
1.700000e+002 2.799860e-005 0.000000e+000 2.784757e-005 0.000000e+000 4.339647e-008 0.000000e+000
1.750000e+002 2.950457e-005 0.000000e+000 2.934643e-005 0.000000e+000 4.573166e-008 0.000000e+000
1.800000e+002 3.123334e-005 0.000000e+000 3.106705e-005 0.000000e+000 4.841233e-008 0.000000e+000
1.850000e+002 3.323574e-005 0.000000e+000 3.306000e-005 0.000000e+000 5.151729e-008 0.000000e+000
1.900000e+002 3.557943e-005 0.000000e+000 3.539263e-005 0.000000e+000 5.515147e-008 0.000000e+000
1.950000e+002 3.835658e-005 0.000000e+000 3.815667e-005 0.000000e+000 5.945777e-008 0.000000e+000
2.000000e+002 4.169594e-005 0.000000e+000 4.148028e-005 0.000000e+000 6.463587e-008 0.000000e+000
2.050000e+002 4.578310e-005 0.000000e+000 4.554816e-005 0.000000e+000 7.097352e-008 0.000000e+000
2.100000e+002 5.089566e-005 0.000000e+000 5.063659e-005 0.000000e+000 7.890116e-008 0.000000e+000
2.150000e+002 5.746829e-005 0.000000e+000 5.717821e-005 0.000000e+000 8.909283e-008 0.000000e+000
2.200000e+002 6.622215e-005 0.000000e+000 6.589077e-005 0.000000e+000 1.026668e-007 0.000000e+000
2.250000e+002 7.844745e-005 0.000000e+000 7.805840e-005 0.000000e+000 1.216236e-007 0.000000e+000
2.300000e+002 9.670261e-005 0.000000e+000 9.622743e-005 0.000000e+000 1.499305e-007 0.000000e+000
2.350000e+002 1.268800e-004 0.000000e+000 1.262625e-004 0.000000e+000 1.967243e-007 0.000000e+000
2.400000e+002 1.862611e-004 0.000000e+000 1.853634e-004 0.000000e+000 2.888019e-007 0.000000e+000
2.450000e+002 3.567600e-004 0.000000e+000 3.550579e-004 0.000000e+000 5.531815e-007 0.000000e+000
2.500000e+002 5.433649e-003 0.000000e+000 5.407995e-003 0.000000e+000 8.425522e-006 0.000000e+000
2.550000e+002 -4.019118e-004 0.000000e+000 -4.000347e-004 0.000000e+000 -6.232325e-007 0.000000e+000
2.600000e+002 -1.918115e-004 0.000000e+000 -1.909256e-004 0.000000e+000 -2.974462e-007 0.000000e+000
2.650000e+002 -1.251250e-004 0.000000e+000 -1.245537e-004 0.000000e+000 -1.940406e-007 0.000000e+000
2.700000e+002 -9.238903e-005 0.000000e+000 -9.197215e-005 0.000000e+000 -1.432794e-007 0.000000e+000
2.750000e+002 -7.294567e-005 0.000000e+000 -7.262052e-005 0.000000e+000 -1.131301e-007 0.000000e+000
2.800000e+002 -6.007039e-005 0.000000e+000 -5.980599e-005 0.000000e+000 -9.316540e-008 0.000000e+000
2.850000e+002 -5.091981e-005 0.000000e+000 -5.069858e-005 0.000000e+000 -7.897629e-008 0.000000e+000
2.900000e+002 -4.408469e-005 0.000000e+000 -4.389570e-005 0.000000e+000 -6.837760e-008 0.000000e+000
2.950000e+002 -3.878701e-005 0.000000e+000 -3.862302e-005 0.000000e+000 -6.016290e-008 0.000000e+000
3.000000e+002 -3.456215e-005 0.000000e+000 -3.441810e-005 0.000000e+000 -5.361175e-008 0.000000e+000
3.050000e+002 -3.111552e-005 0.000000e+000 -3.098773e-005 0.000000e+000 -4.826732e-008 0.000000e+000
3.100000e+002 -2.825130e-005 0.000000e+000 -2.813703e-005 0.000000e+000 -4.382600e-008 0.000000e+000
3.150000e+002 -2.583425e-005 0.000000e+000 -2.573139e-005 0.000000e+000 -4.007807e-008 0.000000e+000
3.200000e+002 -2.376797e-005 0.000000e+000 -2.367486e-005 0.000000e+000 -3.687405e-008 0.000000e+000
3.250000e+002 -2.198189e-005 0.000000e+000 -2.189721e-005 0.000000e+000 -3.410452e-008 0.000000e+000
3.300000e+002 -2.042316e-005 0.000000e+000 -2.034583e-005 0.000000e+000 -3.168751e-008 0.000000e+000
3.350000e+002 -1.905141e-005 0.000000e+000 -1.898056e-005 0.000000e+000 -2.956045e-008 0.000000e+000
3.400000e+002 -1.783530e-005 0.000000e+000 -1.777019e-005 0.000000e+000 -2.767473e-008 0.000000e+000
3.450000e+002 -1.675010e-005 0.000000e+000 -1.669011e-005 0.000000e+000 -2.599199e-008 0.000000e+000
3.500000e+002 -1.577604e-005 0.000000e+000 -1.572065e-005 0.000000e+000 -2.448160e-008 0.000000e+000
3.550000e+002 -1.489714e-005 0.000000e+000 -1.484590e-005 0.000000e+000 -2.311876e-008 0.000000e+000
3.600000e+002 -1.410034e-005 0.000000e+000 -1.405286e-005 0.000000e+000 -2.188323e-008 0.000000e+000
3.650000e+002 -1.337485e-005 0.000000e+000 -1.333080e-005 0.000000e+000 -2.075826e-008 0.000000e+000
3.700000e+002 -1.271168e-005 0.000000e+000 -1.267076e-005 0.000000e+000 -1.972995e-008 0.000000e+000
3.750000e+002 -1.210331e-005 0.000000e+000 -1.206526e-005 0.000000e+000 -1.878659e-008 0.000000e+000
3.800000e+002 -1.154334e-005 0.000000e+000 -1.150794e-005 0.000000e+000 -1.791830e-008 0.000000e+000
3.850000e+002 -1.102637e-005 0.000000e+000 -1.099341e-005 0.000000e+000 -1.711667e-008 0.000000e+000
3.900000e+002 -1.054773e-005 0.000000e+000 -1.051703e-005 0.000000e+000 -1.637448e-008 0.000000e+000
3.950000e+002 -1.010342e-005 0.000000e+000 -1.007482e-005 0.000000e+000 -1.568554e-008 0.000000e+000
4.000000e+002 -9.689976e-006 0.000000e+000 -9.663335e-006 0.000000e+000 -1.504444e-008 0.000000e+000
4.050000e+002 -9.304377e-006 0.000000e+000 -9.279558e-006 0.000000e+000 -1.444653e-008 0.000000e+000
4.100000e+002 -8.943981e-006 0.000000e+000 -8.920867e-006 0.000000e+000 -1.388769e-008 0.000000e+000
4.150000e+002 -8.606469e-006 0.000000e+000 -8.584951e-006 0.000000e+000 -1.336435e-008 0.000000e+000
4.200000e+002 -8.289797e-006 0.000000e+000 -8.269777e-006 0.000000e+000 -1.287331e-008 0.000000e+000
4.250000e+002 -7.992153e-006 0.000000e+000 -7.973542e-006 0.000000e+000 -1.241178e-008 0.000000e+000
4.300000e+002 -7.711931e-006 0.000000e+000 -7.694647e-006 0.000000e+000 -1.197727e-008 0.000000e+000
4.350000e+002 -7.447697e-006 0.000000e+000 -7.431663e-006 0.000000e+000 -1.156754e-008 0.000000e+000
4.400000e+002 -7.198169e-006 0.000000e+000 -7.183316e-006 0.000000e+000 -1.118062e-008 0.000000e+000
4.450000e+002 -6.962197e-006 0.000000e+000 -6.948462e-006 0.000000e+000 -1.081472e-008 0.000000e+000
4.500000e+002 -6.738748e-006 0.000000e+000 -6.726072e-006 0.000000e+000 -1.046824e-008 0.000000e+000
4.550000e+002 -6.526888e-006 0.000000e+000 -6.515217e-006 0.000000e+000 -1.013973e-008 0.000000e+000
4.600000e+002 -6.325776e-006 0.000000e+000 -6.315058e-006 0.000000e+000 -9.827890e-009 0.000000e+000
4.650000e+002 -6.134647e-006 0.000000e+000 -6.124835e-006 0.000000e+000 -9.531526e-009 0.000000e+000
4.700000e+002 -5.952806e-006 0.000000e+000 -5.943857e-006 0.000000e+000 -9.249564e-009 0.000000e+000
4.750000e+002 -5.779622e-006 0.000000e+000 -5.771495e-006 0.000000e+000 -8.981026e-009 0.000000e+000
4.800000e+002 -5.614518e-006 0.000000e+000 -5.607174e-006 0.000000e+000 -8.725016e-009 0.000000e+000
4.850000e+002 -5.456966e-006 0.000000e+000 -5.450371e-006 0.000000e+000 -8.480718e-009 0.000000e+000
4.900000e+002 -5.306484e-006 0.000000e+000 -5.300603e-006 0.000000e+000 -8.247381e-009 0.000000e+000
4.950000e+002 -5.162628e-006 0.000000e+000 -5.157431e-006 0.000000e+000 -8.024320e-009 0.000000e+000
5.000000e+002 -5.024991e-006 0.000000e+000 -5.020449e-006 0.000000e+000 -7.810902e-009 0.000000e+000
5.050000e+002 -4.893198e-006 0.000000e+000 -4.889282e-006 0.000000e+000 -7.606546e-009 0.000000e+000
5.100000e+002 -4.766902e-006 0.000000e+000 -4.763587e-006 0.000000e+000 -7.410714e-009 0.000000e+000
5.150000e+002 -4.645784e-006 0.000000e+000 -4.643046e-006 0.000000e+000 -7.222911e-009 0.000000e+000
5.200000e+002 -4.529548e-006 0.000000e+000 -4.527364e-006 0.000000e+000 -7.042678e-009 0.000000e+000
5.250000e+002 -4.417920e-006 0.000000e+000 -4.416268e-006 0.000000e+000 -6.869590e-009 0.000000e+000
5.300000e+002 -4.310646e-006 0.000000e+000 -4.309505e-006 0.000000e+000 -6.703254e-009 0.000000e+000
5.350000e+002 -4.207489e-006 0.000000e+000 -4.206841e-006 0.000000e+000 -6.543302e-009 0.000000e+000
5.400000e+002 -4.108230e-006 0.000000e+000 -4.108055e-006 0.000000e+000 -6.389395e-009 0.000000e+000
5.450000e+002 -4.012665e-006 0.000000e+000 -4.012946e-006 0.000000e+000 -6.241214e-009 0.000000e+000
5.500000e+002 -3.920601e-006 0.000000e+000 -3.921322e-006 0.000000e+000 -6.098463e-009 0.000000e+000
5.550000e+002 -3.831861e-006 0.000000e+000 -3.833007e-006 0.000000e+000 -5.960867e-009 0.000000e+000
5.600000e+002 -3.746279e-006 0.000000e+000 -3.747834e-006 0.000000e+000 -5.828167e-009 0.000000e+000
5.650000e+002 -3.663698e-006 0.000000e+000 -3.665649e-006 0.000000e+000 -5.700121e-009 0.000000e+000
5.700000e+002 -3.583974e-006 0.000000e+000 -3.586306e-006 0.000000e+000 -5.576504e-009 0.000000e+000
5.750000e+002 -3.506968e-006 0.000000e+000 -3.509669e-006 0.000000e+000 -5.457103e-009 0.000000e+000
5.800000e+002 -3.432552e-006 0.000000e+000 -3.435611e-006 0.000000e+000 -5.341719e-009 0.000000e+000
5.850000e+002 -3.360607e-006 0.000000e+000 -3.364010e-006 0.000000e+000 -5.230164e-009 0.000000e+000
5.900000e+002 -3.291017e-006 0.000000e+000 -3.294756e-006 0.000000e+000 -5.122264e-009 0.000000e+000
5.950000e+002 -3.223678e-006 0.000000e+000 -3.227740e-006 0.000000e+000 -5.017852e-009 0.000000e+000
6.000000e+002 -3.158488e-006 0.000000e+000 -3.162863e-006 0.000000e+000 -4.916772e-009 0.000000e+000
6.050000e+002 -3.095352e-006 0.000000e+000 -3.100032e-006 0.000000e+000 -4.818879e-009 0.000000e+000
6.100000e+002 -3.034181e-006 0.000000e+000 -3.039155e-006 0.000000e+000 -4.724032e-009 0.000000e+000
6.150000e+002 -2.974890e-006 0.000000e+000 -2.980151e-006 0.000000e+000 -4.632101e-009 0.000000e+000
6.200000e+002 -2.917401e-006 0.000000e+000 -2.922939e-006 0.000000e+000 -4.542963e-009 0.000000e+000
6.250000e+002 -2.861637e-006 0.000000e+000 -2.867444e-006 0.000000e+000 -4.456500e-009 0.000000e+000
6.300000e+002 -2.807526e-006 0.000000e+000 -2.813596e-006 0.000000e+000 -4.372602e-009 0.000000e+000
6.350000e+002 -2.755002e-006 0.000000e+000 -2.761326e-006 0.000000e+000 -4.291164e-009 0.000000e+000
6.400000e+002 -2.704001e-006 0.000000e+000 -2.710572e-006 0.000000e+000 -4.212086e-009 0.000000e+000
6.450000e+002 -2.654461e-006 0.000000e+000 -2.661272e-006 0.000000e+000 -4.135275e-009 0.000000e+000
6.500000e+002 -2.606324e-006 0.000000e+000 -2.613370e-006 0.000000e+000 -4.060640e-009 0.000000e+000
6.550000e+002 -2.559537e-006 0.000000e+000 -2.566810e-006 0.000000e+000 -3.988098e-009 0.000000e+000
6.600000e+002 -2.514047e-006 0.000000e+000 -2.521541e-006 0.000000e+000 -3.917567e-009 0.000000e+000
6.650000e+002 -2.469805e-006 0.000000e+000 -2.477515e-006 0.000000e+000 -3.848971e-009 0.000000e+000
6.700000e+002 -2.426763e-006 0.000000e+000 -2.434683e-006 0.000000e+000 -3.782236e-009 0.000000e+000
6.750000e+002 -2.384877e-006 0.000000e+000 -2.393002e-006 0.000000e+000 -3.717294e-009 0.000000e+000
6.800000e+002 -2.344105e-006 0.000000e+000 -2.352428e-006 0.000000e+000 -3.654078e-009 0.000000e+000
6.850000e+002 -2.304405e-006 0.000000e+000 -2.312923e-006 0.000000e+000 -3.592526e-009 0.000000e+000
6.900000e+002 -2.265739e-006 0.000000e+000 -2.274446e-006 0.000000e+000 -3.532577e-009 0.000000e+000
6.950000e+002 -2.228070e-006 0.000000e+000 -2.236962e-006 0.000000e+000 -3.474173e-009 0.000000e+000
7.000000e+002 -2.191362e-006 0.000000e+000 -2.200435e-006 0.000000e+000 -3.417261e-009 0.000000e+000
7.050000e+002 -2.155583e-006 0.000000e+000 -2.164832e-006 0.000000e+000 -3.361788e-009 0.000000e+000
7.100000e+002 -2.120700e-006 0.000000e+000 -2.130120e-006 0.000000e+000 -3.307704e-009 0.000000e+000
7.150000e+002 -2.086681e-006 0.000000e+000 -2.096270e-006 0.000000e+000 -3.254962e-009 0.000000e+000
7.200000e+002 -2.053498e-006 0.000000e+000 -2.063251e-006 0.000000e+000 -3.203516e-009 0.000000e+000
7.250000e+002 -2.021123e-006 0.000000e+000 -2.031036e-006 0.000000e+000 -3.153322e-009 0.000000e+000
7.300000e+002 -1.989529e-006 0.000000e+000 -1.999599e-006 0.000000e+000 -3.104339e-009 0.000000e+000
7.350000e+002 -1.958690e-006 0.000000e+000 -1.968912e-006 0.000000e+000 -3.056526e-009 0.000000e+000
7.400000e+002 -1.928581e-006 0.000000e+000 -1.938953e-006 0.000000e+000 -3.009846e-009 0.000000e+000
7.450000e+002 -1.899178e-006 0.000000e+000 -1.909697e-006 0.000000e+000 -2.964262e-009 0.000000e+000
7.500000e+002 -1.870460e-006 0.000000e+000 -1.881122e-006 0.000000e+000 -2.919738e-009 0.000000e+000
7.550000e+002 -1.842403e-006 0.000000e+000 -1.853205e-006 0.000000e+000 -2.876241e-009 0.000000e+000
7.600000e+002 -1.814988e-006 0.000000e+000 -1.825927e-006 0.000000e+000 -2.833738e-009 0.000000e+000
7.650000e+002 -1.788194e-006 0.000000e+000 -1.799268e-006 0.000000e+000 -2.792199e-009 0.000000e+000
7.700000e+002 -1.762003e-006 0.000000e+000 -1.773208e-006 0.000000e+000 -2.751593e-009 0.000000e+000
7.750000e+002 -1.736394e-006 0.000000e+000 -1.747728e-006 0.000000e+000 -2.711893e-009 0.000000e+000
7.800000e+002 -1.711352e-006 0.000000e+000 -1.722812e-006 0.000000e+000 -2.673070e-009 0.000000e+000
7.850000e+002 -1.686858e-006 0.000000e+000 -1.698442e-006 0.000000e+000 -2.635097e-009 0.000000e+000
7.900000e+002 -1.662897e-006 0.000000e+000 -1.674602e-006 0.000000e+000 -2.597951e-009 0.000000e+000
7.950000e+002 -1.639452e-006 0.000000e+000 -1.651276e-006 0.000000e+000 -2.561605e-009 0.000000e+000
8.000000e+002 -1.616509e-006 0.000000e+000 -1.628449e-006 0.000000e+000 -2.526036e-009 0.000000e+000
8.050000e+002 -1.594052e-006 0.000000e+000 -1.606106e-006 0.000000e+000 -2.491223e-009 0.000000e+000
8.100000e+002 -1.572068e-006 0.000000e+000 -1.584234e-006 0.000000e+000 -2.457142e-009 0.000000e+000
8.150000e+002 -1.550543e-006 0.000000e+000 -1.562819e-006 0.000000e+000 -2.423773e-009 0.000000e+000
8.200000e+002 -1.529464e-006 0.000000e+000 -1.541848e-006 0.000000e+000 -2.391096e-009 0.000000e+000
8.250000e+002 -1.508819e-006 0.000000e+000 -1.521308e-006 0.000000e+000 -2.359091e-009 0.000000e+000
8.300000e+002 -1.488594e-006 0.000000e+000 -1.501187e-006 0.000000e+000 -2.327740e-009 0.000000e+000
8.350000e+002 -1.468780e-006 0.000000e+000 -1.481475e-006 0.000000e+000 -2.297023e-009 0.000000e+000
8.400000e+002 -1.449363e-006 0.000000e+000 -1.462158e-006 0.000000e+000 -2.266924e-009 0.000000e+000
8.450000e+002 -1.430334e-006 0.000000e+000 -1.443227e-006 0.000000e+000 -2.237426e-009 0.000000e+000
8.500000e+002 -1.411682e-006 0.000000e+000 -1.424672e-006 0.000000e+000 -2.208512e-009 0.000000e+000
8.550000e+002 -1.393397e-006 0.000000e+000 -1.406481e-006 0.000000e+000 -2.180166e-009 0.000000e+000
8.600000e+002 -1.375468e-006 0.000000e+000 -1.388645e-006 0.000000e+000 -2.152374e-009 0.000000e+000
8.650000e+002 -1.357887e-006 0.000000e+000 -1.371155e-006 0.000000e+000 -2.125121e-009 0.000000e+000
8.700000e+002 -1.340644e-006 0.000000e+000 -1.354002e-006 0.000000e+000 -2.098392e-009 0.000000e+000
8.750000e+002 -1.323730e-006 0.000000e+000 -1.337177e-006 0.000000e+000 -2.072174e-009 0.000000e+000
8.800000e+002 -1.307137e-006 0.000000e+000 -1.320671e-006 0.000000e+000 -2.046454e-009 0.000000e+000
8.850000e+002 -1.290857e-006 0.000000e+000 -1.304475e-006 0.000000e+000 -2.021218e-009 0.000000e+000
8.900000e+002 -1.274881e-006 0.000000e+000 -1.288583e-006 0.000000e+000 -1.996454e-009 0.000000e+000
8.950000e+002 -1.259203e-006 0.000000e+000 -1.272987e-006 0.000000e+000 -1.972150e-009 0.000000e+000
9.000000e+002 -1.243813e-006 0.000000e+000 -1.257678e-006 0.000000e+000 -1.948295e-009 0.000000e+000
9.050000e+002 -1.228705e-006 0.000000e+000 -1.242650e-006 0.000000e+000 -1.924877e-009 0.000000e+000
9.100000e+002 -1.213873e-006 0.000000e+000 -1.227895e-006 0.000000e+000 -1.901886e-009 0.000000e+000
9.150000e+002 -1.199308e-006 0.000000e+000 -1.213408e-006 0.000000e+000 -1.879310e-009 0.000000e+000
9.200000e+002 -1.185006e-006 0.000000e+000 -1.199180e-006 0.000000e+000 -1.857140e-009 0.000000e+000
9.250000e+002 -1.170958e-006 0.000000e+000 -1.185207e-006 0.000000e+000 -1.835365e-009 0.000000e+000
9.300000e+002 -1.157160e-006 0.000000e+000 -1.171481e-006 0.000000e+000 -1.813977e-009 0.000000e+000
9.350000e+002 -1.143604e-006 0.000000e+000 -1.157997e-006 0.000000e+000 -1.792965e-009 0.000000e+000
9.400000e+002 -1.130286e-006 0.000000e+000 -1.144749e-006 0.000000e+000 -1.772321e-009 0.000000e+000
9.450000e+002 -1.117199e-006 0.000000e+000 -1.131731e-006 0.000000e+000 -1.752036e-009 0.000000e+000
9.500000e+002 -1.104339e-006 0.000000e+000 -1.118938e-006 0.000000e+000 -1.732101e-009 0.000000e+000
9.550000e+002 -1.091699e-006 0.000000e+000 -1.106364e-006 0.000000e+000 -1.712509e-009 0.000000e+000
9.600000e+002 -1.079275e-006 0.000000e+000 -1.094005e-006 0.000000e+000 -1.693250e-009 0.000000e+000
9.650000e+002 -1.067062e-006 0.000000e+000 -1.081855e-006 0.000000e+000 -1.674318e-009 0.000000e+000
9.700000e+002 -1.055054e-006 0.000000e+000 -1.069910e-006 0.000000e+000 -1.655704e-009 0.000000e+000
9.750000e+002 -1.043248e-006 0.000000e+000 -1.058164e-006 0.000000e+000 -1.637402e-009 0.000000e+000
9.800000e+002 -1.031638e-006 0.000000e+000 -1.046613e-006 0.000000e+000 -1.619404e-009 0.000000e+000
9.850000e+002 -1.020220e-006 0.000000e+000 -1.035253e-006 0.000000e+000 -1.601704e-009 0.000000e+000
9.900000e+002 -1.008990e-006 0.000000e+000 -1.024078e-006 0.000000e+000 -1.584293e-009 0.000000e+000
9.950000e+002 -9.979438e-007 0.000000e+000 -1.013086e-006 0.000000e+000 -1.567167e-009 0.000000e+000
1.000000e+003 -9.870771e-007 0.000000e+000 -1.002271e-006 0.000000e+000 -1.550317e-009 0.000000e+000
1.005000e+003 -9.763860e-007 0.000000e+000 -9.916288e-007 0.000000e+000 -1.533739e-009 0.000000e+000
1.010000e+003 -9.658666e-007 0.000000e+000 -9.811563e-007 0.000000e+000 -1.517425e-009 0.000000e+000
1.015000e+003 -9.555153e-007 0.000000e+000 -9.708488e-007 0.000000e+000 -1.501370e-009 0.000000e+000
1.020000e+003 -9.453285e-007 0.000000e+000 -9.607023e-007 0.000000e+000 -1.485567e-009 0.000000e+000
1.025000e+003 -9.353026e-007 0.000000e+000 -9.507126e-007 0.000000e+000 -1.470011e-009 0.000000e+000
1.030000e+003 -9.254343e-007 0.000000e+000 -9.408753e-007 0.000000e+000 -1.454694e-009 0.000000e+000
1.035000e+003 -9.157203e-007 0.000000e+000 -9.311858e-007 0.000000e+000 -1.439611e-009 0.000000e+000
1.040000e+003 -9.061574e-007 0.000000e+000 -9.216389e-007 0.000000e+000 -1.424756e-009 0.000000e+000
1.045000e+003 -8.967427e-007 0.000000e+000 -9.122287e-007 0.000000e+000 -1.410119e-009 0.000000e+000
1.050000e+003 -8.874734e-007 0.000000e+000 -9.029476e-007 0.000000e+000 -1.395693e-009 0.000000e+000
1.055000e+003 -8.783469e-007 0.000000e+000 -8.937848e-007 0.000000e+000 -1.381465e-009 0.000000e+000
1.060000e+003 -8.693612e-007 0.000000e+000 -8.847235e-007 0.000000e+000 -1.367418e-009 0.000000e+000
1.065000e+003 -8.605153e-007 0.000000e+000 -8.757320e-007 0.000000e+000 -1.353521e-009 0.000000e+000
1.070000e+003 -8.518110e-007 0.000000e+000 -8.667376e-007 0.000000e+000 -1.339705e-009 0.000000e+000
1.075000e+003 -8.432604e-007 0.000000e+000 -8.575118e-007 0.000000e+000 -1.325753e-009 0.000000e+000
1.080000e+003 -8.349530e-007 0.000000e+000 -8.466822e-007 0.000000e+000 -1.310381e-009 0.000000e+000
1.085000e+003 -8.252566e-007 0.000000e+000 -8.578486e-007 0.000000e+000 -1.316289e-009 0.000000e+000
1.090000e+003 -8.178495e-007 0.000000e+000 -8.372504e-007 0.000000e+000 -1.291159e-009 0.000000e+000
1.095000e+003 -8.099132e-007 0.000000e+000 -8.281018e-007 0.000000e+000 -1.277685e-009 0.000000e+000
1.100000e+003 -8.019583e-007 0.000000e+000 -8.196727e-007 0.000000e+000 -1.264861e-009 0.000000e+000
1.105000e+003 -7.941056e-007 0.000000e+000 -8.115946e-007 0.000000e+000 -1.252435e-009 0.000000e+000
1.110000e+003 -7.863569e-007 0.000000e+000 -8.037267e-007 0.000000e+000 -1.240272e-009 0.000000e+000
1.115000e+003 -7.787323e-007 0.000000e+000 -7.960425e-007 0.000000e+000 -1.228358e-009 0.000000e+000
1.120000e+003 -7.711976e-007 0.000000e+000 -7.884743e-007 0.000000e+000 -1.216609e-009 0.000000e+000
1.125000e+003 -7.637727e-007 0.000000e+000 -7.810371e-007 0.000000e+000 -1.205052e-009 0.000000e+000
1.130000e+003 -7.564483e-007 0.000000e+000 -7.737134e-007 0.000000e+000 -1.193664e-009 0.000000e+000
1.135000e+003 -7.492345e-007 0.000000e+000 -7.665083e-007 0.000000e+000 -1.182454e-009 0.000000e+000
1.140000e+003 -7.421144e-007 0.000000e+000 -7.594034e-007 0.000000e+000 -1.171399e-009 0.000000e+000
1.145000e+003 -7.350932e-007 0.000000e+000 -7.523994e-007 0.000000e+000 -1.160502e-009 0.000000e+000
1.150000e+003 -7.281669e-007 0.000000e+000 -7.454549e-007 0.000000e+000 -1.149756e-009 0.000000e+000
1.155000e+003 -7.213362e-007 0.000000e+000 -7.387240e-007 0.000000e+000 -1.139161e-009 0.000000e+000
1.160000e+003 -7.146066e-007 0.000000e+000 -7.320181e-007 0.000000e+000 -1.128726e-009 0.000000e+000
1.165000e+003 -7.079607e-007 0.000000e+000 -7.254016e-007 0.000000e+000 -1.118423e-009 0.000000e+000
1.170000e+003 -7.014051e-007 0.000000e+000 -7.188789e-007 0.000000e+000 -1.108262e-009 0.000000e+000
1.175000e+003 -6.949378e-007 0.000000e+000 -7.124461e-007 0.000000e+000 -1.098238e-009 0.000000e+000
1.180000e+003 -6.885568e-007 0.000000e+000 -7.061010e-007 0.000000e+000 -1.088351e-009 0.000000e+000
1.185000e+003 -6.822600e-007 0.000000e+000 -6.998413e-007 0.000000e+000 -1.078595e-009 0.000000e+000
1.190000e+003 -6.760487e-007 0.000000e+000 -6.936667e-007 0.000000e+000 -1.068972e-009 0.000000e+000
1.195000e+003 -6.699145e-007 0.000000e+000 -6.875706e-007 0.000000e+000 -1.059470e-009 0.000000e+000
1.200000e+003 -6.638684e-007 0.000000e+000 -6.815633e-007 0.000000e+000 -1.050105e-009 0.000000e+000
1.205000e+003 -6.578963e-007 0.000000e+000 -6.756302e-007 0.000000e+000 -1.040856e-009 0.000000e+000
1.210000e+003 -6.520020e-007 0.000000e+000 -6.697752e-007 0.000000e+000 -1.031728e-009 0.000000e+000
1.215000e+003 -6.461838e-007 0.000000e+000 -6.639965e-007 0.000000e+000 -1.022719e-009 0.000000e+000
1.220000e+003 -6.404395e-007 0.000000e+000 -6.582921e-007 0.000000e+000 -1.013824e-009 0.000000e+000
1.225000e+003 -6.347767e-007 0.000000e+000 -6.526688e-007 0.000000e+000 -1.005057e-009 0.000000e+000
1.230000e+003 -6.291756e-007 0.000000e+000 -6.471079e-007 0.000000e+000 -9.963855e-010 0.000000e+000
1.235000e+003 -6.236486e-007 0.000000e+000 -6.416212e-007 0.000000e+000 -9.878297e-010 0.000000e+000
1.240000e+003 -6.181916e-007 0.000000e+000 -6.362046e-007 0.000000e+000 -9.793827e-010 0.000000e+000
1.245000e+003 -6.128032e-007 0.000000e+000 -6.308567e-007 0.000000e+000 -9.710425e-010 0.000000e+000
1.250000e+003 -6.074821e-007 0.000000e+000 -6.255766e-007 0.000000e+000 -9.628070e-010 0.000000e+000
1.255000e+003 -6.022278e-007 0.000000e+000 -6.203580e-007 0.000000e+000 -9.546753e-010 0.000000e+000
1.260000e+003 -5.970376e-007 0.000000e+000 -6.152112e-007 0.000000e+000 -9.466436e-010 0.000000e+000
1.265000e+003 -5.919107e-007 0.000000e+000 -6.101252e-007 0.000000e+000 -9.387104e-010 0.000000e+000
1.270000e+003 -5.868488e-007 0.000000e+000 -6.051038e-007 0.000000e+000 -9.308779e-010 0.000000e+000
1.275000e+003 -5.818475e-007 0.000000e+000 -6.001431e-007 0.000000e+000 -9.231399e-010 0.000000e+000
1.280000e+003 -5.769070e-007 0.000000e+000 -5.952432e-007 0.000000e+000 -9.154964e-010 0.000000e+000
1.285000e+003 -5.720262e-007 0.000000e+000 -5.904029e-007 0.000000e+000 -9.079458e-010 0.000000e+000
1.290000e+003 -5.672041e-007 0.000000e+000 -5.856215e-007 0.000000e+000 -9.004866e-010 0.000000e+000
1.295000e+003 -5.624398e-007 0.000000e+000 -5.808977e-007 0.000000e+000 -8.931172e-010 0.000000e+000
1.300000e+003 -5.577323e-007 0.000000e+000 -5.762307e-007 0.000000e+000 -8.858361e-010 0.000000e+000
1.305000e+003 -5.530806e-007 0.000000e+000 -5.716196e-007 0.000000e+000 -8.786418e-010 0.000000e+000
1.310000e+003 -5.484836e-007 0.000000e+000 -5.670632e-007 0.000000e+000 -8.715327e-010 0.000000e+000
1.315000e+003 -5.439411e-007 0.000000e+000 -5.625613e-007 0.000000e+000 -8.645082e-010 0.000000e+000
1.320000e+003 -5.394492e-007 0.000000e+000 -5.581100e-007 0.000000e+000 -8.575626e-010 0.000000e+000
1.325000e+003 -5.350164e-007 0.000000e+000 -5.537177e-007 0.000000e+000 -8.507086e-010 0.000000e+000
1.330000e+003 -5.306299e-007 0.000000e+000 -5.493718e-007 0.000000e+000 -8.439269e-010 0.000000e+000
1.335000e+003 -5.262946e-007 0.000000e+000 -5.450771e-007 0.000000e+000 -8.372247e-010 0.000000e+000
1.340000e+003 -5.220093e-007 0.000000e+000 -5.408323e-007 0.000000e+000 -8.306003e-010 0.000000e+000
1.345000e+003 -5.177729e-007 0.000000e+000 -5.366366e-007 0.000000e+000 -8.240521e-010 0.000000e+000
1.350000e+003 -5.135848e-007 0.000000e+000 -5.324891e-007 0.000000e+000 -8.175789e-010 0.000000e+000
1.355000e+003 -5.094441e-007 0.000000e+000 -5.283891e-007 0.000000e+000 -8.111795e-010 0.000000e+000
1.360000e+003 -5.053497e-007 0.000000e+000 -5.243354e-007 0.000000e+000 -8.048522e-010 0.000000e+000
1.365000e+003 -5.013182e-007 0.000000e+000 -5.203429e-007 0.000000e+000 -7.986207e-010 0.000000e+000
1.370000e+003 -4.973014e-007 0.000000e+000 -5.163682e-007 0.000000e+000 -7.924156e-010 0.000000e+000
1.375000e+003 -4.933428e-007 0.000000e+000 -5.124504e-007 0.000000e+000 -7.862997e-010 0.000000e+000
1.380000e+003 -4.894284e-007 0.000000e+000 -5.085768e-007 0.000000e+000 -7.802524e-010 0.000000e+000
1.385000e+003 -4.855572e-007 0.000000e+000 -5.047462e-007 0.000000e+000 -7.742722e-010 0.000000e+000
1.390000e+003 -4.817281e-007 0.000000e+000 -5.009577e-007 0.000000e+000 -7.683577e-010 0.000000e+000
1.395000e+003 -4.779374e-007 0.000000e+000 -4.972057e-007 0.000000e+000 -7.625033e-010 0.000000e+000
1.400000e+003 -4.742000e-007 0.000000e+000 -4.935139e-007 0.000000e+000 -7.567308e-010 0.000000e+000
1.405000e+003 -4.704935e-007 0.000000e+000 -4.898475e-007 0.000000e+000 -7.510072e-010 0.000000e+000
1.410000e+003 -4.668282e-007 0.000000e+000 -4.862231e-007 0.000000e+000 -7.453476e-010 0.000000e+000
1.415000e+003 -4.632023e-007 0.000000e+000 -4.826383e-007 0.000000e+000 -7.397495e-010 0.000000e+000
1.420000e+003 -4.596147e-007 0.000000e+000 -4.790920e-007 0.000000e+000 -7.342110e-010 0.000000e+000
1.425000e+003 -4.560672e-007 0.000000e+000 -4.755857e-007 0.000000e+000 -7.287347e-010 0.000000e+000
1.430000e+003 -4.525557e-007 0.000000e+000 -4.721157e-007 0.000000e+000 -7.233147e-010 0.000000e+000
1.435000e+003 -4.490814e-007 0.000000e+000 -4.686829e-007 0.000000e+000 -7.179527e-010 0.000000e+000
1.440000e+003 -4.456436e-007 0.000000e+000 -4.652867e-007 0.000000e+000 -7.126475e-010 0.000000e+000
1.445000e+003 -4.422417e-007 0.000000e+000 -4.619265e-007 0.000000e+000 -7.073982e-010 0.000000e+000
1.450000e+003 -4.388752e-007 0.000000e+000 -4.586018e-007 0.000000e+000 -7.022039e-010 0.000000e+000
1.455000e+003 -4.355434e-007 0.000000e+000 -4.553120e-007 0.000000e+000 -6.970639e-010 0.000000e+000
1.460000e+003 -4.322459e-007 0.000000e+000 -4.520565e-007 0.000000e+000 -6.919774e-010 0.000000e+000
1.465000e+003 -4.289821e-007 0.000000e+000 -4.488349e-007 0.000000e+000 -6.869433e-010 0.000000e+000
1.470000e+003 -4.257513e-007 0.000000e+000 -4.456465e-007 0.000000e+000 -6.819608e-010 0.000000e+000
1.475000e+003 -4.225515e-007 0.000000e+000 -4.424893e-007 0.000000e+000 -6.770268e-010 0.000000e+000
1.480000e+003 -4.193863e-007 0.000000e+000 -4.393670e-007 0.000000e+000 -6.721469e-010 0.000000e+000
1.485000e+003 -4.162602e-007 0.000000e+000 -4.362827e-007 0.000000e+000 -6.673261e-010 0.000000e+000
1.490000e+003 -4.131560e-007 0.000000e+000 -4.332216e-007 0.000000e+000 -6.625414e-010 0.000000e+000
1.495000e+003 -4.100844e-007 0.000000e+000 -4.301931e-007 0.000000e+000 -6.578071e-010 0.000000e+000
1.500000e+003 -4.070434e-007 0.000000e+000 -4.271954e-007 0.000000e+000 -6.531208e-010 0.000000e+000
1.505000e+003 -4.040325e-007 0.000000e+000 -4.242280e-007 0.000000e+000 -6.484814e-010 0.000000e+000
1.510000e+003 -4.010513e-007 0.000000e+000 -4.212903e-007 0.000000e+000 -6.438882e-010 0.000000e+000
1.515000e+003 -3.980992e-007 0.000000e+000 -4.183820e-007 0.000000e+000 -6.393405e-010 0.000000e+000
1.520000e+003 -3.951758e-007 0.000000e+000 -4.155025e-007 0.000000e+000 -6.348376e-010 0.000000e+000
1.525000e+003 -3.922806e-007 0.000000e+000 -4.126516e-007 0.000000e+000 -6.303789e-010 0.000000e+000
1.530000e+003 -3.894134e-007 0.000000e+000 -4.098287e-007 0.000000e+000 -6.259638e-010 0.000000e+000
1.535000e+003 -3.865735e-007 0.000000e+000 -4.070335e-007 0.000000e+000 -6.215915e-010 0.000000e+000
1.540000e+003 -3.837607e-007 0.000000e+000 -4.042655e-007 0.000000e+000 -6.172615e-010 0.000000e+000
1.545000e+003 -3.809745e-007 0.000000e+000 -4.015244e-007 0.000000e+000 -6.129731e-010 0.000000e+000
1.550000e+003 -3.782144e-007 0.000000e+000 -3.988098e-007 0.000000e+000 -6.087257e-010 0.000000e+000
1.555000e+003 -3.754790e-007 0.000000e+000 -3.961206e-007 0.000000e+000 -6.045170e-010 0.000000e+000
1.560000e+003 -3.727747e-007 0.000000e+000 -3.934601e-007 0.000000e+000 -6.003561e-010 0.000000e+000
1.565000e+003 -3.700902e-007 0.000000e+000 -3.908222e-007 0.000000e+000 -5.962270e-010 0.000000e+000
1.570000e+003 -3.674314e-007 0.000000e+000 -3.882099e-007 0.000000e+000 -5.921381e-010 0.000000e+000
1.575000e+003 -3.647972e-007 0.000000e+000 -3.856223e-007 0.000000e+000 -5.880877e-010 0.000000e+000
1.580000e+003 -3.621870e-007 0.000000e+000 -3.830591e-007 0.000000e+000 -5.840750e-010 0.000000e+000
1.585000e+003 -3.596006e-007 0.000000e+000 -3.805199e-007 0.000000e+000 -5.800995e-010 0.000000e+000
1.590000e+003 -3.570375e-007 0.000000e+000 -3.780044e-007 0.000000e+000 -5.761607e-010 0.000000e+000
1.595000e+003 -3.544975e-007 0.000000e+000 -3.755122e-007 0.000000e+000 -5.722579e-010 0.000000e+000
1.600000e+003 -3.519801e-007 0.000000e+000 -3.730429e-007 0.000000e+000 -5.683907e-010 0.000000e+000
1.605000e+003 -3.494849e-007 0.000000e+000 -3.705963e-007 0.000000e+000 -5.645585e-010 0.000000e+000
1.610000e+003 -3.470115e-007 0.000000e+000 -3.681719e-007 0.000000e+000 -5.607605e-010 0.000000e+000
1.615000e+003 -3.441522e-007 0.000000e+000 -3.654486e-007 0.000000e+000 -5.564784e-010 0.000000e+000
1.620000e+003 -3.421318e-007 0.000000e+000 -3.633906e-007 0.000000e+000 -5.532693e-010 0.000000e+000
1.625000e+003 -3.397224e-007 0.000000e+000 -3.610312e-007 0.000000e+000 -5.495719e-010 0.000000e+000
1.630000e+003 -3.373337e-007 0.000000e+000 -3.586929e-007 0.000000e+000 -5.459071e-010 0.000000e+000
1.635000e+003 -3.349610e-007 0.000000e+000 -3.563715e-007 0.000000e+000 -5.422681e-010 0.000000e+000
1.640000e+003 -3.326210e-007 0.000000e+000 -3.540818e-007 0.000000e+000 -5.386790e-010 0.000000e+000
1.645000e+003 -3.302923e-007 0.000000e+000 -3.518048e-007 0.000000e+000 -5.351088e-010 0.000000e+000
1.650000e+003 -3.279838e-007 0.000000e+000 -3.495486e-007 0.000000e+000 -5.315705e-010 0.000000e+000
1.655000e+003 -3.256946e-007 0.000000e+000 -3.473119e-007 0.000000e+000 -5.280626e-010 0.000000e+000
1.660000e+003 -3.234245e-007 0.000000e+000 -3.450947e-007 0.000000e+000 -5.245847e-010 0.000000e+000
1.665000e+003 -3.211729e-007 0.000000e+000 -3.428966e-007 0.000000e+000 -5.211363e-010 0.000000e+000
1.670000e+003 -3.189398e-007 0.000000e+000 -3.407174e-007 0.000000e+000 -5.177170e-010 0.000000e+000
1.675000e+003 -3.167247e-007 0.000000e+000 -3.385568e-007 0.000000e+000 -5.143262e-010 0.000000e+000
1.680000e+003 -3.145257e-007 0.000000e+000 -3.364131e-007 0.000000e+000 -5.109615e-010 0.000000e+000
1.685000e+003 -3.123477e-007 0.000000e+000 -3.342904e-007 0.000000e+000 -5.076291e-010 0.000000e+000
1.690000e+003 -3.101853e-007 0.000000e+000 -3.321840e-007 0.000000e+000 -5.043219e-010 0.000000e+000
1.695000e+003 -3.080396e-007 0.000000e+000 -3.300951e-007 0.000000e+000 -5.010414e-010 0.000000e+000
1.700000e+003 -3.059106e-007 0.000000e+000 -3.280234e-007 0.000000e+000 -4.977874e-010 0.000000e+000
1.705000e+003 -3.037979e-007 0.000000e+000 -3.259687e-007 0.000000e+000 -4.945594e-010 0.000000e+000
1.710000e+003 -3.017008e-007 0.000000e+000 -3.239304e-007 0.000000e+000 -4.913563e-010 0.000000e+000
1.715000e+003 -2.996227e-007 0.000000e+000 -3.219106e-007 0.000000e+000 -4.881830e-010 0.000000e+000
1.720000e+003 -2.975567e-007 0.000000e+000 -3.199048e-007 0.000000e+000 -4.850297e-010 0.000000e+000
1.725000e+003 -2.955067e-007 0.000000e+000 -3.179155e-007 0.000000e+000 -4.819018e-010 0.000000e+000
1.730000e+003 -2.934714e-007 0.000000e+000 -3.159418e-007 0.000000e+000 -4.787976e-010 0.000000e+000
1.735000e+003 -2.914381e-007 0.000000e+000 -3.139759e-007 0.000000e+000 -4.756988e-010 0.000000e+000
1.740000e+003 -2.894496e-007 0.000000e+000 -3.120436e-007 0.000000e+000 -4.726668e-010 0.000000e+000
1.745000e+003 -2.874575e-007 0.000000e+000 -3.101155e-007 0.000000e+000 -4.696321e-010 0.000000e+000
1.750000e+003 -2.854812e-007 0.000000e+000 -3.082035e-007 0.000000e+000 -4.666224e-010 0.000000e+000
1.755000e+003 -2.835174e-007 0.000000e+000 -3.063050e-007 0.000000e+000 -4.636334e-010 0.000000e+000
1.760000e+003 -2.815675e-007 0.000000e+000 -3.044212e-007 0.000000e+000 -4.606668e-010 0.000000e+000
1.765000e+003 -2.796308e-007 0.000000e+000 -3.025516e-007 0.000000e+000 -4.577216e-010 0.000000e+000
1.770000e+003 -2.777071e-007 0.000000e+000 -3.006959e-007 0.000000e+000 -4.547975e-010 0.000000e+000
1.775000e+003 -2.757960e-007 0.000000e+000 -2.988537e-007 0.000000e+000 -4.518940e-010 0.000000e+000
1.780000e+003 -2.738972e-007 0.000000e+000 -2.970247e-007 0.000000e+000 -4.490106e-010 0.000000e+000
1.785000e+003 -2.720082e-007 0.000000e+000 -2.952070e-007 0.000000e+000 -4.461439e-010 0.000000e+000
1.790000e+003 -2.701383e-007 0.000000e+000 -2.934083e-007 0.000000e+000 -4.433066e-010 0.000000e+000
1.795000e+003 -2.682888e-007 0.000000e+000 -2.916312e-007 0.000000e+000 -4.405022e-010 0.000000e+000
1.800000e+003 -2.664239e-007 0.000000e+000 -2.898413e-007 0.000000e+000 -4.376768e-010 0.000000e+000
1.805000e+003 -2.645830e-007 0.000000e+000 -2.880759e-007 0.000000e+000 -4.348890e-010 0.000000e+000
1.810000e+003 -2.627532e-007 0.000000e+000 -2.863226e-007 0.000000e+000 -4.321196e-010 0.000000e+000
1.815000e+003 -2.609339e-007 0.000000e+000 -2.845812e-007 0.000000e+000 -4.293678e-010 0.000000e+000
1.820000e+003 -2.591248e-007 0.000000e+000 -2.828513e-007 0.000000e+000 -4.266332e-010 0.000000e+000
1.825000e+003 -2.573256e-007 0.000000e+000 -2.811326e-007 0.000000e+000 -4.239154e-010 0.000000e+000
1.830000e+003 -2.555361e-007 0.000000e+000 -2.794251e-007 0.000000e+000 -4.212140e-010 0.000000e+000
1.835000e+003 -2.537558e-007 0.000000e+000 -2.777282e-007 0.000000e+000 -4.185284e-010 0.000000e+000
1.840000e+003 -2.519844e-007 0.000000e+000 -2.760418e-007 0.000000e+000 -4.158584e-010 0.000000e+000
1.845000e+003 -2.502215e-007 0.000000e+000 -2.743656e-007 0.000000e+000 -4.132031e-010 0.000000e+000
1.850000e+003 -2.484659e-007 0.000000e+000 -2.726984e-007 0.000000e+000 -4.105611e-010 0.000000e+000
1.855000e+003 -2.467448e-007 0.000000e+000 -2.710630e-007 0.000000e+000 -4.079677e-010 0.000000e+000
1.860000e+003 -2.449862e-007 0.000000e+000 -2.693984e-007 0.000000e+000 -4.053290e-010 0.000000e+000
1.865000e+003 -2.432555e-007 0.000000e+000 -2.677629e-007 0.000000e+000 -4.027312e-010 0.000000e+000
1.870000e+003 -2.415312e-007 0.000000e+000 -2.661341e-007 0.000000e+000 -4.001449e-010 0.000000e+000
1.875000e+003 -2.398138e-007 0.000000e+000 -2.645143e-007 0.000000e+000 -3.975715e-010 0.000000e+000
1.880000e+003 -2.381029e-007 0.000000e+000 -2.629031e-007 0.000000e+000 -3.950101e-010 0.000000e+000
1.885000e+003 -2.363979e-007 0.000000e+000 -2.613001e-007 0.000000e+000 -3.924602e-010 0.000000e+000
1.890000e+003 -2.346984e-007 0.000000e+000 -2.597049e-007 0.000000e+000 -3.899212e-010 0.000000e+000
1.895000e+003 -2.330040e-007 0.000000e+000 -2.581173e-007 0.000000e+000 -3.873926e-010 0.000000e+000
1.900000e+003 -2.313141e-007 0.000000e+000 -2.565369e-007 0.000000e+000 -3.848737e-010 0.000000e+000
1.905000e+003 -2.296260e-007 0.000000e+000 -2.549612e-007 0.000000e+000 -3.823609e-010 0.000000e+000
1.910000e+003 -2.279469e-007 0.000000e+000 -2.533967e-007 0.000000e+000 -3.798634e-010 0.000000e+000
1.915000e+003 -2.262663e-007 0.000000e+000 -2.518343e-007 0.000000e+000 -3.773678e-010 0.000000e+000
1.920000e+003 -2.245974e-007 0.000000e+000 -2.502853e-007 0.000000e+000 -3.748919e-010 0.000000e+000
1.925000e+003 -2.229213e-007 0.000000e+000 -2.487340e-007 0.000000e+000 -3.724098e-010 0.000000e+000
1.930000e+003 -2.212488e-007 0.000000e+000 -2.471895e-007 0.000000e+000 -3.699365e-010 0.000000e+000
1.935000e+003 -2.195786e-007 0.000000e+000 -2.456513e-007 0.000000e+000 -3.674706e-010 0.000000e+000
1.940000e+003 -2.179073e-007 0.000000e+000 -2.441153e-007 0.000000e+000 -3.650067e-010 0.000000e+000
1.945000e+003 -2.162361e-007 0.000000e+000 -2.425839e-007 0.000000e+000 -3.625472e-010 0.000000e+000
1.950000e+003 -2.145638e-007 0.000000e+000 -2.410560e-007 0.000000e+000 -3.600907e-010 0.000000e+000
1.955000e+003 -2.128896e-007 0.000000e+000 -2.395309e-007 0.000000e+000 -3.576359e-010 0.000000e+000
1.960000e+003 -2.112125e-007 0.000000e+000 -2.380081e-007 0.000000e+000 -3.551819e-010 0.000000e+000
1.965000e+003 -2.095317e-007 0.000000e+000 -2.364871e-007 0.000000e+000 -3.527275e-010 0.000000e+000
1.970000e+003 -2.078459e-007 0.000000e+000 -2.349670e-007 0.000000e+000 -3.502715e-010 0.000000e+000
1.975000e+003 -2.061535e-007 0.000000e+000 -2.334470e-007 0.000000e+000 -3.478118e-010 0.000000e+000
1.980000e+003 -2.044625e-007 0.000000e+000 -2.319332e-007 0.000000e+000 -3.453586e-010 0.000000e+000
1.985000e+003 -2.027501e-007 0.000000e+000 -2.304088e-007 0.000000e+000 -3.428839e-010 0.000000e+000
1.990000e+003 -2.010321e-007 0.000000e+000 -2.288859e-007 0.000000e+000 -3.404074e-010 0.000000e+000
1.995000e+003 -1.993023e-007 0.000000e+000 -2.273605e-007 0.000000e+000 -3.379218e-010 0.000000e+000
2.000000e+003 -1.975586e-007 0.000000e+000 -2.258313e-007 0.000000e+000 -3.354247e-010 0.000000e+000
2.005000e+003 -1.957984e-007 0.000000e+000 -2.242972e-007 0.000000e+000 -3.329137e-010 0.000000e+000
2.010000e+003 -1.940188e-007 0.000000e+000 -2.227567e-007 0.000000e+000 -3.303857e-010 0.000000e+000
2.015000e+003 -1.922163e-007 0.000000e+000 -2.212081e-007 0.000000e+000 -3.278373e-010 0.000000e+000
2.020000e+003 -1.903877e-007 0.000000e+000 -2.196509e-007 0.000000e+000 -3.252654e-010 0.000000e+000
2.025000e+003 -1.885262e-007 0.000000e+000 -2.180811e-007 0.000000e+000 -3.226633e-010 0.000000e+000
2.030000e+003 -1.866255e-007 0.000000e+000 -2.164970e-007 0.000000e+000 -3.200255e-010 0.000000e+000
2.035000e+003 -1.846708e-007 0.000000e+000 -2.148912e-007 0.000000e+000 -3.173366e-010 0.000000e+000
2.040000e+003 -1.826690e-007 0.000000e+000 -2.132731e-007 0.000000e+000 -3.146096e-010 0.000000e+000
2.045000e+003 -1.805794e-007 0.000000e+000 -2.116214e-007 0.000000e+000 -3.118015e-010 0.000000e+000
2.050000e+003 -1.783808e-007 0.000000e+000 -2.099330e-007 0.000000e+000 -3.088978e-010 0.000000e+000
2.055000e+003 -1.760227e-007 0.000000e+000 -2.081934e-007 0.000000e+000 -3.058568e-010 0.000000e+000
2.060000e+003 -1.734092e-007 0.000000e+000 -2.063759e-007 0.000000e+000 -3.026012e-010 0.000000e+000
2.065000e+003 -1.703269e-007 0.000000e+000 -2.044239e-007 0.000000e+000 -2.989612e-010 0.000000e+000
2.070000e+003 -1.661623e-007 0.000000e+000 -2.021775e-007 0.000000e+000 -2.944553e-010 0.000000e+000
2.075000e+003 -1.579801e-007 0.000000e+000 -1.988838e-007 0.000000e+000 -2.868009e-010 0.000000e+000
2.080000e+003 4.856025e-007 0.000000e+000 -3.020643e-008 0.000000e+000 2.128556e-010 0.000000e+000
2.085000e+003 -1.767081e-007 0.000000e+000 -2.014824e-007 0.000000e+000 -2.986380e-010 0.000000e+000
2.090000e+003 -1.608480e-007 0.000000e+000 -1.977580e-007 0.000000e+000 -2.847930e-010 0.000000e+000
2.095000e+003 -1.665670e-007 0.000000e+000 -1.925286e-007 0.000000e+000 -2.863270e-010 0.000000e+000
2.100000e+003 -1.632373e-007 0.000000e+000 -1.928519e-007 0.000000e+000 -2.837312e-010 0.000000e+000
2.105000e+003 -1.717781e-007 0.000000e+000 -2.001025e-007 0.000000e+000 -2.947567e-010 0.000000e+000
2.110000e+003 -1.615153e-007 0.000000e+000 -1.924870e-007 0.000000e+000 -2.819598e-010 0.000000e+000
2.115000e+003 -1.584516e-007 0.000000e+000 -1.910008e-007 0.000000e+000 -2.783480e-010 0.000000e+000
2.120000e+003 -1.536144e-007 0.000000e+000 -1.868109e-007 0.000000e+000 -2.720392e-010 0.000000e+000
2.125000e+003 -1.494884e-007 0.000000e+000 -1.838100e-007 0.000000e+000 -2.667643e-010 0.000000e+000
2.130000e+003 -1.535240e-007 0.000000e+000 -1.860246e-007 0.000000e+000 -2.710046e-010 0.000000e+000
2.135000e+003 -1.451651e-007 0.000000e+000 -1.802808e-007 0.000000e+000 -2.608286e-010 0.000000e+000
2.140000e+003 -1.141710e-007 0.000000e+000 -1.593556e-007 0.000000e+000 -2.225952e-010 0.000000e+000
2.145000e+003 -1.374668e-007 0.000000e+000 -1.745423e-007 0.000000e+000 -2.509131e-010 0.000000e+000
2.150000e+003 -1.337785e-007 0.000000e+000 -1.717141e-007 0.000000e+000 -2.461280e-010 0.000000e+000
2.155000e+003 -1.277438e-007 0.000000e+000 -1.672250e-007 0.000000e+000 -2.382203e-010 0.000000e+000
2.160000e+003 -1.242781e-007 0.000000e+000 -1.642326e-007 0.000000e+000 -2.338956e-010 0.000000e+000
2.165000e+003 -1.095628e-007 0.000000e+000 -1.489283e-007 0.000000e+000 -2.143340e-010 0.000000e+000
2.170000e+003 -1.260357e-007 0.000000e+000 -1.738592e-007 0.000000e+000 -2.358260e-010 0.000000e+000
2.175000e+003 -1.103404e-007 0.000000e+000 -1.562689e-007 0.000000e+000 -2.160113e-010 0.000000e+000
2.180000e+003 -1.058118e-007 0.000000e+000 -1.528701e-007 0.000000e+000 -2.104283e-010 0.000000e+000
2.185000e+003 -9.893102e-008 0.000000e+000 -1.476008e-007 0.000000e+000 -2.016205e-010 0.000000e+000
2.190000e+003 -8.947736e-008 0.000000e+000 -1.408983e-007 0.000000e+000 -1.897536e-010 0.000000e+000
2.195000e+003 -7.944690e-008 0.000000e+000 -1.338298e-007 0.000000e+000 -1.771631e-010 0.000000e+000
2.200000e+003 -6.763042e-008 0.000000e+000 -1.256133e-007 0.000000e+000 -1.624016e-010 0.000000e+000
2.205000e+003 -5.407808e-008 0.000000e+000 -1.162709e-007 0.000000e+000 -1.455443e-010 0.000000e+000
2.210000e+003 -3.539132e-008 0.000000e+000 -1.034466e-007 0.000000e+000 -1.223125e-010 0.000000e+000
2.215000e+003 -1.084606e-008 0.000000e+000 -8.670400e-008 0.000000e+000 -9.189558e-011 0.000000e+000
2.220000e+003 2.614970e-008 0.000000e+000 -6.155780e-008 0.000000e+000 -4.613109e-011 0.000000e+000
2.225000e+003 1.150395e-007 0.000000e+000 -1.118720e-009 0.000000e+000 6.385065e-011 0.000000e+000
2.230000e+003 1.612427e-008 0.000000e+000 -6.951069e-008 0.000000e+000 -5.956307e-011 0.000000e+000
2.235000e+003 2.289651e-007 0.000000e+000 7.506582e-008 0.000000e+000 2.031329e-010 0.000000e+000
2.240000e+003 3.591175e-007 0.000000e+000 1.608404e-007 0.000000e+000 3.622223e-010 0.000000e+000
2.245000e+003 1.076950e-006 0.000000e+000 6.403329e-007 0.000000e+000 1.242248e-009 0.000000e+000
2.250000e+003 2.565677e-005 0.000000e+000 1.703164e-005 0.000000e+000 3.136682e-008 0.000000e+000
2.255000e+003 -9.985520e-007 0.000000e+000 -7.443648e-007 0.000000e+000 -1.300678e-009 0.000000e+000
2.260000e+003 -6.143833e-007 0.000000e+000 -4.877559e-007 0.000000e+000 -8.296302e-010 0.000000e+000
2.265000e+003 -4.585267e-007 0.000000e+000 -3.835190e-007 0.000000e+000 -6.384205e-010 0.000000e+000
2.270000e+003 -3.707707e-007 0.000000e+000 -3.250434e-007 0.000000e+000 -5.308532e-010 0.000000e+000
2.275000e+003 -3.611019e-007 0.000000e+000 -3.181826e-007 0.000000e+000 -5.184276e-010 0.000000e+000
2.280000e+003 -3.253897e-007 0.000000e+000 -2.943004e-007 0.000000e+000 -4.744504e-010 0.000000e+000
2.285000e+003 -2.998821e-007 0.000000e+000 -2.773614e-007 0.000000e+000 -4.429748e-010 0.000000e+000
2.290000e+003 -2.794573e-007 0.000000e+000 -2.641509e-007 0.000000e+000 -4.177442e-010 0.000000e+000
2.295000e+003 -2.592845e-007 0.000000e+000 -2.525252e-007 0.000000e+000 -3.928924e-010 0.000000e+000
2.300000e+003 1.618030e-007 0.000000e+000 -1.305038e-007 0.000000e+000 1.158949e-010 0.000000e+000
2.305000e+003 -2.589284e-007 0.000000e+000 -2.421230e-007 0.000000e+000 -3.916263e-010 0.000000e+000
2.310000e+003 -2.457234e-007 0.000000e+000 -2.338629e-007 0.000000e+000 -3.752896e-010 0.000000e+000
2.315000e+003 -2.406953e-007 0.000000e+000 -2.360706e-007 0.000000e+000 -3.687832e-010 0.000000e+000
2.320000e+003 -2.313514e-007 0.000000e+000 -2.283950e-007 0.000000e+000 -3.571917e-010 0.000000e+000
2.325000e+003 -2.246521e-007 0.000000e+000 -2.235914e-007 0.000000e+000 -3.487846e-010 0.000000e+000
2.330000e+003 -2.189824e-007 0.000000e+000 -2.195866e-007 0.000000e+000 -3.416295e-010 0.000000e+000
2.335000e+003 -2.139941e-007 0.000000e+000 -2.160578e-007 0.000000e+000 -3.353066e-010 0.000000e+000
2.340000e+003 -2.095131e-007 0.000000e+000 -2.128707e-007 0.000000e+000 -3.296052e-010 0.000000e+000
2.345000e+003 -2.054000e-007 0.000000e+000 -2.099249e-007 0.000000e+000 -3.243565e-010 0.000000e+000
2.350000e+003 -2.015908e-007 0.000000e+000 -2.072097e-007 0.000000e+000 -3.194928e-010 0.000000e+000
2.355000e+003 -1.983054e-007 0.000000e+000 -2.047895e-007 0.000000e+000 -3.152396e-010 0.000000e+000
2.360000e+003 -1.950253e-007 0.000000e+000 -2.023856e-007 0.000000e+000 -3.110016e-010 0.000000e+000
2.365000e+003 -1.921018e-007 0.000000e+000 -2.002522e-007 0.000000e+000 -3.072322e-010 0.000000e+000
2.370000e+003 -1.891794e-007 0.000000e+000 -1.980950e-007 0.000000e+000 -3.034529e-010 0.000000e+000
2.375000e+003 -1.863837e-007 0.000000e+000 -1.960210e-007 0.000000e+000 -2.998338e-010 0.000000e+000
2.380000e+003 -1.836017e-007 0.000000e+000 -1.939491e-007 0.000000e+000 -2.962390e-010 0.000000e+000
2.385000e+003 -1.806854e-007 0.000000e+000 -1.917733e-007 0.000000e+000 -2.924949e-010 0.000000e+000
2.390000e+003 -1.774192e-007 0.000000e+000 -1.893294e-007 0.000000e+000 -2.883494e-010 0.000000e+000
2.395000e+003 -1.702472e-007 0.000000e+000 -1.840076e-007 0.000000e+000 -2.796425e-010 0.000000e+000
2.400000e+003 -1.961231e-007 0.000000e+000 -2.025896e-007 0.000000e+000 -3.096949e-010 0.000000e+000
