1.000000e+000 3.672187e-004 -2.776855e+000 -2.776707e+000
1.100000e+001 3.024336e-006 -2.297364e-002 -2.282472e-002
2.100000e+001 8.211024e-007 -6.313987e-003 -6.164718e-003
3.100000e+001 3.702638e-007 -2.905358e-003 -2.755510e-003
4.100000e+001 2.064510e-007 -1.667262e-003 -1.516604e-003
5.100000e+001 1.290552e-007 -1.082786e-003 -9.310816e-004
6.100000e+001 8.642595e-008 -7.613810e-004 -6.083807e-004
7.100000e+001 6.043446e-008 -5.659727e-004 -4.114152e-004
8.100000e+001 4.338741e-008 -4.383998e-004 -2.820073e-004
9.100000e+001 3.156729e-008 -3.505665e-004 -1.920416e-004
1.000000e+002 2.374566e-008 -2.930122e-004 -1.322941e-004
1.100000e+002 1.712274e-008 -2.449385e-004 -8.145313e-005
1.200000e+002 1.199196e-008 -2.084242e-004 -4.179068e-005
1.300000e+002 7.898444e-009 -1.800594e-004 -9.856066e-006
1.400000e+002 4.541611e-009 -1.576071e-004 1.663687e-005
1.500000e+002 1.715163e-009 -1.395507e-004 3.926428e-005
1.600000e+002 -7.277214e-010 -1.248328e-004 5.915604e-005
1.700000e+002 -2.895466e-009 -1.126984e-004 7.715617e-005
1.800000e+002 -4.871470e-009 -1.025970e-004 9.392515e-005
1.900000e+002 -6.722999e-009 -9.412011e-005 1.100090e-004
2.000000e+002 -8.507500e-009 -8.695992e-005 1.258891e-004
2.100000e+002 -1.027748e-008 -8.088172e-005 1.420231e-004
2.200000e+002 -1.208477e-008 -7.570476e-005 1.588816e-004
2.300000e+002 -1.398491e-008 -7.128915e-005 1.769888e-004
2.400000e+002 -1.604233e-008 -6.752679e-005 1.969730e-004
2.500000e+002 -1.833751e-008 -6.433515e-005 2.196386e-004
2.600000e+002 -2.097790e-008 -6.165356e-005 2.460781e-004
2.700000e+002 -2.411601e-008 -5.944178e-005 2.778589e-004
2.800000e+002 -2.798184e-008 -5.768141e-005 3.173607e-004
2.900000e+002 -3.294559e-008 -5.638216e-005 3.684285e-004
3.000000e+002 -3.965073e-008 -5.559806e-005 4.377588e-004
3.010000e+002 -4.045638e-008 -5.555222e-005 4.461061e-004
3.020000e+002 -4.129243e-008 -5.551298e-005 4.547715e-004
3.030000e+002 -4.216072e-008 -5.548058e-005 4.637740e-004
3.040000e+002 -4.306324e-008 -5.545526e-005 4.731343e-004
3.050000e+002 -4.400214e-008 -5.543729e-005 4.828747e-004
3.060000e+002 -4.497974e-008 -5.542696e-005 4.930197e-004
3.070000e+002 -4.599858e-008 -5.542458e-005 5.035955e-004
3.080000e+002 -4.706142e-008 -5.543051e-005 5.146310e-004
3.090000e+002 -4.817126e-008 -5.544514e-005 5.261573e-004
3.100000e+002 -4.933138e-008 -5.546889e-005 5.382089e-004
3.110000e+002 -5.054538e-008 -5.550221e-005 5.508230e-004
3.120000e+002 -5.181720e-008 -5.554563e-005 5.640409e-004
3.130000e+002 -5.315117e-008 -5.559971e-005 5.779076e-004
3.140000e+002 -5.455207e-008 -5.566507e-005 5.924730e-004
3.150000e+002 -5.602517e-008 -5.574241e-005 6.077921e-004
3.160000e+002 -5.757632e-008 -5.583250e-005 6.239257e-004
3.170000e+002 -5.921200e-008 -5.593618e-005 6.409415e-004
3.180000e+002 -6.093944e-008 -5.605443e-005 6.589148e-004
3.190000e+002 -6.276670e-008 -5.618830e-005 6.779297e-004
3.200000e+002 -6.470282e-008 -5.633901e-005 6.980805e-004
3.210000e+002 -6.675796e-008 -5.650789e-005 7.194730e-004
3.220000e+002 -6.894359e-008 -5.669649e-005 7.422267e-004
3.230000e+002 -7.127268e-008 -5.690653e-005 7.664770e-004
3.240000e+002 -7.376000e-008 -5.713999e-005 7.923777e-004
3.250000e+002 -7.642238e-008 -5.739911e-005 8.201045e-004
3.260000e+002 -7.927915e-008 -5.768649e-005 8.498589e-004
3.270000e+002 -8.235259e-008 -5.800511e-005 8.818730e-004
3.280000e+002 -8.566851e-008 -5.835842e-005 9.164159e-004
3.290000e+002 -8.925696e-008 -5.875047e-005 9.538010e-004
3.300000e+002 -9.315319e-008 -5.918599e-005 9.943959e-004
3.310000e+002 -9.739881e-008 -5.967055e-005 1.038634e-003
3.320000e+002 -1.020433e-007 -6.021080e-005 1.087032e-003
3.330000e+002 -1.071457e-007 -6.081470e-005 1.140205e-003
3.340000e+002 -1.127778e-007 -6.149186e-005 1.198901e-003
3.350000e+002 -1.190268e-007 -6.225400e-005 1.264029e-003
3.360000e+002 -1.260001e-007 -6.311560e-005 1.336710e-003
3.370000e+002 -1.338319e-007 -6.409467e-005 1.418342e-003
3.380000e+002 -1.426915e-007 -6.521399e-005 1.510691e-003
3.390000e+002 -1.527958e-007 -6.650273e-005 1.616018e-003
3.400000e+002 -1.644276e-007 -6.799891e-005 1.737271e-003
3.410000e+002 -1.779619e-007 -6.975299e-005 1.878361e-003
3.420000e+002 -1.939080e-007 -7.183345e-005 2.044596e-003
3.430000e+002 -2.129742e-007 -7.433557e-005 2.243362e-003
3.440000e+002 -2.361764e-007 -7.739602e-005 2.485251e-003
3.450000e+002 -2.650255e-007 -8.121802e-005 2.786014e-003
3.460000e+002 -3.018700e-007 -8.611748e-005 3.170138e-003
3.470000e+002 -3.505700e-007 -9.261368e-005 3.677868e-003
3.480000e+002 -4.179478e-007 -1.016243e-004 4.380331e-003
3.490000e+002 -5.173014e-007 -1.149382e-004 5.416173e-003
3.500000e+002 -6.784813e-007 -1.365708e-004 7.096613e-003
3.510000e+002 -9.852777e-007 -1.777935e-004 1.029524e-002
3.520000e+002 -1.797646e-006 -2.870270e-004 1.876494e-002
3.530000e+002 -1.021567e-005 -1.419365e-003 1.065307e-001
3.540000e+002 2.775832e-006 3.282761e-004 -2.891789e-002
3.550000e+002 1.222266e-006 1.193320e-004 -1.272051e-002
3.560000e+002 7.838075e-007 6.038880e-005 -8.149176e-003
3.570000e+002 5.769421e-007 3.259727e-005 -5.992417e-003
3.580000e+002 4.565123e-007 1.643104e-005 -4.736829e-003
3.590000e+002 3.777049e-007 5.861886e-006 -3.915192e-003
3.600000e+002 3.221202e-007 -1.585268e-006 -3.335674e-003
3.610000e+002 2.808110e-007 -7.114021e-006 -2.904990e-003
3.620000e+002 2.489030e-007 -1.138003e-005 -2.572322e-003
3.630000e+002 2.235143e-007 -1.477097e-005 -2.307623e-003
3.640000e+002 2.028319e-007 -1.753074e-005 -2.091991e-003
3.650000e+002 1.856578e-007 -1.982048e-005 -1.912935e-003
3.660000e+002 1.711689e-007 -2.175091e-005 -1.761875e-003
3.670000e+002 1.587810e-007 -2.340064e-005 -1.632719e-003
3.680000e+002 1.480678e-007 -2.482701e-005 -1.521022e-003
3.690000e+002 1.387111e-007 -2.607282e-005 -1.423467e-003
3.700000e+002 1.304685e-007 -2.717068e-005 -1.337527e-003
3.710000e+002 1.231520e-007 -2.814588e-005 -1.261242e-003
3.720000e+002 1.166139e-007 -2.901832e-005 -1.193072e-003
3.730000e+002 1.107361e-007 -2.980386e-005 -1.131785e-003
3.740000e+002 1.054234e-007 -3.051533e-005 -1.076388e-003
3.750000e+002 1.005979e-007 -3.116320e-005 -1.026071e-003
3.760000e+002 9.619548e-008 -3.175610e-005 -9.801642e-004
3.770000e+002 9.216287e-008 -3.230121e-005 -9.381120e-004
3.780000e+002 8.845529e-008 -3.280457e-005 -8.994479e-004
3.790000e+002 8.503495e-008 -3.327126e-005 -8.637777e-004
3.800000e+002 8.186968e-008 -3.370561e-005 -8.307661e-004
3.810000e+002 7.893196e-008 -3.411134e-005 -8.001262e-004
3.820000e+002 7.619810e-008 -3.449163e-005 -7.716108e-004
3.830000e+002 7.364757e-008 -3.484927e-005 -7.450061e-004
3.840000e+002 7.126252e-008 -3.518666e-005 -7.201259e-004
3.850000e+002 6.902734e-008 -3.550591e-005 -6.968075e-004
3.860000e+002 6.692834e-008 -3.580887e-005 -6.749081e-004
3.870000e+002 6.495343e-008 -3.609718e-005 -6.543016e-004
3.880000e+002 6.309192e-008 -3.637229e-005 -6.348766e-004
3.890000e+002 6.133431e-008 -3.663548e-005 -6.165341e-004
3.900000e+002 5.967215e-008 -3.688791e-005 -5.991859e-004
3.910000e+002 5.809786e-008 -3.713061e-005 -5.827531e-004
3.920000e+002 5.660465e-008 -3.736450e-005 -5.671648e-004
3.930000e+002 5.518643e-008 -3.759041e-005 -5.523575e-004
3.940000e+002 5.383769e-008 -3.780911e-005 -5.382738e-004
3.950000e+002 5.255344e-008 -3.802128e-005 -5.248616e-004
3.960000e+002 5.132918e-008 -3.822753e-005 -5.120740e-004
3.970000e+002 5.016080e-008 -3.842843e-005 -4.998682e-004
3.980000e+002 4.904457e-008 -3.862452e-005 -4.882052e-004
3.990000e+002 4.797708e-008 -3.881624e-005 -4.770495e-004
4.000000e+002 4.695521e-008 -3.900406e-005 -4.663686e-004
4.010000e+002 4.597611e-008 -3.918836e-005 -4.561328e-004
4.020000e+002 4.503715e-008 -3.936952e-005 -4.463146e-004
4.030000e+002 4.413593e-008 -3.954788e-005 -4.368889e-004
4.040000e+002 4.327021e-008 -3.972376e-005 -4.278326e-004
4.050000e+002 4.243796e-008 -3.989745e-005 -4.191242e-004
4.060000e+002 4.163728e-008 -4.006924e-005 -4.107441e-004
4.070000e+002 4.086641e-008 -4.023937e-005 -4.026739e-004
4.080000e+002 4.012373e-008 -4.040809e-005 -3.948966e-004
4.090000e+002 3.940773e-008 -4.057563e-005 -3.873966e-004
4.100000e+002 3.871700e-008 -4.074219e-005 -3.801592e-004
4.110000e+002 3.805025e-008 -4.090798e-005 -3.731708e-004
4.120000e+002 3.740626e-008 -4.107319e-005 -3.664187e-004
4.130000e+002 3.678388e-008 -4.123799e-005 -3.598910e-004
4.140000e+002 3.618207e-008 -4.140255e-005 -3.535767e-004
4.150000e+002 3.559982e-008 -4.156704e-005 -3.474655e-004
4.160000e+002 3.503622e-008 -4.173160e-005 -3.415476e-004
4.170000e+002 3.449038e-008 -4.189638e-005 -3.358140e-004
4.180000e+002 3.396150e-008 -4.206152e-005 -3.302561e-004
4.190000e+002 3.344881e-008 -4.222716e-005 -3.248659e-004
4.200000e+002 3.295158e-008 -4.239343e-005 -3.196360e-004
4.210000e+002 3.246914e-008 -4.256044e-005 -3.145591e-004
4.220000e+002 3.200085e-008 -4.272832e-005 -3.096288e-004
4.230000e+002 3.154611e-008 -4.289717e-005 -3.048386e-004
4.240000e+002 3.110435e-008 -4.306713e-005 -3.001827e-004
4.250000e+002 3.067504e-008 -4.323828e-005 -2.956554e-004
4.260000e+002 3.025766e-008 -4.341074e-005 -2.912514e-004
4.270000e+002 2.985174e-008 -4.358461e-005 -2.869658e-004
4.280000e+002 2.945683e-008 -4.375999e-005 -2.827938e-004
4.290000e+002 2.907250e-008 -4.393698e-005 -2.787309e-004
4.300000e+002 2.869833e-008 -4.411567e-005 -2.747728e-004
4.310000e+002 2.833395e-008 -4.429617e-005 -2.709156e-004
4.320000e+002 2.797898e-008 -4.447855e-005 -2.671553e-004
4.330000e+002 2.763309e-008 -4.466292e-005 -2.634884e-004
4.340000e+002 2.729593e-008 -4.484937e-005 -2.599113e-004
4.350000e+002 2.696720e-008 -4.503799e-005 -2.564208e-004
4.360000e+002 2.664660e-008 -4.522886e-005 -2.530138e-004
4.370000e+002 2.633384e-008 -4.542207e-005 -2.496872e-004
4.380000e+002 2.602865e-008 -4.561772e-005 -2.464383e-004
4.390000e+002 2.573077e-008 -4.581589e-005 -2.432642e-004
4.400000e+002 2.543996e-008 -4.601668e-005 -2.401625e-004
4.410000e+002 2.515598e-008 -4.622016e-005 -2.371306e-004
4.420000e+002 2.487861e-008 -4.642643e-005 -2.341663e-004
4.430000e+002 2.460764e-008 -4.663557e-005 -2.312672e-004
4.440000e+002 2.434286e-008 -4.684768e-005 -2.284311e-004
4.450000e+002 2.408407e-008 -4.706285e-005 -2.256561e-004
4.460000e+002 2.383108e-008 -4.728116e-005 -2.229402e-004
4.470000e+002 2.358373e-008 -4.750272e-005 -2.202814e-004
4.480000e+002 2.334183e-008 -4.772760e-005 -2.176780e-004
4.490000e+002 2.310523e-008 -4.795591e-005 -2.151282e-004
4.500000e+002 2.287377e-008 -4.818774e-005 -2.126303e-004
4.510000e+002 2.264729e-008 -4.842318e-005 -2.101829e-004
4.520000e+002 2.242566e-008 -4.866233e-005 -2.077843e-004
4.530000e+002 2.220873e-008 -4.890530e-005 -2.054330e-004
4.540000e+002 2.199638e-008 -4.915218e-005 -2.031278e-004
4.550000e+002 2.178847e-008 -4.940307e-005 -2.008671e-004
4.560000e+002 2.158488e-008 -4.965808e-005 -1.986497e-004
4.570000e+002 2.138550e-008 -4.991732e-005 -1.964744e-004
4.580000e+002 2.119022e-008 -5.018089e-005 -1.943400e-004
4.590000e+002 2.099892e-008 -5.044890e-005 -1.922452e-004
4.600000e+002 2.081151e-008 -5.072148e-005 -1.901890e-004
4.610000e+002 2.062788e-008 -5.099872e-005 -1.881703e-004
4.620000e+002 2.044794e-008 -5.128076e-005 -1.861881e-004
4.630000e+002 2.027160e-008 -5.156771e-005 -1.842413e-004
4.640000e+002 2.009876e-008 -5.185970e-005 -1.823290e-004
4.650000e+002 1.992935e-008 -5.215685e-005 -1.804503e-004
4.660000e+002 1.976327e-008 -5.245930e-005 -1.786043e-004
4.670000e+002 1.960046e-008 -5.276717e-005 -1.767900e-004
4.680000e+002 1.944084e-008 -5.308061e-005 -1.750068e-004
4.690000e+002 1.928433e-008 -5.339976e-005 -1.732537e-004
4.700000e+002 1.913087e-008 -5.372476e-005 -1.715301e-004
4.710000e+002 1.898038e-008 -5.405577e-005 -1.698350e-004
4.720000e+002 1.883281e-008 -5.439293e-005 -1.681679e-004
4.730000e+002 1.868808e-008 -5.473640e-005 -1.665280e-004
4.740000e+002 1.854615e-008 -5.508635e-005 -1.649146e-004
4.750000e+002 1.840695e-008 -5.544294e-005 -1.633271e-004
4.760000e+002 1.827042e-008 -5.580636e-005 -1.617648e-004
4.770000e+002 1.813652e-008 -5.617676e-005 -1.602272e-004
4.780000e+002 1.800520e-008 -5.655435e-005 -1.587136e-004
4.790000e+002 1.787640e-008 -5.693931e-005 -1.572234e-004
4.800000e+002 1.775008e-008 -5.733184e-005 -1.557561e-004
4.810000e+002 1.762619e-008 -5.773213e-005 -1.543111e-004
4.820000e+002 1.750468e-008 -5.814041e-005 -1.528880e-004
4.830000e+002 1.738553e-008 -5.855687e-005 -1.514862e-004
4.840000e+002 1.726868e-008 -5.898176e-005 -1.501051e-004
4.850000e+002 1.715410e-008 -5.941530e-005 -1.487445e-004
4.860000e+002 1.704176e-008 -5.985773e-005 -1.474036e-004
4.870000e+002 1.693161e-008 -6.030930e-005 -1.460822e-004
4.880000e+002 1.682363e-008 -6.077026e-005 -1.447798e-004
4.890000e+002 1.671778e-008 -6.124089e-005 -1.434959e-004
4.900000e+002 1.661403e-008 -6.172146e-005 -1.422302e-004
4.910000e+002 1.651236e-008 -6.221226e-005 -1.409822e-004
4.920000e+002 1.641273e-008 -6.271358e-005 -1.397515e-004
4.930000e+002 1.631513e-008 -6.322573e-005 -1.385378e-004
4.940000e+002 1.621952e-008 -6.374904e-005 -1.373406e-004
4.950000e+002 1.612588e-008 -6.428384e-005 -1.361597e-004
4.960000e+002 1.603420e-008 -6.483047e-005 -1.349947e-004
4.970000e+002 1.594445e-008 -6.538930e-005 -1.338453e-004
4.980000e+002 1.585661e-008 -6.596070e-005 -1.327110e-004
4.990000e+002 1.577066e-008 -6.654507e-005 -1.315916e-004
5.000000e+002 1.568660e-008 -6.714280e-005 -1.304868e-004
5.010000e+002 1.560440e-008 -6.775432e-005 -1.293963e-004
5.020000e+002 1.552405e-008 -6.838007e-005 -1.283197e-004
5.030000e+002 1.544554e-008 -6.902052e-005 -1.272569e-004
5.040000e+002 1.536886e-008 -6.967615e-005 -1.262074e-004
5.050000e+002 1.529400e-008 -7.034745e-005 -1.251710e-004
5.060000e+002 1.522095e-008 -7.103494e-005 -1.241475e-004
5.070000e+002 1.514970e-008 -7.173919e-005 -1.231366e-004
5.080000e+002 1.508026e-008 -7.246075e-005 -1.221380e-004
5.090000e+002 1.501261e-008 -7.320023e-005 -1.211515e-004
5.100000e+002 1.494676e-008 -7.395825e-005 -1.201768e-004
5.110000e+002 1.488271e-008 -7.473547e-005 -1.192138e-004
5.120000e+002 1.482045e-008 -7.553258e-005 -1.182621e-004
5.130000e+002 1.476000e-008 -7.635029e-005 -1.173216e-004
5.140000e+002 1.470135e-008 -7.718937e-005 -1.163919e-004
5.150000e+002 1.464451e-008 -7.805060e-005 -1.154730e-004
5.160000e+002 1.458949e-008 -7.893482e-005 -1.145646e-004
5.170000e+002 1.453631e-008 -7.984291e-005 -1.136665e-004
5.180000e+002 1.448497e-008 -8.077580e-005 -1.127785e-004
5.190000e+002 1.443548e-008 -8.173444e-005 -1.119004e-004
5.200000e+002 1.438788e-008 -8.271987e-005 -1.110320e-004
5.210000e+002 1.434217e-008 -8.373317e-005 -1.101731e-004
5.220000e+002 1.429837e-008 -8.477548e-005 -1.093236e-004
5.230000e+002 1.425652e-008 -8.584801e-005 -1.084832e-004
5.240000e+002 1.421664e-008 -8.695203e-005 -1.076519e-004
5.250000e+002 1.417876e-008 -8.808892e-005 -1.068294e-004
5.260000e+002 1.414292e-008 -8.926011e-005 -1.060156e-004
5.270000e+002 1.410915e-008 -9.046714e-005 -1.052104e-004
5.280000e+002 1.407750e-008 -9.171168e-005 -1.044136e-004
5.290000e+002 1.404801e-008 -9.299549e-005 -1.036251e-004
5.300000e+002 1.402075e-008 -9.432051e-005 -1.028449e-004
5.310000e+002 1.399577e-008 -9.568886e-005 -1.020730e-004
5.320000e+002 1.397315e-008 -9.710290e-005 -1.013093e-004
5.330000e+002 1.395299e-008 -9.856536e-005 -1.005540e-004
5.340000e+002 1.393541e-008 -1.000795e-004 -9.980752e-005
5.350000e+002 1.392060e-008 -1.016498e-004 -9.907070e-005
5.360000e+002 1.390886e-008 -1.032829e-004 -9.834546e-005
5.370000e+002 1.390088e-008 -1.049918e-004 -9.763685e-005
5.380000e+002 1.389879e-008 -1.068149e-004 -9.696255e-005
5.390000e+002 1.391724e-008 -1.090066e-004 -9.644872e-005
5.400000e+002 1.380161e-008 -1.088979e-004 -9.475185e-005
5.410000e+002 1.385783e-008 -1.117744e-004 -9.452713e-005
5.420000e+002 1.386993e-008 -1.139077e-004 -9.389810e-005
5.430000e+002 1.388043e-008 -1.160342e-004 -9.323284e-005
5.440000e+002 1.389284e-008 -1.182163e-004 -9.256034e-005
5.450000e+002 1.390815e-008 -1.204736e-004 -9.188780e-005
5.460000e+002 1.392684e-008 -1.228164e-004 -9.121779e-005
5.470000e+002 1.394924e-008 -1.252528e-004 -9.055142e-005
5.480000e+002 1.397562e-008 -1.277903e-004 -8.988919e-005
5.490000e+002 1.400623e-008 -1.304360e-004 -8.923134e-005
5.500000e+002 1.404133e-008 -1.331977e-004 -8.857797e-005
5.510000e+002 1.408121e-008 -1.360832e-004 -8.792910e-005
5.520000e+002 1.412616e-008 -1.391014e-004 -8.728473e-005
5.530000e+002 1.417649e-008 -1.422617e-004 -8.664482e-005
5.540000e+002 1.423255e-008 -1.455741e-004 -8.600933e-005
5.550000e+002 1.429474e-008 -1.490500e-004 -8.537824e-005
5.560000e+002 1.436347e-008 -1.527016e-004 -8.475158e-005
5.570000e+002 1.443922e-008 -1.565422e-004 -8.412947e-005
5.580000e+002 1.452253e-008 -1.605865e-004 -8.351219e-005
5.590000e+002 1.461403e-008 -1.648504e-004 -8.290044e-005
5.600000e+002 1.471447e-008 -1.693508e-004 -8.229595e-005
5.610000e+002 1.482494e-008 -1.741040e-004 -8.170373e-005
5.620000e+002 1.494777e-008 -1.791151e-004 -8.114474e-005
5.630000e+002 1.510616e-008 -1.841542e-004 -8.092240e-005
5.640000e+002 1.519595e-008 -1.904553e-004 -7.960631e-005
5.650000e+002 1.536044e-008 -1.964218e-004 -7.913030e-005
5.660000e+002 1.553248e-008 -2.028750e-004 -7.856341e-005
5.670000e+002 1.571904e-008 -2.097937e-004 -7.798072e-005
5.680000e+002 1.592261e-008 -2.172171e-004 -7.739316e-005
5.690000e+002 1.614533e-008 -2.251979e-004 -7.680380e-005
5.700000e+002 1.638949e-008 -2.337992e-004 -7.621364e-005
5.710000e+002 1.665769e-008 -2.430950e-004 -7.562297e-005
5.720000e+002 1.695294e-008 -2.531722e-004 -7.503172e-005
5.730000e+002 1.727874e-008 -2.641329e-004 -7.443963e-005
5.740000e+002 1.763926e-008 -2.760980e-004 -7.384632e-005
5.750000e+002 1.803944e-008 -2.892117e-004 -7.325127e-005
5.760000e+002 1.848522e-008 -3.036474e-004 -7.265383e-005
5.770000e+002 1.898381e-008 -3.196150e-004 -7.205325e-005
5.780000e+002 1.954404e-008 -3.373719e-004 -7.144858e-005
5.790000e+002 2.017681e-008 -3.572361e-004 -7.083870e-005
5.800000e+002 2.089581e-008 -3.796064e-004 -7.022221e-005
5.810000e+002 2.171841e-008 -4.049889e-004 -6.959738e-005
5.820000e+002 2.266699e-008 -4.340359e-004 -6.896203e-005
5.830000e+002 2.377093e-008 -4.676030e-004 -6.831333e-005
5.840000e+002 2.506954e-008 -5.068349e-004 -6.764758e-005
5.850000e+002 2.661662e-008 -5.532990e-004 -6.695976e-005
5.860000e+002 2.848790e-008 -6.091998e-004 -6.624292e-005
5.870000e+002 3.079338e-008 -6.777402e-004 -6.548704e-005
5.880000e+002 3.369921e-008 -7.637581e-004 -6.467714e-005
5.890000e+002 3.746885e-008 -8.749231e-004 -6.378960e-005
5.900000e+002 4.254637e-008 -1.024163e-003 -6.278484e-005
5.910000e+002 4.974334e-008 -1.235103e-003 -6.159077e-005
5.920000e+002 6.071810e-008 -1.556019e-003 -6.006046e-005
5.930000e+002 7.946982e-008 -2.103324e-003 -5.784014e-005
5.940000e+002 1.187210e-007 -3.247369e-003 -5.380527e-005
5.950000e+002 2.522298e-007 -7.135223e-003 -4.143880e-005
5.960000e+002 -1.221181e-006 3.575370e-002 -1.710391e-004
5.970000e+002 -1.678551e-007 5.090313e-003 -7.739715e-005
5.980000e+002 -8.706972e-008 2.737180e-003 -6.967325e-005
5.990000e+002 -5.734110e-008 1.870272e-003 -6.645359e-005
6.000000e+002 -4.190440e-008 1.419378e-003 -6.448914e-005
6.100000e+002 -7.741587e-009 4.078219e-004 -5.477587e-005
6.200000e+002 -2.270165e-009 2.229206e-004 -4.426074e-005
6.300000e+002 -7.960666e-010 9.601193e-005 -1.160605e-005
6.400000e+002 2.681691e-009 2.585733e-004 -1.124023e-004
6.500000e+002 2.298744e-009 1.562363e-004 -6.845234e-005
6.600000e+002 2.447238e-009 1.264718e-004 -5.822154e-005
6.700000e+002 2.549404e-009 1.096212e-004 -5.236153e-005
6.800000e+002 2.593469e-009 9.856595e-005 -4.799132e-005
6.900000e+002 2.592218e-009 9.091771e-005 -4.432050e-005
7.000000e+002 2.557193e-009 8.557931e-005 -4.103705e-005
7.100000e+002 2.496473e-009 8.196750e-005 -3.798251e-005
7.200000e+002 2.415294e-009 7.975814e-005 -3.505897e-005
7.300000e+002 2.316713e-009 7.878254e-005 -3.219375e-005
7.400000e+002 2.202037e-009 7.898303e-005 -2.932248e-005
7.500000e+002 2.070979e-009 8.039857e-005 -2.637830e-005
7.600000e+002 1.921535e-009 8.317213e-005 -2.328175e-005
7.700000e+002 1.749449e-009 8.758224e-005 -1.992643e-005
7.800000e+002 1.547384e-009 9.409565e-005 -1.617738e-005
7.900000e+002 1.305899e-009 1.035231e-004 -1.181024e-005
8.000000e+002 9.958381e-010 1.173452e-004 -6.366538e-006
8.100000e+002 5.762479e-010 1.382746e-004 8.700481e-007
8.200000e+002 -5.169221e-011 1.721978e-004 1.155585e-005
8.300000e+002 -1.142164e-009 2.340821e-004 2.992905e-005
8.400000e+002 -3.789613e-009 3.815438e-004 7.397473e-005
8.500000e+002 -2.166051e-008 1.279984e-003 3.665349e-004
8.600000e+002 1.540021e-008 -1.956058e-004 -2.272913e-004
8.700000e+002 4.493150e-009 -1.142616e-003 -9.445484e-005
8.800000e+002 4.180302e-009 -3.919036e-004 -6.624250e-005
8.900000e+002 3.308790e-009 -2.733134e-004 -4.915461e-005
9.000000e+002 2.623623e-009 -2.318141e-004 -3.683719e-005
9.100000e+002 1.856423e-009 -2.282191e-004 -2.380348e-005
9.200000e+002 4.535686e-010 -2.836061e-004 -7.797182e-007
9.300000e+002 -4.818414e-009 -6.014080e-004 8.412628e-005
9.400000e+002 9.703027e-009 3.653510e-004 -1.490177e-004
9.500000e+002 5.158673e-009 8.460392e-005 -7.581120e-005
9.600000e+002 4.100843e-009 2.778043e-005 -5.867261e-005
9.700000e+002 3.582724e-009 3.192613e-006 -5.013784e-005
9.800000e+002 3.278880e-009 -9.396726e-006 -4.524516e-005
9.900000e+002 3.057405e-009 -1.938918e-005 -4.155223e-005
1.000000e+003 2.891419e-009 -2.872795e-005 -3.872097e-005
