1.000000e+000 1.207204e-001 1.207204e-001 0.000000e+000
2.000000e+000 3.178284e-002 3.178284e-002 0.000000e+000
3.000000e+000 1.459059e-002 1.459059e-002 0.000000e+000
4.000000e+000 8.514315e-003 8.514315e-003 0.000000e+000
5.000000e+000 5.537187e-003 5.537187e-003 0.000000e+000
6.000000e+000 3.912939e-003 3.912939e-003 0.000000e+000
7.000000e+000 2.896934e-003 2.896934e-003 0.000000e+000
8.000000e+000 2.226149e-003 2.226149e-003 0.000000e+000
9.000000e+000 1.764123e-003 1.764123e-003 0.000000e+000
1.000000e+001 1.431674e-003 1.431674e-003 0.000000e+000
1.100000e+001 1.185718e-003 1.185718e-003 0.000000e+000
1.200000e+001 9.972438e-004 9.972438e-004 0.000000e+000
1.300000e+001 8.507017e-004 8.507017e-004 0.000000e+000
1.400000e+001 7.336589e-004 7.336589e-004 0.000000e+000
1.500000e+001 6.391879e-004 6.391879e-004 0.000000e+000
1.600000e+001 5.617488e-004 5.617488e-004 0.000000e+000
1.700000e+001 4.975391e-004 4.975391e-004 0.000000e+000
1.800000e+001 4.438980e-004 4.438980e-004 0.000000e+000
1.900000e+001 3.983101e-004 3.983101e-004 0.000000e+000
2.000000e+001 3.593517e-004 3.593517e-004 0.000000e+000
2.100000e+001 3.258282e-004 3.258282e-004 0.000000e+000
2.200000e+001 2.967445e-004 2.967445e-004 0.000000e+000
2.300000e+001 2.713602e-004 2.713602e-004 0.000000e+000
2.400000e+001 2.491174e-004 2.491174e-004 0.000000e+000
2.500000e+001 2.294499e-004 2.294499e-004 0.000000e+000
2.600000e+001 2.120274e-004 2.120274e-004 0.000000e+000
2.700000e+001 1.964700e-004 1.964700e-004 0.000000e+000
2.800000e+001 1.825584e-004 1.825584e-004 0.000000e+000
2.900000e+001 1.700548e-004 1.700548e-004 0.000000e+000
3.000000e+001 1.587625e-004 1.587625e-004 0.000000e+000
3.100000e+001 1.485471e-004 1.485471e-004 0.000000e+000
3.200000e+001 1.392777e-004 1.392777e-004 0.000000e+000
3.300000e+001 1.308173e-004 1.308173e-004 0.000000e+000
3.400000e+001 1.230743e-004 1.230743e-004 0.000000e+000
3.500000e+001 1.159881e-004 1.159881e-004 0.000000e+000
3.600000e+001 1.094789e-004 1.094789e-004 0.000000e+000
3.700000e+001 1.034810e-004 1.034810e-004 0.000000e+000
3.800000e+001 9.794592e-005 9.794592e-005 0.000000e+000
3.900000e+001 9.282614e-005 9.282614e-005 0.000000e+000
4.000000e+001 8.807402e-005 8.807402e-005 0.000000e+000
4.100000e+001 8.366389e-005 8.366389e-005 0.000000e+000
4.200000e+001 7.955304e-005 7.955304e-005 0.000000e+000
4.300000e+001 7.572327e-005 7.572327e-005 0.000000e+000
4.400000e+001 7.214037e-005 7.214037e-005 0.000000e+000
4.500000e+001 6.878628e-005 6.878628e-005 0.000000e+000
4.600000e+001 6.563529e-005 6.563529e-005 0.000000e+000
4.700000e+001 6.267616e-005 6.267616e-005 0.000000e+000
4.800000e+001 5.989080e-005 5.989080e-005 0.000000e+000
4.900000e+001 5.725870e-005 5.725870e-005 0.000000e+000
5.000000e+001 5.477123e-005 5.477123e-005 0.000000e+000
5.100000e+001 5.241578e-005 5.241578e-005 0.000000e+000
5.200000e+001 5.017674e-005 5.017674e-005 0.000000e+000
5.300000e+001 4.804695e-005 4.804695e-005 0.000000e+000
5.400000e+001 4.601472e-005 4.601472e-005 0.000000e+000
5.500000e+001 4.407146e-005 4.407146e-005 0.000000e+000
5.600000e+001 4.220488e-005 4.220488e-005 0.000000e+000
5.700000e+001 4.040906e-005 4.040906e-005 0.000000e+000
5.800000e+001 3.867221e-005 3.867221e-005 0.000000e+000
5.900000e+001 3.698709e-005 3.698709e-005 0.000000e+000
6.000000e+001 3.533942e-005 3.533942e-005 0.000000e+000
6.100000e+001 3.372257e-005 3.372257e-005 0.000000e+000
6.200000e+001 3.211932e-005 3.211932e-005 0.000000e+000
6.300000e+001 3.051947e-005 3.051947e-005 0.000000e+000
6.400000e+001 2.889599e-005 2.889599e-005 0.000000e+000
6.500000e+001 2.722587e-005 2.722587e-005 0.000000e+000
6.600000e+001 2.548614e-005 2.548614e-005 0.000000e+000
6.700000e+001 2.361065e-005 2.361065e-005 0.000000e+000
6.800000e+001 2.153167e-005 2.153167e-005 0.000000e+000
6.900000e+001 1.911794e-005 1.911794e-005 0.000000e+000
7.000000e+001 1.615516e-005 1.615516e-005 0.000000e+000
7.100000e+001 1.222974e-005 1.222974e-005 0.000000e+000
7.200000e+001 6.390679e-006 6.390679e-006 0.000000e+000
7.300000e+001 4.056492e-006 -4.056492e-006 0.000000e+000
7.400000e+001 3.086258e-005 -3.086258e-005 0.000000e+000
7.500000e+001 3.461361e-004 -3.461361e-004 0.000000e+000
7.600000e+001 1.064512e-004 1.064512e-004 0.000000e+000
7.700000e+001 6.089909e-005 6.089909e-005 0.000000e+000
7.800000e+001 4.719127e-005 4.719127e-005 0.000000e+000
7.900000e+001 4.035995e-005 4.035995e-005 0.000000e+000
8.000000e+001 3.614013e-005 3.614013e-005 0.000000e+000
8.100000e+001 3.319269e-005 3.319269e-005 0.000000e+000
8.200000e+001 3.096805e-005 3.096805e-005 0.000000e+000
8.300000e+001 2.919592e-005 2.919592e-005 0.000000e+000
8.400000e+001 2.772692e-005 2.772692e-005 0.000000e+000
8.500000e+001 2.647429e-005 2.647429e-005 0.000000e+000
8.600000e+001 2.538125e-005 2.538125e-005 0.000000e+000
8.700000e+001 2.441110e-005 2.441110e-005 0.000000e+000
8.800000e+001 2.353791e-005 2.353791e-005 0.000000e+000
8.900000e+001 2.274333e-005 2.274333e-005 0.000000e+000
9.000000e+001 2.201362e-005 2.201362e-005 0.000000e+000
9.100000e+001 2.133852e-005 2.133852e-005 0.000000e+000
9.200000e+001 2.071004e-005 2.071004e-005 0.000000e+000
9.300000e+001 2.012204e-005 2.012204e-005 0.000000e+000
9.400000e+001 1.956946e-005 1.956946e-005 0.000000e+000
9.500000e+001 1.904816e-005 1.904816e-005 0.000000e+000
9.600000e+001 1.855481e-005 1.855481e-005 0.000000e+000
9.700000e+001 1.808654e-005 1.808654e-005 0.000000e+000
9.800000e+001 1.764105e-005 1.764105e-005 0.000000e+000
9.900000e+001 1.721629e-005 1.721629e-005 0.000000e+000
1.000000e+002 1.681048e-005 1.681048e-005 0.000000e+000
1.010000e+002 1.642216e-005 1.642216e-005 0.000000e+000
1.020000e+002 1.605009e-005 1.605009e-005 0.000000e+000
1.030000e+002 1.569292e-005 1.569292e-005 0.000000e+000
1.040000e+002 1.534974e-005 1.534974e-005 0.000000e+000
1.050000e+002 1.501957e-005 1.501957e-005 0.000000e+000
1.060000e+002 1.470187e-005 1.470187e-005 0.000000e+000
1.070000e+002 1.439547e-005 1.439547e-005 0.000000e+000
1.080000e+002 1.409991e-005 1.409991e-005 0.000000e+000
1.090000e+002 1.381482e-005 1.381482e-005 0.000000e+000
1.100000e+002 1.353910e-005 1.353910e-005 0.000000e+000
1.110000e+002 1.327236e-005 1.327236e-005 0.000000e+000
1.120000e+002 1.301444e-005 1.301444e-005 0.000000e+000
1.130000e+002 1.276463e-005 1.276463e-005 0.000000e+000
1.140000e+002 1.252275e-005 1.252275e-005 0.000000e+000
1.150000e+002 1.228810e-005 1.228810e-005 0.000000e+000
1.160000e+002 1.206059e-005 1.206059e-005 0.000000e+000
1.170000e+002 1.183993e-005 1.183993e-005 0.000000e+000
1.180000e+002 1.162577e-005 1.162577e-005 0.000000e+000
1.190000e+002 1.141801e-005 1.141801e-005 0.000000e+000
1.200000e+002 1.121608e-005 1.121608e-005 0.000000e+000
1.210000e+002 1.101970e-005 1.101970e-005 0.000000e+000
1.220000e+002 1.082898e-005 1.082898e-005 0.000000e+000
1.230000e+002 1.064331e-005 1.064331e-005 0.000000e+000
1.240000e+002 1.046280e-005 1.046280e-005 0.000000e+000
1.250000e+002 1.028725e-005 1.028725e-005 0.000000e+000
1.260000e+002 1.011603e-005 1.011603e-005 0.000000e+000
1.270000e+002 9.949403e-006 9.949403e-006 0.000000e+000
1.280000e+002 9.786971e-006 9.786971e-006 0.000000e+000
1.290000e+002 9.628890e-006 9.628890e-006 0.000000e+000
1.300000e+002 9.475026e-006 9.475026e-006 0.000000e+000
1.310000e+002 9.324801e-006 9.324801e-006 0.000000e+000
1.320000e+002 9.178426e-006 9.178426e-006 0.000000e+000
1.330000e+002 9.035633e-006 9.035633e-006 0.000000e+000
1.340000e+002 8.896163e-006 8.896163e-006 0.000000e+000
1.350000e+002 8.760160e-006 8.760160e-006 0.000000e+000
1.360000e+002 8.627172e-006 8.627172e-006 0.000000e+000
1.370000e+002 8.497506e-006 8.497506e-006 0.000000e+000
1.380000e+002 8.370813e-006 8.370813e-006 0.000000e+000
1.390000e+002 8.247089e-006 8.247089e-006 0.000000e+000
1.400000e+002 8.126235e-006 8.126235e-006 0.000000e+000
1.410000e+002 8.008154e-006 8.008154e-006 0.000000e+000
1.420000e+002 7.892630e-006 7.892630e-006 0.000000e+000
1.430000e+002 7.779672e-006 7.779672e-006 0.000000e+000
1.440000e+002 7.669081e-006 7.669081e-006 0.000000e+000
1.450000e+002 7.560878e-006 7.560878e-006 0.000000e+000
1.460000e+002 7.455050e-006 7.455050e-006 0.000000e+000
1.470000e+002 7.351505e-006 7.351505e-006 0.000000e+000
1.480000e+002 7.250118e-006 7.250118e-006 0.000000e+000
1.490000e+002 7.150846e-006 7.150846e-006 0.000000e+000
1.500000e+002 7.053588e-006 7.053588e-006 0.000000e+000
1.510000e+002 6.958436e-006 6.958436e-006 0.000000e+000
1.520000e+002 6.865094e-006 6.865094e-006 0.000000e+000
1.530000e+002 6.773702e-006 6.773702e-006 0.000000e+000
1.540000e+002 6.684084e-006 6.684084e-006 0.000000e+000
1.550000e+002 6.596257e-006 6.596257e-006 0.000000e+000
1.560000e+002 6.510147e-006 6.510147e-006 0.000000e+000
1.570000e+002 6.425711e-006 6.425711e-006 0.000000e+000
1.580000e+002 6.342867e-006 6.342867e-006 0.000000e+000
1.590000e+002 6.261729e-006 6.261729e-006 0.000000e+000
1.600000e+002 6.182077e-006 6.182077e-006 0.000000e+000
1.610000e+002 6.103900e-006 6.103900e-006 0.000000e+000
1.620000e+002 6.027229e-006 6.027229e-006 0.000000e+000
1.630000e+002 5.951972e-006 5.951972e-006 0.000000e+000
1.640000e+002 5.878168e-006 5.878168e-006 0.000000e+000
1.650000e+002 5.805679e-006 5.805679e-006 0.000000e+000
1.660000e+002 5.734566e-006 5.734566e-006 0.000000e+000
1.670000e+002 5.664761e-006 5.664761e-006 0.000000e+000
1.680000e+002 5.596185e-006 5.596185e-006 0.000000e+000
1.690000e+002 5.528915e-006 5.528915e-006 0.000000e+000
1.700000e+002 5.462817e-006 5.462817e-006 0.000000e+000
1.710000e+002 5.397902e-006 5.397902e-006 0.000000e+000
1.720000e+002 5.334167e-006 5.334167e-006 0.000000e+000
1.730000e+002 5.271517e-006 5.271517e-006 0.000000e+000
1.740000e+002 5.209971e-006 5.209971e-006 0.000000e+000
1.750000e+002 5.149501e-006 5.149501e-006 0.000000e+000
1.760000e+002 5.090080e-006 5.090080e-006 0.000000e+000
1.770000e+002 5.031649e-006 5.031649e-006 0.000000e+000
1.780000e+002 4.974248e-006 4.974248e-006 0.000000e+000
1.790000e+002 4.917830e-006 4.917830e-006 0.000000e+000
1.800000e+002 4.862325e-006 4.862325e-006 0.000000e+000
1.810000e+002 4.807816e-006 4.807816e-006 0.000000e+000
1.820000e+002 4.754200e-006 4.754200e-006 0.000000e+000
1.830000e+002 4.701447e-006 4.701447e-006 0.000000e+000
1.840000e+002 4.649581e-006 4.649581e-006 0.000000e+000
1.850000e+002 4.598540e-006 4.598540e-006 0.000000e+000
1.860000e+002 4.548346e-006 4.548346e-006 0.000000e+000
1.870000e+002 4.498985e-006 4.498985e-006 0.000000e+000
1.880000e+002 4.450393e-006 4.450393e-006 0.000000e+000
1.890000e+002 4.402595e-006 4.402595e-006 0.000000e+000
1.900000e+002 4.355573e-006 4.355573e-006 0.000000e+000
1.910000e+002 4.309279e-006 4.309279e-006 0.000000e+000
1.920000e+002 4.263737e-006 4.263737e-006 0.000000e+000
1.930000e+002 4.218917e-006 4.218917e-006 0.000000e+000
1.940000e+002 4.174785e-006 4.174785e-006 0.000000e+000
1.950000e+002 4.131351e-006 4.131351e-006 0.000000e+000
1.960000e+002 4.088600e-006 4.088600e-006 0.000000e+000
1.970000e+002 4.046501e-006 4.046501e-006 0.000000e+000
1.980000e+002 4.005047e-006 4.005047e-006 0.000000e+000
1.990000e+002 3.964221e-006 3.964221e-006 0.000000e+000
2.000000e+002 3.924020e-006 3.924020e-006 0.000000e+000
2.010000e+002 3.884413e-006 3.884413e-006 0.000000e+000
2.020000e+002 3.845416e-006 3.845416e-006 0.000000e+000
2.030000e+002 3.807003e-006 3.807003e-006 0.000000e+000
2.040000e+002 3.769158e-006 3.769158e-006 0.000000e+000
2.050000e+002 3.731865e-006 3.731865e-006 0.000000e+000
2.060000e+002 3.695122e-006 3.695122e-006 0.000000e+000
2.070000e+002 3.658923e-006 3.658923e-006 0.000000e+000
2.080000e+002 3.623254e-006 3.623254e-006 0.000000e+000
2.090000e+002 3.588103e-006 3.588103e-006 0.000000e+000
2.100000e+002 3.553469e-006 3.553469e-006 0.000000e+000
2.110000e+002 3.519320e-006 3.519320e-006 0.000000e+000
2.120000e+002 3.485666e-006 3.485666e-006 0.000000e+000
2.130000e+002 3.452488e-006 3.452488e-006 0.000000e+000
2.140000e+002 3.419782e-006 3.419782e-006 0.000000e+000
2.150000e+002 3.387540e-006 3.387540e-006 0.000000e+000
2.160000e+002 3.355743e-006 3.355743e-006 0.000000e+000
2.170000e+002 3.324393e-006 3.324393e-006 0.000000e+000
2.180000e+002 3.293479e-006 3.293479e-006 0.000000e+000
2.190000e+002 3.263002e-006 3.263002e-006 0.000000e+000
2.200000e+002 3.232931e-006 3.232931e-006 0.000000e+000
2.210000e+002 3.203279e-006 3.203279e-006 0.000000e+000
2.220000e+002 3.174026e-006 3.174026e-006 0.000000e+000
2.230000e+002 3.145171e-006 3.145171e-006 0.000000e+000
2.240000e+002 3.116709e-006 3.116709e-006 0.000000e+000
2.250000e+002 3.088628e-006 3.088628e-006 0.000000e+000
2.260000e+002 3.060919e-006 3.060919e-006 0.000000e+000
2.270000e+002 3.033580e-006 3.033580e-006 0.000000e+000
2.280000e+002 3.006604e-006 3.006604e-006 0.000000e+000
2.290000e+002 2.979986e-006 2.979986e-006 0.000000e+000
2.300000e+002 2.953721e-006 2.953721e-006 0.000000e+000
2.310000e+002 2.927798e-006 2.927798e-006 0.000000e+000
2.320000e+002 2.902212e-006 2.902212e-006 0.000000e+000
2.330000e+002 2.876958e-006 2.876958e-006 0.000000e+000
2.340000e+002 2.852032e-006 2.852032e-006 0.000000e+000
2.350000e+002 2.827424e-006 2.827424e-006 0.000000e+000
2.360000e+002 2.803129e-006 2.803129e-006 0.000000e+000
2.370000e+002 2.779144e-006 2.779144e-006 0.000000e+000
2.380000e+002 2.755468e-006 2.755468e-006 0.000000e+000
2.390000e+002 2.732087e-006 2.732087e-006 0.000000e+000
2.400000e+002 2.708998e-006 2.708998e-006 0.000000e+000
2.410000e+002 2.686200e-006 2.686200e-006 0.000000e+000
2.420000e+002 2.663685e-006 2.663685e-006 0.000000e+000
2.430000e+002 2.641451e-006 2.641451e-006 0.000000e+000
2.440000e+002 2.619491e-006 2.619491e-006 0.000000e+000
2.450000e+002 2.597802e-006 2.597802e-006 0.000000e+000
2.460000e+002 2.576378e-006 2.576378e-006 0.000000e+000
2.470000e+002 2.555217e-006 2.555217e-006 0.000000e+000
2.480000e+002 2.534312e-006 2.534312e-006 0.000000e+000
2.490000e+002 2.513660e-006 2.513660e-006 0.000000e+000
2.500000e+002 2.493256e-006 2.493256e-006 0.000000e+000
2.510000e+002 2.473096e-006 2.473096e-006 0.000000e+000
2.520000e+002 2.453178e-006 2.453178e-006 0.000000e+000
2.530000e+002 2.433496e-006 2.433496e-006 0.000000e+000
2.540000e+002 2.414048e-006 2.414048e-006 0.000000e+000
2.550000e+002 2.394831e-006 2.394831e-006 0.000000e+000
2.560000e+002 2.375838e-006 2.375838e-006 0.000000e+000
2.570000e+002 2.357067e-006 2.357067e-006 0.000000e+000
2.580000e+002 2.338515e-006 2.338515e-006 0.000000e+000
2.590000e+002 2.320180e-006 2.320180e-006 0.000000e+000
2.600000e+002 2.302059e-006 2.302059e-006 0.000000e+000
2.610000e+002 2.284143e-006 2.284143e-006 0.000000e+000
2.620000e+002 2.266433e-006 2.266433e-006 0.000000e+000
2.630000e+002 2.248925e-006 2.248925e-006 0.000000e+000
2.640000e+002 2.231616e-006 2.231616e-006 0.000000e+000
2.650000e+002 2.214503e-006 2.214503e-006 0.000000e+000
2.660000e+002 2.197583e-006 2.197583e-006 0.000000e+000
2.670000e+002 2.180855e-006 2.180855e-006 0.000000e+000
2.680000e+002 2.164312e-006 2.164312e-006 0.000000e+000
2.690000e+002 2.147955e-006 2.147955e-006 0.000000e+000
2.700000e+002 2.131779e-006 2.131779e-006 0.000000e+000
2.710000e+002 2.115781e-006 2.115781e-006 0.000000e+000
2.720000e+002 2.099959e-006 2.099959e-006 0.000000e+000
2.730000e+002 2.084311e-006 2.084311e-006 0.000000e+000
2.740000e+002 2.068834e-006 2.068834e-006 0.000000e+000
2.750000e+002 2.053526e-006 2.053526e-006 0.000000e+000
2.760000e+002 2.038384e-006 2.038384e-006 0.000000e+000
2.770000e+002 2.023406e-006 2.023406e-006 0.000000e+000
2.780000e+002 2.008588e-006 2.008588e-006 0.000000e+000
2.790000e+002 1.993929e-006 1.993929e-006 0.000000e+000
2.800000e+002 1.979427e-006 1.979427e-006 0.000000e+000
2.810000e+002 1.965078e-006 1.965078e-006 0.000000e+000
2.820000e+002 1.950882e-006 1.950882e-006 0.000000e+000
2.830000e+002 1.936835e-006 1.936835e-006 0.000000e+000
2.840000e+002 1.922936e-006 1.922936e-006 0.000000e+000
2.850000e+002 1.909183e-006 1.909183e-006 0.000000e+000
2.860000e+002 1.895573e-006 1.895573e-006 0.000000e+000
2.870000e+002 1.882104e-006 1.882104e-006 0.000000e+000
2.880000e+002 1.868775e-006 1.868775e-006 0.000000e+000
2.890000e+002 1.855584e-006 1.855584e-006 0.000000e+000
2.900000e+002 1.842527e-006 1.842527e-006 0.000000e+000
2.910000e+002 1.829604e-006 1.829604e-006 0.000000e+000
2.920000e+002 1.816813e-006 1.816813e-006 0.000000e+000
2.930000e+002 1.804152e-006 1.804152e-006 0.000000e+000
2.940000e+002 1.791619e-006 1.791619e-006 0.000000e+000
2.950000e+002 1.779212e-006 1.779212e-006 0.000000e+000
2.960000e+002 1.766929e-006 1.766929e-006 0.000000e+000
2.970000e+002 1.754770e-006 1.754770e-006 0.000000e+000
2.980000e+002 1.742731e-006 1.742731e-006 0.000000e+000
2.990000e+002 1.730812e-006 1.730812e-006 0.000000e+000
3.000000e+002 1.719010e-006 1.719010e-006 0.000000e+000
3.010000e+002 1.707325e-006 1.707325e-006 0.000000e+000
3.020000e+002 1.695755e-006 1.695755e-006 0.000000e+000
3.030000e+002 1.684297e-006 1.684297e-006 0.000000e+000
3.040000e+002 1.672951e-006 1.672951e-006 0.000000e+000
3.050000e+002 1.661715e-006 1.661715e-006 0.000000e+000
3.060000e+002 1.650587e-006 1.650587e-006 0.000000e+000
3.070000e+002 1.639567e-006 1.639567e-006 0.000000e+000
3.080000e+002 1.628652e-006 1.628652e-006 0.000000e+000
3.090000e+002 1.617841e-006 1.617841e-006 0.000000e+000
3.100000e+002 1.607133e-006 1.607133e-006 0.000000e+000
3.110000e+002 1.596527e-006 1.596527e-006 0.000000e+000
3.120000e+002 1.586020e-006 1.586020e-006 0.000000e+000
3.130000e+002 1.575612e-006 1.575612e-006 0.000000e+000
3.140000e+002 1.565302e-006 1.565302e-006 0.000000e+000
3.150000e+002 1.555088e-006 1.555088e-006 0.000000e+000
3.160000e+002 1.544969e-006 1.544969e-006 0.000000e+000
3.170000e+002 1.534943e-006 1.534943e-006 0.000000e+000
3.180000e+002 1.525010e-006 1.525010e-006 0.000000e+000
3.190000e+002 1.515167e-006 1.515167e-006 0.000000e+000
3.200000e+002 1.505415e-006 1.505415e-006 0.000000e+000
3.210000e+002 1.495752e-006 1.495752e-006 0.000000e+000
3.220000e+002 1.486176e-006 1.486176e-006 0.000000e+000
3.230000e+002 1.476686e-006 1.476686e-006 0.000000e+000
3.240000e+002 1.467282e-006 1.467282e-006 0.000000e+000
3.250000e+002 1.457962e-006 1.457962e-006 0.000000e+000
3.260000e+002 1.448725e-006 1.448725e-006 0.000000e+000
3.270000e+002 1.439571e-006 1.439571e-006 0.000000e+000
3.280000e+002 1.430497e-006 1.430497e-006 0.000000e+000
3.290000e+002 1.421503e-006 1.421503e-006 0.000000e+000
3.300000e+002 1.412588e-006 1.412588e-006 0.000000e+000
3.310000e+002 1.403751e-006 1.403751e-006 0.000000e+000
3.320000e+002 1.394991e-006 1.394991e-006 0.000000e+000
3.330000e+002 1.386307e-006 1.386307e-006 0.000000e+000
3.340000e+002 1.377697e-006 1.377697e-006 0.000000e+000
3.350000e+002 1.369162e-006 1.369162e-006 0.000000e+000
3.360000e+002 1.360699e-006 1.360699e-006 0.000000e+000
3.370000e+002 1.352308e-006 1.352308e-006 0.000000e+000
3.380000e+002 1.343989e-006 1.343989e-006 0.000000e+000
3.390000e+002 1.335739e-006 1.335739e-006 0.000000e+000
3.400000e+002 1.327559e-006 1.327559e-006 0.000000e+000
3.410000e+002 1.319447e-006 1.319447e-006 0.000000e+000
3.420000e+002 1.311402e-006 1.311402e-006 0.000000e+000
3.430000e+002 1.303424e-006 1.303424e-006 0.000000e+000
3.440000e+002 1.295512e-006 1.295512e-006 0.000000e+000
3.450000e+002 1.287664e-006 1.287664e-006 0.000000e+000
3.460000e+002 1.279880e-006 1.279880e-006 0.000000e+000
3.470000e+002 1.272160e-006 1.272160e-006 0.000000e+000
3.480000e+002 1.264502e-006 1.264502e-006 0.000000e+000
3.490000e+002 1.256905e-006 1.256905e-006 0.000000e+000
3.500000e+002 1.249369e-006 1.249369e-006 0.000000e+000
3.510000e+002 1.241893e-006 1.241893e-006 0.000000e+000
3.520000e+002 1.234475e-006 1.234475e-006 0.000000e+000
3.530000e+002 1.227116e-006 1.227116e-006 0.000000e+000
3.540000e+002 1.219815e-006 1.219815e-006 0.000000e+000
3.550000e+002 1.212570e-006 1.212570e-006 0.000000e+000
3.560000e+002 1.205381e-006 1.205381e-006 0.000000e+000
3.570000e+002 1.198247e-006 1.198247e-006 0.000000e+000
3.580000e+002 1.191167e-006 1.191167e-006 0.000000e+000
3.590000e+002 1.184141e-006 1.184141e-006 0.000000e+000
3.600000e+002 1.177168e-006 1.177168e-006 0.000000e+000
3.610000e+002 1.170247e-006 1.170247e-006 0.000000e+000
3.620000e+002 1.163378e-006 1.163378e-006 0.000000e+000
3.630000e+002 1.156559e-006 1.156559e-006 0.000000e+000
3.640000e+002 1.149790e-006 1.149790e-006 0.000000e+000
3.650000e+002 1.143070e-006 1.143070e-006 0.000000e+000
3.660000e+002 1.136399e-006 1.136399e-006 0.000000e+000
3.670000e+002 1.129776e-006 1.129776e-006 0.000000e+000
3.680000e+002 1.123199e-006 1.123199e-006 0.000000e+000
3.690000e+002 1.116669e-006 1.116669e-006 0.000000e+000
3.700000e+002 1.110185e-006 1.110185e-006 0.000000e+000
3.710000e+002 1.103745e-006 1.103745e-006 0.000000e+000
3.720000e+002 1.097349e-006 1.097349e-006 0.000000e+000
3.730000e+002 1.090997e-006 1.090997e-006 0.000000e+000
3.740000e+002 1.084688e-006 1.084688e-006 0.000000e+000
3.750000e+002 1.078421e-006 1.078421e-006 0.000000e+000
3.760000e+002 1.072195e-006 1.072195e-006 0.000000e+000
3.770000e+002 1.066010e-006 1.066010e-006 0.000000e+000
3.780000e+002 1.059865e-006 1.059865e-006 0.000000e+000
3.790000e+002 1.053758e-006 1.053758e-006 0.000000e+000
3.800000e+002 1.047691e-006 1.047691e-006 0.000000e+000
3.810000e+002 1.041661e-006 1.041661e-006 0.000000e+000
3.820000e+002 1.035668e-006 1.035668e-006 0.000000e+000
3.830000e+002 1.029711e-006 1.029711e-006 0.000000e+000
3.840000e+002 1.023790e-006 1.023790e-006 0.000000e+000
3.850000e+002 1.017904e-006 1.017904e-006 0.000000e+000
3.860000e+002 1.012051e-006 1.012051e-006 0.000000e+000
3.870000e+002 1.006232e-006 1.006232e-006 0.000000e+000
3.880000e+002 1.000445e-006 1.000445e-006 0.000000e+000
3.890000e+002 9.946904e-007 9.946904e-007 0.000000e+000
3.900000e+002 9.889663e-007 9.889663e-007 0.000000e+000
3.910000e+002 9.832722e-007 9.832722e-007 0.000000e+000
3.920000e+002 9.776074e-007 9.776074e-007 0.000000e+000
3.930000e+002 9.719710e-007 9.719710e-007 0.000000e+000
3.940000e+002 9.663621e-007 9.663621e-007 0.000000e+000
3.950000e+002 9.607799e-007 9.607799e-007 0.000000e+000
3.960000e+002 9.552234e-007 9.552234e-007 0.000000e+000
3.970000e+002 9.496918e-007 9.496918e-007 0.000000e+000
3.980000e+002 9.441840e-007 9.441840e-007 0.000000e+000
3.990000e+002 9.386992e-007 9.386992e-007 0.000000e+000
4.000000e+002 9.332363e-007 9.332363e-007 0.000000e+000
4.010000e+002 9.277942e-007 9.277942e-007 0.000000e+000
4.020000e+002 9.223719e-007 9.223719e-007 0.000000e+000
4.030000e+002 9.169683e-007 9.169683e-007 0.000000e+000
4.040000e+002 9.115823e-007 9.115823e-007 0.000000e+000
4.050000e+002 9.062127e-007 9.062127e-007 0.000000e+000
4.060000e+002 9.008581e-007 9.008581e-007 0.000000e+000
4.070000e+002 8.955174e-007 8.955174e-007 0.000000e+000
4.080000e+002 8.901892e-007 8.901892e-007 0.000000e+000
4.090000e+002 8.848721e-007 8.848721e-007 0.000000e+000
4.100000e+002 8.795646e-007 8.795646e-007 0.000000e+000
4.110000e+002 8.742652e-007 8.742652e-007 0.000000e+000
4.120000e+002 8.689722e-007 8.689722e-007 0.000000e+000
4.130000e+002 8.636839e-007 8.636839e-007 0.000000e+000
4.140000e+002 8.583985e-007 8.583985e-007 0.000000e+000
4.150000e+002 8.531142e-007 8.531142e-007 0.000000e+000
4.160000e+002 8.478288e-007 8.478288e-007 0.000000e+000
4.170000e+002 8.425402e-007 8.425402e-007 0.000000e+000
4.180000e+002 8.372462e-007 8.372462e-007 0.000000e+000
4.190000e+002 8.319443e-007 8.319443e-007 0.000000e+000
4.200000e+002 8.266319e-007 8.266319e-007 0.000000e+000
4.210000e+002 8.213062e-007 8.213062e-007 0.000000e+000
4.220000e+002 8.159642e-007 8.159642e-007 0.000000e+000
4.230000e+002 8.106028e-007 8.106028e-007 0.000000e+000
4.240000e+002 8.052183e-007 8.052183e-007 0.000000e+000
4.250000e+002 7.998072e-007 7.998072e-007 0.000000e+000
4.260000e+002 7.943652e-007 7.943652e-007 0.000000e+000
4.270000e+002 7.888881e-007 7.888881e-007 0.000000e+000
4.280000e+002 7.833710e-007 7.833710e-007 0.000000e+000
4.290000e+002 7.778087e-007 7.778087e-007 0.000000e+000
4.300000e+002 7.721956e-007 7.721956e-007 0.000000e+000
4.310000e+002 7.665253e-007 7.665253e-007 0.000000e+000
4.320000e+002 7.607908e-007 7.607908e-007 0.000000e+000
4.330000e+002 7.549848e-007 7.549848e-007 0.000000e+000
4.340000e+002 7.490987e-007 7.490987e-007 0.000000e+000
4.350000e+002 7.431232e-007 7.431232e-007 0.000000e+000
4.360000e+002 7.370480e-007 7.370480e-007 0.000000e+000
4.370000e+002 7.308614e-007 7.308614e-007 0.000000e+000
4.380000e+002 7.245505e-007 7.245505e-007 0.000000e+000
4.390000e+002 7.181006e-007 7.181006e-007 0.000000e+000
4.400000e+002 7.114952e-007 7.114952e-007 0.000000e+000
4.410000e+002 7.047156e-007 7.047156e-007 0.000000e+000
4.420000e+002 6.977405e-007 6.977405e-007 0.000000e+000
4.430000e+002 6.905453e-007 6.905453e-007 0.000000e+000
4.440000e+002 6.831020e-007 6.831020e-007 0.000000e+000
4.450000e+002 6.753781e-007 6.753781e-007 0.000000e+000
4.460000e+002 6.673356e-007 6.673356e-007 0.000000e+000
4.470000e+002 6.589304e-007 6.589304e-007 0.000000e+000
4.480000e+002 6.501103e-007 6.501103e-007 0.000000e+000
4.490000e+002 6.408133e-007 6.408133e-007 0.000000e+000
4.500000e+002 6.309653e-007 6.309653e-007 0.000000e+000
4.510000e+002 6.204769e-007 6.204769e-007 0.000000e+000
4.520000e+002 6.092392e-007 6.092392e-007 0.000000e+000
4.530000e+002 5.971184e-007 5.971184e-007 0.000000e+000
4.540000e+002 5.839476e-007 5.839476e-007 0.000000e+000
4.550000e+002 5.695167e-007 5.695167e-007 0.000000e+000
4.560000e+002 5.535564e-007 5.535564e-007 0.000000e+000
4.570000e+002 5.357173e-007 5.357173e-007 0.000000e+000
4.580000e+002 5.155360e-007 5.155360e-007 0.000000e+000
4.590000e+002 4.923856e-007 4.923856e-007 0.000000e+000
4.600000e+002 4.653960e-007 4.653960e-007 0.000000e+000
4.610000e+002 4.333231e-007 4.333231e-007 0.000000e+000
4.620000e+002 3.943256e-007 3.943256e-007 0.000000e+000
4.630000e+002 3.455535e-007 3.455535e-007 0.000000e+000
4.640000e+002 2.823526e-007 2.823526e-007 0.000000e+000
4.650000e+002 1.965652e-007 1.965652e-007 0.000000e+000
4.660000e+002 7.246547e-008 7.246547e-008 0.000000e+000
4.670000e+002 1.246524e-007 -1.246524e-007 0.000000e+000
4.680000e+002 4.894999e-007 -4.894999e-007 0.000000e+000
4.690000e+002 1.405243e-006 -1.405243e-006 0.000000e+000
4.700000e+002 8.145378e-006 -8.145378e-006 0.000000e+000
4.710000e+002 4.739305e-006 4.739305e-006 0.000000e+000
4.720000e+002 2.341486e-006 2.341486e-006 0.000000e+000
4.730000e+002 1.726493e-006 1.726493e-006 0.000000e+000
4.740000e+002 1.443551e-006 1.443551e-006 0.000000e+000
4.750000e+002 1.280116e-006 1.280116e-006 0.000000e+000
4.760000e+002 1.173151e-006 1.173151e-006 0.000000e+000
4.770000e+002 1.097329e-006 1.097329e-006 0.000000e+000
4.780000e+002 1.040502e-006 1.040502e-006 0.000000e+000
4.790000e+002 9.961162e-007 9.961162e-007 0.000000e+000
4.800000e+002 9.603237e-007 9.603237e-007 0.000000e+000
4.810000e+002 9.307170e-007 9.307170e-007 0.000000e+000
4.820000e+002 9.057126e-007 9.057126e-007 0.000000e+000
4.830000e+002 8.842263e-007 8.842263e-007 0.000000e+000
4.840000e+002 8.654904e-007 8.654904e-007 0.000000e+000
4.850000e+002 8.489467e-007 8.489467e-007 0.000000e+000
4.860000e+002 8.341790e-007 8.341790e-007 0.000000e+000
4.870000e+002 8.208709e-007 8.208709e-007 0.000000e+000
4.880000e+002 8.087776e-007 8.087776e-007 0.000000e+000
4.890000e+002 7.977065e-007 7.977065e-007 0.000000e+000
4.900000e+002 7.875043e-007 7.875043e-007 0.000000e+000
4.910000e+002 7.780473e-007 7.780473e-007 0.000000e+000
4.920000e+002 7.692344e-007 7.692344e-007 0.000000e+000
4.930000e+002 7.609826e-007 7.609826e-007 0.000000e+000
4.940000e+002 7.532225e-007 7.532225e-007 0.000000e+000
4.950000e+002 7.458964e-007 7.458964e-007 0.000000e+000
4.960000e+002 7.389552e-007 7.389552e-007 0.000000e+000
4.970000e+002 7.323572e-007 7.323572e-007 0.000000e+000
4.980000e+002 7.260669e-007 7.260669e-007 0.000000e+000
4.990000e+002 7.200536e-007 7.200536e-007 0.000000e+000
5.000000e+002 7.142906e-007 7.142906e-007 0.000000e+000
5.010000e+002 7.087550e-007 7.087550e-007 0.000000e+000
5.020000e+002 7.034264e-007 7.034264e-007 0.000000e+000
5.030000e+002 6.982871e-007 6.982871e-007 0.000000e+000
5.040000e+002 6.933214e-007 6.933214e-007 0.000000e+000
5.050000e+002 6.885155e-007 6.885155e-007 0.000000e+000
5.060000e+002 6.838571e-007 6.838571e-007 0.000000e+000
5.070000e+002 6.793351e-007 6.793351e-007 0.000000e+000
5.080000e+002 6.749398e-007 6.749398e-007 0.000000e+000
5.090000e+002 6.706623e-007 6.706623e-007 0.000000e+000
5.100000e+002 6.664946e-007 6.664946e-007 0.000000e+000
5.110000e+002 6.624296e-007 6.624296e-007 0.000000e+000
5.120000e+002 6.584608e-007 6.584608e-007 0.000000e+000
5.130000e+002 6.545823e-007 6.545823e-007 0.000000e+000
5.140000e+002 6.507886e-007 6.507886e-007 0.000000e+000
5.150000e+002 6.470750e-007 6.470750e-007 0.000000e+000
5.160000e+002 6.434369e-007 6.434369e-007 0.000000e+000
5.170000e+002 6.398703e-007 6.398703e-007 0.000000e+000
5.180000e+002 6.363713e-007 6.363713e-007 0.000000e+000
5.190000e+002 6.329366e-007 6.329366e-007 0.000000e+000
5.200000e+002 6.295629e-007 6.295629e-007 0.000000e+000
5.210000e+002 6.262472e-007 6.262472e-007 0.000000e+000
5.220000e+002 6.229869e-007 6.229869e-007 0.000000e+000
5.230000e+002 6.197795e-007 6.197795e-007 0.000000e+000
5.240000e+002 6.166225e-007 6.166225e-007 0.000000e+000
5.250000e+002 6.135139e-007 6.135139e-007 0.000000e+000
5.260000e+002 6.104515e-007 6.104515e-007 0.000000e+000
5.270000e+002 6.074335e-007 6.074335e-007 0.000000e+000
5.280000e+002 6.044582e-007 6.044582e-007 0.000000e+000
5.290000e+002 6.015238e-007 6.015238e-007 0.000000e+000
5.300000e+002 5.986289e-007 5.986289e-007 0.000000e+000
5.310000e+002 5.957720e-007 5.957720e-007 0.000000e+000
5.320000e+002 5.929517e-007 5.929517e-007 0.000000e+000
5.330000e+002 5.901668e-007 5.901668e-007 0.000000e+000
5.340000e+002 5.874160e-007 5.874160e-007 0.000000e+000
5.350000e+002 5.846982e-007 5.846982e-007 0.000000e+000
5.360000e+002 5.820124e-007 5.820124e-007 0.000000e+000
5.370000e+002 5.793576e-007 5.793576e-007 0.000000e+000
5.380000e+002 5.767327e-007 5.767327e-007 0.000000e+000
5.390000e+002 5.741370e-007 5.741370e-007 0.000000e+000
5.400000e+002 5.715695e-007 5.715695e-007 0.000000e+000
5.410000e+002 5.690294e-007 5.690294e-007 0.000000e+000
5.420000e+002 5.665160e-007 5.665160e-007 0.000000e+000
5.430000e+002 5.640285e-007 5.640285e-007 0.000000e+000
5.440000e+002 5.615663e-007 5.615663e-007 0.000000e+000
5.450000e+002 5.591286e-007 5.591286e-007 0.000000e+000
5.460000e+002 5.567149e-007 5.567149e-007 0.000000e+000
5.470000e+002 5.543246e-007 5.543246e-007 0.000000e+000
5.480000e+002 5.519570e-007 5.519570e-007 0.000000e+000
5.490000e+002 5.496117e-007 5.496117e-007 0.000000e+000
5.500000e+002 5.472881e-007 5.472881e-007 0.000000e+000
5.510000e+002 5.449857e-007 5.449857e-007 0.000000e+000
5.520000e+002 5.427041e-007 5.427041e-007 0.000000e+000
5.530000e+002 5.404428e-007 5.404428e-007 0.000000e+000
5.540000e+002 5.382013e-007 5.382013e-007 0.000000e+000
5.550000e+002 5.359792e-007 5.359792e-007 0.000000e+000
5.560000e+002 5.337761e-007 5.337761e-007 0.000000e+000
5.570000e+002 5.315917e-007 5.315917e-007 0.000000e+000
5.580000e+002 5.294256e-007 5.294256e-007 0.000000e+000
5.590000e+002 5.272773e-007 5.272773e-007 0.000000e+000
5.600000e+002 5.251467e-007 5.251467e-007 0.000000e+000
5.610000e+002 5.230332e-007 5.230332e-007 0.000000e+000
5.620000e+002 5.209367e-007 5.209367e-007 0.000000e+000
5.630000e+002 5.188568e-007 5.188568e-007 0.000000e+000
5.640000e+002 5.167932e-007 5.167932e-007 0.000000e+000
5.650000e+002 5.147456e-007 5.147456e-007 0.000000e+000
5.660000e+002 5.127137e-007 5.127137e-007 0.000000e+000
5.670000e+002 5.106973e-007 5.106973e-007 0.000000e+000
5.680000e+002 5.086961e-007 5.086961e-007 0.000000e+000
5.690000e+002 5.067099e-007 5.067099e-007 0.000000e+000
5.700000e+002 5.047385e-007 5.047385e-007 0.000000e+000
5.710000e+002 5.027815e-007 5.027815e-007 0.000000e+000
5.720000e+002 5.008387e-007 5.008387e-007 0.000000e+000
5.730000e+002 4.989100e-007 4.989100e-007 0.000000e+000
5.740000e+002 4.969952e-007 4.969952e-007 0.000000e+000
5.750000e+002 4.950939e-007 4.950939e-007 0.000000e+000
5.760000e+002 4.932061e-007 4.932061e-007 0.000000e+000
5.770000e+002 4.913315e-007 4.913315e-007 0.000000e+000
5.780000e+002 4.894699e-007 4.894699e-007 0.000000e+000
5.790000e+002 4.876211e-007 4.876211e-007 0.000000e+000
5.800000e+002 4.857851e-007 4.857851e-007 0.000000e+000
5.810000e+002 4.839615e-007 4.839615e-007 0.000000e+000
5.820000e+002 4.821503e-007 4.821503e-007 0.000000e+000
5.830000e+002 4.803512e-007 4.803512e-007 0.000000e+000
5.840000e+002 4.785641e-007 4.785641e-007 0.000000e+000
5.850000e+002 4.767888e-007 4.767888e-007 0.000000e+000
5.860000e+002 4.750252e-007 4.750252e-007 0.000000e+000
5.870000e+002 4.732732e-007 4.732732e-007 0.000000e+000
5.880000e+002 4.715325e-007 4.715325e-007 0.000000e+000
5.890000e+002 4.698031e-007 4.698031e-007 0.000000e+000
5.900000e+002 4.680849e-007 4.680849e-007 0.000000e+000
5.910000e+002 4.663776e-007 4.663776e-007 0.000000e+000
5.920000e+002 4.646811e-007 4.646811e-007 0.000000e+000
5.930000e+002 4.629953e-007 4.629953e-007 0.000000e+000
5.940000e+002 4.613202e-007 4.613202e-007 0.000000e+000
5.950000e+002 4.596555e-007 4.596555e-007 0.000000e+000
5.960000e+002 4.580011e-007 4.580011e-007 0.000000e+000
5.970000e+002 4.563570e-007 4.563570e-007 0.000000e+000
5.980000e+002 4.547230e-007 4.547230e-007 0.000000e+000
5.990000e+002 4.530989e-007 4.530989e-007 0.000000e+000
6.000000e+002 4.514848e-007 4.514848e-007 0.000000e+000
6.010000e+002 4.498804e-007 4.498804e-007 0.000000e+000
6.020000e+002 4.482857e-007 4.482857e-007 0.000000e+000
6.030000e+002 4.467006e-007 4.467006e-007 0.000000e+000
6.040000e+002 4.451250e-007 4.451250e-007 0.000000e+000
6.050000e+002 4.435587e-007 4.435587e-007 0.000000e+000
6.060000e+002 4.420017e-007 4.420017e-007 0.000000e+000
6.070000e+002 4.404538e-007 4.404538e-007 0.000000e+000
6.080000e+002 4.389151e-007 4.389151e-007 0.000000e+000
6.090000e+002 4.373853e-007 4.373853e-007 0.000000e+000
6.100000e+002 4.358644e-007 4.358644e-007 0.000000e+000
6.110000e+002 4.343524e-007 4.343524e-007 0.000000e+000
6.120000e+002 4.328490e-007 4.328490e-007 0.000000e+000
6.130000e+002 4.313543e-007 4.313543e-007 0.000000e+000
6.140000e+002 4.298681e-007 4.298681e-007 0.000000e+000
6.150000e+002 4.283904e-007 4.283904e-007 0.000000e+000
6.160000e+002 4.269211e-007 4.269211e-007 0.000000e+000
6.170000e+002 4.254601e-007 4.254601e-007 0.000000e+000
6.180000e+002 4.240073e-007 4.240073e-007 0.000000e+000
6.190000e+002 4.225626e-007 4.225626e-007 0.000000e+000
6.200000e+002 4.211260e-007 4.211260e-007 0.000000e+000
6.210000e+002 4.196975e-007 4.196975e-007 0.000000e+000
6.220000e+002 4.182768e-007 4.182768e-007 0.000000e+000
6.230000e+002 4.168640e-007 4.168640e-007 0.000000e+000
6.240000e+002 4.154590e-007 4.154590e-007 0.000000e+000
6.250000e+002 4.140617e-007 4.140617e-007 0.000000e+000
6.260000e+002 4.126720e-007 4.126720e-007 0.000000e+000
6.270000e+002 4.112900e-007 4.112900e-007 0.000000e+000
6.280000e+002 4.099154e-007 4.099154e-007 0.000000e+000
6.290000e+002 4.085482e-007 4.085482e-007 0.000000e+000
6.300000e+002 4.071885e-007 4.071885e-007 0.000000e+000
6.310000e+002 4.058360e-007 4.058360e-007 0.000000e+000
6.320000e+002 4.044908e-007 4.044908e-007 0.000000e+000
6.330000e+002 4.031528e-007 4.031528e-007 0.000000e+000
6.340000e+002 4.018219e-007 4.018219e-007 0.000000e+000
6.350000e+002 4.004981e-007 4.004981e-007 0.000000e+000
6.360000e+002 3.991812e-007 3.991812e-007 0.000000e+000
6.370000e+002 3.978714e-007 3.978714e-007 0.000000e+000
6.380000e+002 3.965684e-007 3.965684e-007 0.000000e+000
6.390000e+002 3.952722e-007 3.952722e-007 0.000000e+000
6.400000e+002 3.939829e-007 3.939829e-007 0.000000e+000
6.410000e+002 3.927002e-007 3.927002e-007 0.000000e+000
6.420000e+002 3.914242e-007 3.914242e-007 0.000000e+000
6.430000e+002 3.901548e-007 3.901548e-007 0.000000e+000
6.440000e+002 3.888920e-007 3.888920e-007 0.000000e+000
6.450000e+002 3.876357e-007 3.876357e-007 0.000000e+000
6.460000e+002 3.863858e-007 3.863858e-007 0.000000e+000
6.470000e+002 3.851424e-007 3.851424e-007 0.000000e+000
6.480000e+002 3.839053e-007 3.839053e-007 0.000000e+000
6.490000e+002 3.826745e-007 3.826745e-007 0.000000e+000
6.500000e+002 3.814499e-007 3.814499e-007 0.000000e+000
6.510000e+002 3.802316e-007 3.802316e-007 0.000000e+000
6.520000e+002 3.790194e-007 3.790194e-007 0.000000e+000
6.530000e+002 3.778133e-007 3.778133e-007 0.000000e+000
6.540000e+002 3.766133e-007 3.766133e-007 0.000000e+000
6.550000e+002 3.754193e-007 3.754193e-007 0.000000e+000
6.560000e+002 3.742313e-007 3.742313e-007 0.000000e+000
6.570000e+002 3.730492e-007 3.730492e-007 0.000000e+000
6.580000e+002 3.718730e-007 3.718730e-007 0.000000e+000
6.590000e+002 3.707026e-007 3.707026e-007 0.000000e+000
6.600000e+002 3.695380e-007 3.695380e-007 0.000000e+000
6.610000e+002 3.683792e-007 3.683792e-007 0.000000e+000
6.620000e+002 3.672261e-007 3.672261e-007 0.000000e+000
6.630000e+002 3.660786e-007 3.660786e-007 0.000000e+000
6.640000e+002 3.649367e-007 3.649367e-007 0.000000e+000
6.650000e+002 3.638005e-007 3.638005e-007 0.000000e+000
6.660000e+002 3.626698e-007 3.626698e-007 0.000000e+000
6.670000e+002 3.615445e-007 3.615445e-007 0.000000e+000
6.680000e+002 3.604248e-007 3.604248e-007 0.000000e+000
6.690000e+002 3.593105e-007 3.593105e-007 0.000000e+000
6.700000e+002 3.582015e-007 3.582015e-007 0.000000e+000
6.710000e+002 3.570979e-007 3.570979e-007 0.000000e+000
6.720000e+002 3.559996e-007 3.559996e-007 0.000000e+000
6.730000e+002 3.549066e-007 3.549066e-007 0.000000e+000
6.740000e+002 3.538188e-007 3.538188e-007 0.000000e+000
6.750000e+002 3.527362e-007 3.527362e-007 0.000000e+000
6.760000e+002 3.516587e-007 3.516587e-007 0.000000e+000
6.770000e+002 3.505864e-007 3.505864e-007 0.000000e+000
6.780000e+002 3.495192e-007 3.495192e-007 0.000000e+000
6.790000e+002 3.484570e-007 3.484570e-007 0.000000e+000
6.800000e+002 3.473998e-007 3.473998e-007 0.000000e+000
6.810000e+002 3.463476e-007 3.463476e-007 0.000000e+000
6.820000e+002 3.453004e-007 3.453004e-007 0.000000e+000
6.830000e+002 3.442581e-007 3.442581e-007 0.000000e+000
6.840000e+002 3.432206e-007 3.432206e-007 0.000000e+000
6.850000e+002 3.421880e-007 3.421880e-007 0.000000e+000
6.860000e+002 3.411602e-007 3.411602e-007 0.000000e+000
6.870000e+002 3.401372e-007 3.401372e-007 0.000000e+000
6.880000e+002 3.391190e-007 3.391190e-007 0.000000e+000
6.890000e+002 3.381054e-007 3.381054e-007 0.000000e+000
6.900000e+002 3.370966e-007 3.370966e-007 0.000000e+000
6.910000e+002 3.360924e-007 3.360924e-007 0.000000e+000
6.920000e+002 3.350928e-007 3.350928e-007 0.000000e+000
6.930000e+002 3.340978e-007 3.340978e-007 0.000000e+000
6.940000e+002 3.331074e-007 3.331074e-007 0.000000e+000
6.950000e+002 3.321215e-007 3.321215e-007 0.000000e+000
6.960000e+002 3.311401e-007 3.311401e-007 0.000000e+000
6.970000e+002 3.301632e-007 3.301632e-007 0.000000e+000
6.980000e+002 3.291907e-007 3.291907e-007 0.000000e+000
6.990000e+002 3.282227e-007 3.282227e-007 0.000000e+000
7.000000e+002 3.272590e-007 3.272590e-007 0.000000e+000
