1.000000e+000 1.252123e-001 1.252123e-001 0.000000e+000
2.000000e+000 3.224859e-002 3.224859e-002 0.000000e+000
3.000000e+000 1.455760e-002 1.455760e-002 0.000000e+000
4.000000e+000 8.582558e-003 8.582558e-003 0.000000e+000
5.000000e+000 5.592856e-003 5.592856e-003 0.000000e+000
6.000000e+000 3.931697e-003 3.931697e-003 0.000000e+000
7.000000e+000 2.918819e-003 2.918819e-003 0.000000e+000
8.000000e+000 2.244749e-003 2.244749e-003 0.000000e+000
9.000000e+000 1.779913e-003 1.779913e-003 0.000000e+000
1.000000e+001 1.446474e-003 1.446474e-003 0.000000e+000
1.100000e+001 1.197494e-003 1.197494e-003 0.000000e+000
1.200000e+001 1.006638e-003 1.006638e-003 0.000000e+000
1.300000e+001 8.587324e-004 8.587324e-004 0.000000e+000
1.400000e+001 7.407221e-004 7.407221e-004 0.000000e+000
1.500000e+001 6.457036e-004 6.457036e-004 0.000000e+000
1.600000e+001 5.676514e-004 5.676514e-004 0.000000e+000
1.700000e+001 5.032000e-004 5.032000e-004 0.000000e+000
1.800000e+001 4.490875e-004 4.490875e-004 0.000000e+000
1.900000e+001 4.032995e-004 4.032995e-004 0.000000e+000
2.000000e+001 3.641280e-004 3.641280e-004 0.000000e+000
2.100000e+001 3.305151e-004 3.305151e-004 0.000000e+000
2.200000e+001 3.011866e-004 3.011866e-004 0.000000e+000
2.300000e+001 2.756192e-004 2.756192e-004 0.000000e+000
2.400000e+001 2.531427e-004 2.531427e-004 0.000000e+000
2.500000e+001 2.333089e-004 2.333089e-004 0.000000e+000
2.600000e+001 2.157120e-004 2.157120e-004 0.000000e+000
2.700000e+001 2.000185e-004 2.000185e-004 0.000000e+000
2.800000e+001 1.859751e-004 1.859751e-004 0.000000e+000
2.900000e+001 1.733401e-004 1.733401e-004 0.000000e+000
3.000000e+001 1.619433e-004 1.619433e-004 0.000000e+000
3.100000e+001 1.516313e-004 1.516313e-004 0.000000e+000
3.200000e+001 1.422643e-004 1.422643e-004 0.000000e+000
3.300000e+001 1.337272e-004 1.337272e-004 0.000000e+000
3.400000e+001 1.259332e-004 1.259332e-004 0.000000e+000
3.500000e+001 1.187988e-004 1.187988e-004 0.000000e+000
3.600000e+001 1.122503e-004 1.122503e-004 0.000000e+000
3.700000e+001 1.062247e-004 1.062247e-004 0.000000e+000
3.800000e+001 1.006650e-004 1.006650e-004 0.000000e+000
3.900000e+001 9.552497e-005 9.552497e-005 0.000000e+000
4.000000e+001 9.077120e-005 9.077120e-005 0.000000e+000
4.100000e+001 8.635571e-005 8.635571e-005 0.000000e+000
4.200000e+001 8.224760e-005 8.224760e-005 0.000000e+000
4.300000e+001 7.842620e-005 7.842620e-005 0.000000e+000
4.400000e+001 7.485796e-005 7.485796e-005 0.000000e+000
4.500000e+001 7.152241e-005 7.152241e-005 0.000000e+000
4.600000e+001 6.840363e-005 6.840363e-005 0.000000e+000
4.700000e+001 6.547983e-005 6.547983e-005 0.000000e+000
4.800000e+001 6.273507e-005 6.273507e-005 0.000000e+000
4.900000e+001 6.015591e-005 6.015591e-005 0.000000e+000
5.000000e+001 5.772942e-005 5.772942e-005 0.000000e+000
5.100000e+001 5.544428e-005 5.544428e-005 0.000000e+000
5.200000e+001 5.328933e-005 5.328933e-005 0.000000e+000
5.300000e+001 5.125362e-005 5.125362e-005 0.000000e+000
5.400000e+001 4.932848e-005 4.932848e-005 0.000000e+000
5.500000e+001 4.750654e-005 4.750654e-005 0.000000e+000
5.600000e+001 4.578063e-005 4.578063e-005 0.000000e+000
5.700000e+001 4.414443e-005 4.414443e-005 0.000000e+000
5.800000e+001 4.259044e-005 4.259044e-005 0.000000e+000
5.900000e+001 4.111341e-005 4.111341e-005 0.000000e+000
6.000000e+001 3.970883e-005 3.970883e-005 0.000000e+000
6.100000e+001 3.837143e-005 3.837143e-005 0.000000e+000
6.200000e+001 3.709670e-005 3.709670e-005 0.000000e+000
6.300000e+001 3.588032e-005 3.588032e-005 0.000000e+000
6.400000e+001 3.472016e-005 3.472016e-005 0.000000e+000
6.500000e+001 3.361159e-005 3.361159e-005 0.000000e+000
6.600000e+001 3.255110e-005 3.255110e-005 0.000000e+000
6.700000e+001 3.153648e-005 3.153648e-005 0.000000e+000
6.800000e+001 3.056503e-005 3.056503e-005 0.000000e+000
6.900000e+001 2.963359e-005 2.963359e-005 0.000000e+000
7.000000e+001 2.874011e-005 2.874011e-005 0.000000e+000
7.100000e+001 2.788293e-005 2.788293e-005 0.000000e+000
7.200000e+001 2.706000e-005 2.706000e-005 0.000000e+000
7.300000e+001 2.626777e-005 2.626777e-005 0.000000e+000
7.400000e+001 2.550574e-005 2.550574e-005 0.000000e+000
7.500000e+001 2.477159e-005 2.477159e-005 0.000000e+000
7.600000e+001 2.406404e-005 2.406404e-005 0.000000e+000
7.700000e+001 2.338163e-005 2.338163e-005 0.000000e+000
7.800000e+001 2.272232e-005 2.272232e-005 0.000000e+000
7.900000e+001 2.208555e-005 2.208555e-005 0.000000e+000
8.000000e+001 2.146917e-005 2.146917e-005 0.000000e+000
8.100000e+001 2.087259e-005 2.087259e-005 0.000000e+000
8.200000e+001 2.029431e-005 2.029431e-005 0.000000e+000
8.300000e+001 1.973331e-005 1.973331e-005 0.000000e+000
8.400000e+001 1.918819e-005 1.918819e-005 0.000000e+000
8.500000e+001 1.865823e-005 1.865823e-005 0.000000e+000
8.600000e+001 1.814207e-005 1.814207e-005 0.000000e+000
8.700000e+001 1.763903e-005 1.763903e-005 0.000000e+000
8.800000e+001 1.714799e-005 1.714799e-005 0.000000e+000
8.900000e+001 1.666708e-005 1.666708e-005 0.000000e+000
9.000000e+001 1.619595e-005 1.619595e-005 0.000000e+000
9.100000e+001 1.573282e-005 1.573282e-005 0.000000e+000
9.200000e+001 1.527749e-005 1.527749e-005 0.000000e+000
9.300000e+001 1.482734e-005 1.482734e-005 0.000000e+000
9.400000e+001 1.438221e-005 1.438221e-005 0.000000e+000
9.500000e+001 1.393986e-005 1.393986e-005 0.000000e+000
9.600000e+001 1.349825e-005 1.349825e-005 0.000000e+000
9.700000e+001 1.305651e-005 1.305651e-005 0.000000e+000
9.800000e+001 1.261115e-005 1.261115e-005 0.000000e+000
9.900000e+001 1.216005e-005 1.216005e-005 0.000000e+000
1.000000e+002 1.170001e-005 1.170001e-005 0.000000e+000
1.010000e+002 1.122719e-005 1.122719e-005 0.000000e+000
1.020000e+002 1.073646e-005 1.073646e-005 0.000000e+000
1.030000e+002 1.022140e-005 1.022140e-005 0.000000e+000
1.040000e+002 9.673573e-006 9.673573e-006 0.000000e+000
1.050000e+002 9.082081e-006 9.082081e-006 0.000000e+000
1.060000e+002 8.430869e-006 8.430869e-006 0.000000e+000
1.070000e+002 7.698156e-006 7.698156e-006 0.000000e+000
1.080000e+002 6.849663e-006 6.849663e-006 0.000000e+000
1.090000e+002 5.832079e-006 5.832079e-006 0.000000e+000
1.100000e+002 4.559404e-006 4.559404e-006 0.000000e+000
1.110000e+002 2.876191e-006 2.876191e-006 0.000000e+000
1.120000e+002 4.730652e-007 4.730652e-007 0.000000e+000
1.130000e+002 3.383845e-006 -3.383845e-006 0.000000e+000
1.140000e+002 1.078952e-005 -1.078952e-005 0.000000e+000
1.150000e+002 3.225383e-005 -3.225383e-005 0.000000e+000
1.160000e+002 1.281344e-003 -1.281344e-003 0.000000e+000
1.170000e+002 5.660418e-005 5.660418e-005 0.000000e+000
1.180000e+002 3.296410e-005 3.296410e-005 0.000000e+000
1.190000e+002 2.517529e-005 2.517529e-005 0.000000e+000
1.200000e+002 2.122327e-005 2.122327e-005 0.000000e+000
1.210000e+002 1.880035e-005 1.880035e-005 0.000000e+000
1.220000e+002 1.713402e-005 1.713402e-005 0.000000e+000
1.230000e+002 1.590479e-005 1.590479e-005 0.000000e+000
1.240000e+002 1.495124e-005 1.495124e-005 0.000000e+000
1.250000e+002 1.417903e-005 1.417903e-005 0.000000e+000
1.260000e+002 1.353400e-005 1.353400e-005 0.000000e+000
1.270000e+002 1.298154e-005 1.298154e-005 0.000000e+000
1.280000e+002 1.250086e-005 1.250086e-005 0.000000e+000
1.290000e+002 1.207658e-005 1.207658e-005 0.000000e+000
1.300000e+002 1.169629e-005 1.169629e-005 0.000000e+000
1.310000e+002 1.135297e-005 1.135297e-005 0.000000e+000
1.320000e+002 1.103881e-005 1.103881e-005 0.000000e+000
1.330000e+002 1.074934e-005 1.074934e-005 0.000000e+000
1.340000e+002 1.048177e-005 1.048177e-005 0.000000e+000
1.350000e+002 1.023126e-005 1.023126e-005 0.000000e+000
1.360000e+002 9.996381e-006 9.996381e-006 0.000000e+000
1.370000e+002 9.776018e-006 9.776018e-006 0.000000e+000
1.380000e+002 9.567420e-006 9.567420e-006 0.000000e+000
1.390000e+002 9.369343e-006 9.369343e-006 0.000000e+000
1.400000e+002 9.180970e-006 9.180970e-006 0.000000e+000
1.410000e+002 9.001935e-006 9.001935e-006 0.000000e+000
1.420000e+002 8.830493e-006 8.830493e-006 0.000000e+000
1.430000e+002 8.666145e-006 8.666145e-006 0.000000e+000
1.440000e+002 8.508577e-006 8.508577e-006 0.000000e+000
1.450000e+002 8.356895e-006 8.356895e-006 0.000000e+000
1.460000e+002 8.211060e-006 8.211060e-006 0.000000e+000
1.470000e+002 8.070301e-006 8.070301e-006 0.000000e+000
1.480000e+002 7.934381e-006 7.934381e-006 0.000000e+000
1.490000e+002 7.803072e-006 7.803072e-006 0.000000e+000
1.500000e+002 7.675975e-006 7.675975e-006 0.000000e+000
1.510000e+002 7.553005e-006 7.553005e-006 0.000000e+000
1.520000e+002 7.433892e-006 7.433892e-006 0.000000e+000
1.530000e+002 7.318253e-006 7.318253e-006 0.000000e+000
1.540000e+002 7.205812e-006 7.205812e-006 0.000000e+000
1.550000e+002 7.096648e-006 7.096648e-006 0.000000e+000
1.560000e+002 6.990566e-006 6.990566e-006 0.000000e+000
1.570000e+002 6.887386e-006 6.887386e-006 0.000000e+000
1.580000e+002 6.786907e-006 6.786907e-006 0.000000e+000
1.590000e+002 6.689068e-006 6.689068e-006 0.000000e+000
1.600000e+002 6.593650e-006 6.593650e-006 0.000000e+000
1.610000e+002 6.500709e-006 6.500709e-006 0.000000e+000
1.620000e+002 6.410026e-006 6.410026e-006 0.000000e+000
1.630000e+002 6.321548e-006 6.321548e-006 0.000000e+000
1.640000e+002 6.235159e-006 6.235159e-006 0.000000e+000
1.650000e+002 6.150763e-006 6.150763e-006 0.000000e+000
1.660000e+002 6.068338e-006 6.068338e-006 0.000000e+000
1.670000e+002 5.987743e-006 5.987743e-006 0.000000e+000
1.680000e+002 5.908973e-006 5.908973e-006 0.000000e+000
1.690000e+002 5.831959e-006 5.831959e-006 0.000000e+000
1.700000e+002 5.756582e-006 5.756582e-006 0.000000e+000
1.710000e+002 5.682820e-006 5.682820e-006 0.000000e+000
1.720000e+002 5.610629e-006 5.610629e-006 0.000000e+000
1.730000e+002 5.539958e-006 5.539958e-006 0.000000e+000
1.740000e+002 5.470745e-006 5.470745e-006 0.000000e+000
1.750000e+002 5.402923e-006 5.402923e-006 0.000000e+000
1.760000e+002 5.336488e-006 5.336488e-006 0.000000e+000
1.770000e+002 5.271359e-006 5.271359e-006 0.000000e+000
1.780000e+002 5.207546e-006 5.207546e-006 0.000000e+000
1.790000e+002 5.144985e-006 5.144985e-006 0.000000e+000
1.800000e+002 5.083632e-006 5.083632e-006 0.000000e+000
1.810000e+002 5.023454e-006 5.023454e-006 0.000000e+000
1.820000e+002 4.964407e-006 4.964407e-006 0.000000e+000
1.830000e+002 4.906469e-006 4.906469e-006 0.000000e+000
1.840000e+002 4.849595e-006 4.849595e-006 0.000000e+000
1.850000e+002 4.793790e-006 4.793790e-006 0.000000e+000
1.860000e+002 4.738990e-006 4.738990e-006 0.000000e+000
1.870000e+002 4.685181e-006 4.685181e-006 0.000000e+000
1.880000e+002 4.632358e-006 4.632358e-006 0.000000e+000
1.890000e+002 4.580472e-006 4.580472e-006 0.000000e+000
1.900000e+002 4.529488e-006 4.529488e-006 0.000000e+000
1.910000e+002 4.479392e-006 4.479392e-006 0.000000e+000
1.920000e+002 4.430178e-006 4.430178e-006 0.000000e+000
1.930000e+002 4.381807e-006 4.381807e-006 0.000000e+000
1.940000e+002 4.334268e-006 4.334268e-006 0.000000e+000
1.950000e+002 4.287545e-006 4.287545e-006 0.000000e+000
1.960000e+002 4.241600e-006 4.241600e-006 0.000000e+000
1.970000e+002 4.196422e-006 4.196422e-006 0.000000e+000
1.980000e+002 4.151997e-006 4.151997e-006 0.000000e+000
1.990000e+002 4.108311e-006 4.108311e-006 0.000000e+000
2.000000e+002 4.065334e-006 4.065334e-006 0.000000e+000
2.010000e+002 4.023050e-006 4.023050e-006 0.000000e+000
2.020000e+002 3.981459e-006 3.981459e-006 0.000000e+000
2.030000e+002 3.940526e-006 3.940526e-006 0.000000e+000
2.040000e+002 3.900244e-006 3.900244e-006 0.000000e+000
2.050000e+002 3.860592e-006 3.860592e-006 0.000000e+000
2.060000e+002 3.821578e-006 3.821578e-006 0.000000e+000
2.070000e+002 3.783167e-006 3.783167e-006 0.000000e+000
2.080000e+002 3.745347e-006 3.745347e-006 0.000000e+000
2.090000e+002 3.708117e-006 3.708117e-006 0.000000e+000
2.100000e+002 3.671454e-006 3.671454e-006 0.000000e+000
2.110000e+002 3.635351e-006 3.635351e-006 0.000000e+000
2.120000e+002 3.599796e-006 3.599796e-006 0.000000e+000
2.130000e+002 3.564777e-006 3.564777e-006 0.000000e+000
2.140000e+002 3.530279e-006 3.530279e-006 0.000000e+000
2.150000e+002 3.496293e-006 3.496293e-006 0.000000e+000
2.160000e+002 3.462816e-006 3.462816e-006 0.000000e+000
2.170000e+002 3.429820e-006 3.429820e-006 0.000000e+000
2.180000e+002 3.397310e-006 3.397310e-006 0.000000e+000
2.190000e+002 3.365274e-006 3.365274e-006 0.000000e+000
2.200000e+002 3.333695e-006 3.333695e-006 0.000000e+000
2.210000e+002 3.302569e-006 3.302569e-006 0.000000e+000
2.220000e+002 3.271890e-006 3.271890e-006 0.000000e+000
2.230000e+002 3.241647e-006 3.241647e-006 0.000000e+000
2.240000e+002 3.211831e-006 3.211831e-006 0.000000e+000
2.250000e+002 3.182432e-006 3.182432e-006 0.000000e+000
2.260000e+002 3.153447e-006 3.153447e-006 0.000000e+000
2.270000e+002 3.124864e-006 3.124864e-006 0.000000e+000
2.280000e+002 3.096674e-006 3.096674e-006 0.000000e+000
2.290000e+002 3.068872e-006 3.068872e-006 0.000000e+000
2.300000e+002 3.041453e-006 3.041453e-006 0.000000e+000
2.310000e+002 3.014404e-006 3.014404e-006 0.000000e+000
2.320000e+002 2.987723e-006 2.987723e-006 0.000000e+000
2.330000e+002 2.961402e-006 2.961402e-006 0.000000e+000
2.340000e+002 2.935431e-006 2.935431e-006 0.000000e+000
2.350000e+002 2.909809e-006 2.909809e-006 0.000000e+000
2.360000e+002 2.884525e-006 2.884525e-006 0.000000e+000
2.370000e+002 2.859576e-006 2.859576e-006 0.000000e+000
2.380000e+002 2.834955e-006 2.834955e-006 0.000000e+000
2.390000e+002 2.810656e-006 2.810656e-006 0.000000e+000
2.400000e+002 2.786673e-006 2.786673e-006 0.000000e+000
2.410000e+002 2.763000e-006 2.763000e-006 0.000000e+000
2.420000e+002 2.739634e-006 2.739634e-006 0.000000e+000
2.430000e+002 2.716568e-006 2.716568e-006 0.000000e+000
2.440000e+002 2.693796e-006 2.693796e-006 0.000000e+000
2.450000e+002 2.671312e-006 2.671312e-006 0.000000e+000
2.460000e+002 2.649114e-006 2.649114e-006 0.000000e+000
2.470000e+002 2.627196e-006 2.627196e-006 0.000000e+000
2.480000e+002 2.605552e-006 2.605552e-006 0.000000e+000
2.490000e+002 2.584178e-006 2.584178e-006 0.000000e+000
2.500000e+002 2.563069e-006 2.563069e-006 0.000000e+000
2.510000e+002 2.542222e-006 2.542222e-006 0.000000e+000
2.520000e+002 2.521632e-006 2.521632e-006 0.000000e+000
2.530000e+002 2.501294e-006 2.501294e-006 0.000000e+000
2.540000e+002 2.481204e-006 2.481204e-006 0.000000e+000
2.550000e+002 2.461358e-006 2.461358e-006 0.000000e+000
2.560000e+002 2.441753e-006 2.441753e-006 0.000000e+000
2.570000e+002 2.422383e-006 2.422383e-006 0.000000e+000
2.580000e+002 2.403247e-006 2.403247e-006 0.000000e+000
2.590000e+002 2.384338e-006 2.384338e-006 0.000000e+000
2.600000e+002 2.365655e-006 2.365655e-006 0.000000e+000
2.610000e+002 2.347192e-006 2.347192e-006 0.000000e+000
2.620000e+002 2.328947e-006 2.328947e-006 0.000000e+000
2.630000e+002 2.310916e-006 2.310916e-006 0.000000e+000
2.640000e+002 2.293096e-006 2.293096e-006 0.000000e+000
2.650000e+002 2.275483e-006 2.275483e-006 0.000000e+000
2.660000e+002 2.258075e-006 2.258075e-006 0.000000e+000
2.670000e+002 2.240868e-006 2.240868e-006 0.000000e+000
2.680000e+002 2.223858e-006 2.223858e-006 0.000000e+000
2.690000e+002 2.207044e-006 2.207044e-006 0.000000e+000
2.700000e+002 2.190421e-006 2.190421e-006 0.000000e+000
2.710000e+002 2.173988e-006 2.173988e-006 0.000000e+000
2.720000e+002 2.157740e-006 2.157740e-006 0.000000e+000
2.730000e+002 2.141675e-006 2.141675e-006 0.000000e+000
2.740000e+002 2.125791e-006 2.125791e-006 0.000000e+000
2.750000e+002 2.110084e-006 2.110084e-006 0.000000e+000
2.760000e+002 2.094553e-006 2.094553e-006 0.000000e+000
2.770000e+002 2.079193e-006 2.079193e-006 0.000000e+000
2.780000e+002 2.064003e-006 2.064003e-006 0.000000e+000
2.790000e+002 2.048982e-006 2.048982e-006 0.000000e+000
2.800000e+002 2.034124e-006 2.034124e-006 0.000000e+000
2.810000e+002 2.019429e-006 2.019429e-006 0.000000e+000
2.820000e+002 2.004893e-006 2.004893e-006 0.000000e+000
2.830000e+002 1.990516e-006 1.990516e-006 0.000000e+000
2.840000e+002 1.976293e-006 1.976293e-006 0.000000e+000
2.850000e+002 1.962224e-006 1.962224e-006 0.000000e+000
2.860000e+002 1.948305e-006 1.948305e-006 0.000000e+000
2.870000e+002 1.934535e-006 1.934535e-006 0.000000e+000
2.880000e+002 1.920912e-006 1.920912e-006 0.000000e+000
2.890000e+002 1.907433e-006 1.907433e-006 0.000000e+000
2.900000e+002 1.894096e-006 1.894096e-006 0.000000e+000
2.910000e+002 1.880900e-006 1.880900e-006 0.000000e+000
2.920000e+002 1.867842e-006 1.867842e-006 0.000000e+000
2.930000e+002 1.854920e-006 1.854920e-006 0.000000e+000
2.940000e+002 1.842133e-006 1.842133e-006 0.000000e+000
2.950000e+002 1.829479e-006 1.829479e-006 0.000000e+000
2.960000e+002 1.816955e-006 1.816955e-006 0.000000e+000
2.970000e+002 1.804560e-006 1.804560e-006 0.000000e+000
2.980000e+002 1.792293e-006 1.792293e-006 0.000000e+000
2.990000e+002 1.780151e-006 1.780151e-006 0.000000e+000
3.000000e+002 1.768133e-006 1.768133e-006 0.000000e+000
3.010000e+002 1.756236e-006 1.756236e-006 0.000000e+000
3.020000e+002 1.744460e-006 1.744460e-006 0.000000e+000
3.030000e+002 1.732803e-006 1.732803e-006 0.000000e+000
3.040000e+002 1.721262e-006 1.721262e-006 0.000000e+000
3.050000e+002 1.709838e-006 1.709838e-006 0.000000e+000
3.060000e+002 1.698527e-006 1.698527e-006 0.000000e+000
3.070000e+002 1.687328e-006 1.687328e-006 0.000000e+000
3.080000e+002 1.676241e-006 1.676241e-006 0.000000e+000
3.090000e+002 1.665263e-006 1.665263e-006 0.000000e+000
3.100000e+002 1.654393e-006 1.654393e-006 0.000000e+000
3.110000e+002 1.643630e-006 1.643630e-006 0.000000e+000
3.120000e+002 1.632972e-006 1.632972e-006 0.000000e+000
3.130000e+002 1.622418e-006 1.622418e-006 0.000000e+000
3.140000e+002 1.611966e-006 1.611966e-006 0.000000e+000
3.150000e+002 1.601615e-006 1.601615e-006 0.000000e+000
3.160000e+002 1.591364e-006 1.591364e-006 0.000000e+000
3.170000e+002 1.581212e-006 1.581212e-006 0.000000e+000
3.180000e+002 1.571157e-006 1.571157e-006 0.000000e+000
3.190000e+002 1.561198e-006 1.561198e-006 0.000000e+000
3.200000e+002 1.551334e-006 1.551334e-006 0.000000e+000
3.210000e+002 1.541563e-006 1.541563e-006 0.000000e+000
3.220000e+002 1.531885e-006 1.531885e-006 0.000000e+000
3.230000e+002 1.522298e-006 1.522298e-006 0.000000e+000
3.240000e+002 1.512801e-006 1.512801e-006 0.000000e+000
3.250000e+002 1.503393e-006 1.503393e-006 0.000000e+000
3.260000e+002 1.494073e-006 1.494073e-006 0.000000e+000
3.270000e+002 1.484839e-006 1.484839e-006 0.000000e+000
3.280000e+002 1.475692e-006 1.475692e-006 0.000000e+000
3.290000e+002 1.466628e-006 1.466628e-006 0.000000e+000
3.300000e+002 1.457649e-006 1.457649e-006 0.000000e+000
3.310000e+002 1.448751e-006 1.448751e-006 0.000000e+000
3.320000e+002 1.439936e-006 1.439936e-006 0.000000e+000
3.330000e+002 1.431200e-006 1.431200e-006 0.000000e+000
3.340000e+002 1.422545e-006 1.422545e-006 0.000000e+000
3.350000e+002 1.413967e-006 1.413967e-006 0.000000e+000
3.360000e+002 1.405468e-006 1.405468e-006 0.000000e+000
3.370000e+002 1.397045e-006 1.397045e-006 0.000000e+000
3.380000e+002 1.388698e-006 1.388698e-006 0.000000e+000
3.390000e+002 1.380425e-006 1.380425e-006 0.000000e+000
3.400000e+002 1.372227e-006 1.372227e-006 0.000000e+000
3.410000e+002 1.364101e-006 1.364101e-006 0.000000e+000
3.420000e+002 1.356048e-006 1.356048e-006 0.000000e+000
3.430000e+002 1.348066e-006 1.348066e-006 0.000000e+000
3.440000e+002 1.340154e-006 1.340154e-006 0.000000e+000
3.450000e+002 1.332312e-006 1.332312e-006 0.000000e+000
3.460000e+002 1.324539e-006 1.324539e-006 0.000000e+000
3.470000e+002 1.316834e-006 1.316834e-006 0.000000e+000
3.480000e+002 1.309196e-006 1.309196e-006 0.000000e+000
3.490000e+002 1.301624e-006 1.301624e-006 0.000000e+000
3.500000e+002 1.294119e-006 1.294119e-006 0.000000e+000
3.510000e+002 1.286678e-006 1.286678e-006 0.000000e+000
3.520000e+002 1.279301e-006 1.279301e-006 0.000000e+000
3.530000e+002 1.271987e-006 1.271987e-006 0.000000e+000
3.540000e+002 1.264736e-006 1.264736e-006 0.000000e+000
3.550000e+002 1.257548e-006 1.257548e-006 0.000000e+000
3.560000e+002 1.250420e-006 1.250420e-006 0.000000e+000
3.570000e+002 1.243353e-006 1.243353e-006 0.000000e+000
3.580000e+002 1.236346e-006 1.236346e-006 0.000000e+000
3.590000e+002 1.229398e-006 1.229398e-006 0.000000e+000
3.600000e+002 1.222508e-006 1.222508e-006 0.000000e+000
3.610000e+002 1.215676e-006 1.215676e-006 0.000000e+000
3.620000e+002 1.208902e-006 1.208902e-006 0.000000e+000
3.630000e+002 1.202184e-006 1.202184e-006 0.000000e+000
3.640000e+002 1.195522e-006 1.195522e-006 0.000000e+000
3.650000e+002 1.188915e-006 1.188915e-006 0.000000e+000
3.660000e+002 1.182363e-006 1.182363e-006 0.000000e+000
3.670000e+002 1.175866e-006 1.175866e-006 0.000000e+000
3.680000e+002 1.169421e-006 1.169421e-006 0.000000e+000
3.690000e+002 1.163030e-006 1.163030e-006 0.000000e+000
3.700000e+002 1.156691e-006 1.156691e-006 0.000000e+000
3.710000e+002 1.150403e-006 1.150403e-006 0.000000e+000
3.720000e+002 1.144167e-006 1.144167e-006 0.000000e+000
3.730000e+002 1.137981e-006 1.137981e-006 0.000000e+000
3.740000e+002 1.131846e-006 1.131846e-006 0.000000e+000
3.750000e+002 1.125760e-006 1.125760e-006 0.000000e+000
3.760000e+002 1.119723e-006 1.119723e-006 0.000000e+000
3.770000e+002 1.113734e-006 1.113734e-006 0.000000e+000
3.780000e+002 1.107794e-006 1.107794e-006 0.000000e+000
3.790000e+002 1.101901e-006 1.101901e-006 0.000000e+000
3.800000e+002 1.096055e-006 1.096055e-006 0.000000e+000
3.810000e+002 1.090255e-006 1.090255e-006 0.000000e+000
3.820000e+002 1.084501e-006 1.084501e-006 0.000000e+000
3.830000e+002 1.078793e-006 1.078793e-006 0.000000e+000
3.840000e+002 1.073129e-006 1.073129e-006 0.000000e+000
3.850000e+002 1.067511e-006 1.067511e-006 0.000000e+000
3.860000e+002 1.061936e-006 1.061936e-006 0.000000e+000
3.870000e+002 1.056405e-006 1.056405e-006 0.000000e+000
3.880000e+002 1.050917e-006 1.050917e-006 0.000000e+000
3.890000e+002 1.045471e-006 1.045471e-006 0.000000e+000
3.900000e+002 1.040068e-006 1.040068e-006 0.000000e+000
3.910000e+002 1.034707e-006 1.034707e-006 0.000000e+000
3.920000e+002 1.029387e-006 1.029387e-006 0.000000e+000
3.930000e+002 1.024107e-006 1.024107e-006 0.000000e+000
3.940000e+002 1.018869e-006 1.018869e-006 0.000000e+000
3.950000e+002 1.013670e-006 1.013670e-006 0.000000e+000
3.960000e+002 1.008512e-006 1.008512e-006 0.000000e+000
3.970000e+002 1.003392e-006 1.003392e-006 0.000000e+000
3.980000e+002 9.983115e-007 9.983115e-007 0.000000e+000
3.990000e+002 9.932694e-007 9.932694e-007 0.000000e+000
4.000000e+002 9.882654e-007 9.882654e-007 0.000000e+000
4.010000e+002 9.832991e-007 9.832991e-007 0.000000e+000
4.020000e+002 9.783701e-007 9.783701e-007 0.000000e+000
4.030000e+002 9.734781e-007 9.734781e-007 0.000000e+000
4.040000e+002 9.686226e-007 9.686226e-007 0.000000e+000
4.050000e+002 9.638034e-007 9.638034e-007 0.000000e+000
4.060000e+002 9.590201e-007 9.590201e-007 0.000000e+000
4.070000e+002 9.542723e-007 9.542723e-007 0.000000e+000
4.080000e+002 9.495596e-007 9.495596e-007 0.000000e+000
4.090000e+002 9.448818e-007 9.448818e-007 0.000000e+000
4.100000e+002 9.402384e-007 9.402384e-007 0.000000e+000
4.110000e+002 9.356291e-007 9.356291e-007 0.000000e+000
4.120000e+002 9.310536e-007 9.310536e-007 0.000000e+000
4.130000e+002 9.265116e-007 9.265116e-007 0.000000e+000
4.140000e+002 9.220027e-007 9.220027e-007 0.000000e+000
4.150000e+002 9.175267e-007 9.175267e-007 0.000000e+000
4.160000e+002 9.130831e-007 9.130831e-007 0.000000e+000
4.170000e+002 9.086717e-007 9.086717e-007 0.000000e+000
4.180000e+002 9.042922e-007 9.042922e-007 0.000000e+000
4.190000e+002 8.999442e-007 8.999442e-007 0.000000e+000
4.200000e+002 8.956275e-007 8.956275e-007 0.000000e+000
4.210000e+002 8.913417e-007 8.913417e-007 0.000000e+000
4.220000e+002 8.870866e-007 8.870866e-007 0.000000e+000
4.230000e+002 8.828619e-007 8.828619e-007 0.000000e+000
4.240000e+002 8.786672e-007 8.786672e-007 0.000000e+000
4.250000e+002 8.745023e-007 8.745023e-007 0.000000e+000
4.260000e+002 8.703669e-007 8.703669e-007 0.000000e+000
4.270000e+002 8.662608e-007 8.662608e-007 0.000000e+000
4.280000e+002 8.621836e-007 8.621836e-007 0.000000e+000
4.290000e+002 8.581351e-007 8.581351e-007 0.000000e+000
4.300000e+002 8.541150e-007 8.541150e-007 0.000000e+000
4.310000e+002 8.501231e-007 8.501231e-007 0.000000e+000
4.320000e+002 8.461590e-007 8.461590e-007 0.000000e+000
4.330000e+002 8.422225e-007 8.422225e-007 0.000000e+000
4.340000e+002 8.383134e-007 8.383134e-007 0.000000e+000
4.350000e+002 8.344315e-007 8.344315e-007 0.000000e+000
4.360000e+002 8.305764e-007 8.305764e-007 0.000000e+000
4.370000e+002 8.267478e-007 8.267478e-007 0.000000e+000
4.380000e+002 8.229457e-007 8.229457e-007 0.000000e+000
4.390000e+002 8.191697e-007 8.191697e-007 0.000000e+000
4.400000e+002 8.154196e-007 8.154196e-007 0.000000e+000
4.410000e+002 8.116951e-007 8.116951e-007 0.000000e+000
4.420000e+002 8.079960e-007 8.079960e-007 0.000000e+000
4.430000e+002 8.043221e-007 8.043221e-007 0.000000e+000
4.440000e+002 8.006732e-007 8.006732e-007 0.000000e+000
4.450000e+002 7.970489e-007 7.970489e-007 0.000000e+000
4.460000e+002 7.934492e-007 7.934492e-007 0.000000e+000
4.470000e+002 7.898738e-007 7.898738e-007 0.000000e+000
4.480000e+002 7.863224e-007 7.863224e-007 0.000000e+000
4.490000e+002 7.827949e-007 7.827949e-007 0.000000e+000
4.500000e+002 7.792910e-007 7.792910e-007 0.000000e+000
4.510000e+002 7.758105e-007 7.758105e-007 0.000000e+000
4.520000e+002 7.723532e-007 7.723532e-007 0.000000e+000
4.530000e+002 7.689190e-007 7.689190e-007 0.000000e+000
4.540000e+002 7.655075e-007 7.655075e-007 0.000000e+000
4.550000e+002 7.621187e-007 7.621187e-007 0.000000e+000
4.560000e+002 7.587522e-007 7.587522e-007 0.000000e+000
4.570000e+002 7.554079e-007 7.554079e-007 0.000000e+000
4.580000e+002 7.520857e-007 7.520857e-007 0.000000e+000
4.590000e+002 7.487852e-007 7.487852e-007 0.000000e+000
4.600000e+002 7.455064e-007 7.455064e-007 0.000000e+000
4.610000e+002 7.422490e-007 7.422490e-007 0.000000e+000
4.620000e+002 7.390128e-007 7.390128e-007 0.000000e+000
4.630000e+002 7.357977e-007 7.357977e-007 0.000000e+000
4.640000e+002 7.326035e-007 7.326035e-007 0.000000e+000
4.650000e+002 7.294300e-007 7.294300e-007 0.000000e+000
4.660000e+002 7.262770e-007 7.262770e-007 0.000000e+000
4.670000e+002 7.231443e-007 7.231443e-007 0.000000e+000
4.680000e+002 7.200318e-007 7.200318e-007 0.000000e+000
4.690000e+002 7.169393e-007 7.169393e-007 0.000000e+000
4.700000e+002 7.138666e-007 7.138666e-007 0.000000e+000
4.710000e+002 7.108135e-007 7.108135e-007 0.000000e+000
4.720000e+002 7.077800e-007 7.077800e-007 0.000000e+000
4.730000e+002 7.047657e-007 7.047657e-007 0.000000e+000
4.740000e+002 7.017706e-007 7.017706e-007 0.000000e+000
4.750000e+002 6.987945e-007 6.987945e-007 0.000000e+000
4.760000e+002 6.958372e-007 6.958372e-007 0.000000e+000
4.770000e+002 6.928986e-007 6.928986e-007 0.000000e+000
4.780000e+002 6.899785e-007 6.899785e-007 0.000000e+000
4.790000e+002 6.870767e-007 6.870767e-007 0.000000e+000
4.800000e+002 6.841931e-007 6.841931e-007 0.000000e+000
4.810000e+002 6.813276e-007 6.813276e-007 0.000000e+000
4.820000e+002 6.784800e-007 6.784800e-007 0.000000e+000
4.830000e+002 6.756501e-007 6.756501e-007 0.000000e+000
4.840000e+002 6.728379e-007 6.728379e-007 0.000000e+000
4.850000e+002 6.700431e-007 6.700431e-007 0.000000e+000
4.860000e+002 6.672656e-007 6.672656e-007 0.000000e+000
4.870000e+002 6.645052e-007 6.645052e-007 0.000000e+000
4.880000e+002 6.617619e-007 6.617619e-007 0.000000e+000
4.890000e+002 6.590355e-007 6.590355e-007 0.000000e+000
4.900000e+002 6.563258e-007 6.563258e-007 0.000000e+000
4.910000e+002 6.536327e-007 6.536327e-007 0.000000e+000
4.920000e+002 6.509561e-007 6.509561e-007 0.000000e+000
4.930000e+002 6.482958e-007 6.482958e-007 0.000000e+000
4.940000e+002 6.456518e-007 6.456518e-007 0.000000e+000
4.950000e+002 6.430238e-007 6.430238e-007 0.000000e+000
4.960000e+002 6.404117e-007 6.404117e-007 0.000000e+000
4.970000e+002 6.378155e-007 6.378155e-007 0.000000e+000
4.980000e+002 6.352349e-007 6.352349e-007 0.000000e+000
4.990000e+002 6.326699e-007 6.326699e-007 0.000000e+000
5.000000e+002 6.301203e-007 6.301203e-007 0.000000e+000
5.010000e+002 6.275861e-007 6.275861e-007 0.000000e+000
5.020000e+002 6.250670e-007 6.250670e-007 0.000000e+000
5.030000e+002 6.225630e-007 6.225630e-007 0.000000e+000
5.040000e+002 6.200739e-007 6.200739e-007 0.000000e+000
5.050000e+002 6.175997e-007 6.175997e-007 0.000000e+000
5.060000e+002 6.151401e-007 6.151401e-007 0.000000e+000
5.070000e+002 6.126952e-007 6.126952e-007 0.000000e+000
5.080000e+002 6.102647e-007 6.102647e-007 0.000000e+000
5.090000e+002 6.078486e-007 6.078486e-007 0.000000e+000
5.100000e+002 6.054467e-007 6.054467e-007 0.000000e+000
5.110000e+002 6.030589e-007 6.030589e-007 0.000000e+000
5.120000e+002 6.006852e-007 6.006852e-007 0.000000e+000
5.130000e+002 5.983254e-007 5.983254e-007 0.000000e+000
5.140000e+002 5.959794e-007 5.959794e-007 0.000000e+000
5.150000e+002 5.936471e-007 5.936471e-007 0.000000e+000
5.160000e+002 5.913283e-007 5.913283e-007 0.000000e+000
5.170000e+002 5.890231e-007 5.890231e-007 0.000000e+000
5.180000e+002 5.867312e-007 5.867312e-007 0.000000e+000
5.190000e+002 5.844526e-007 5.844526e-007 0.000000e+000
5.200000e+002 5.821872e-007 5.821872e-007 0.000000e+000
5.210000e+002 5.799348e-007 5.799348e-007 0.000000e+000
5.220000e+002 5.776954e-007 5.776954e-007 0.000000e+000
5.230000e+002 5.754689e-007 5.754689e-007 0.000000e+000
5.240000e+002 5.732551e-007 5.732551e-007 0.000000e+000
5.250000e+002 5.710540e-007 5.710540e-007 0.000000e+000
5.260000e+002 5.688655e-007 5.688655e-007 0.000000e+000
5.270000e+002 5.666895e-007 5.666895e-007 0.000000e+000
5.280000e+002 5.645258e-007 5.645258e-007 0.000000e+000
5.290000e+002 5.623745e-007 5.623745e-007 0.000000e+000
5.300000e+002 5.602353e-007 5.602353e-007 0.000000e+000
5.310000e+002 5.581082e-007 5.581082e-007 0.000000e+000
5.320000e+002 5.559932e-007 5.559932e-007 0.000000e+000
5.330000e+002 5.538900e-007 5.538900e-007 0.000000e+000
5.340000e+002 5.517987e-007 5.517987e-007 0.000000e+000
5.350000e+002 5.497191e-007 5.497191e-007 0.000000e+000
5.360000e+002 5.476512e-007 5.476512e-007 0.000000e+000
5.370000e+002 5.455949e-007 5.455949e-007 0.000000e+000
5.380000e+002 5.435500e-007 5.435500e-007 0.000000e+000
5.390000e+002 5.415165e-007 5.415165e-007 0.000000e+000
5.400000e+002 5.394943e-007 5.394943e-007 0.000000e+000
5.410000e+002 5.374834e-007 5.374834e-007 0.000000e+000
5.420000e+002 5.354836e-007 5.354836e-007 0.000000e+000
5.430000e+002 5.334948e-007 5.334948e-007 0.000000e+000
5.440000e+002 5.315170e-007 5.315170e-007 0.000000e+000
5.450000e+002 5.295501e-007 5.295501e-007 0.000000e+000
5.460000e+002 5.275941e-007 5.275941e-007 0.000000e+000
5.470000e+002 5.256487e-007 5.256487e-007 0.000000e+000
5.480000e+002 5.237141e-007 5.237141e-007 0.000000e+000
5.490000e+002 5.217899e-007 5.217899e-007 0.000000e+000
5.500000e+002 5.198763e-007 5.198763e-007 0.000000e+000
5.510000e+002 5.179732e-007 5.179732e-007 0.000000e+000
5.520000e+002 5.160803e-007 5.160803e-007 0.000000e+000
5.530000e+002 5.141978e-007 5.141978e-007 0.000000e+000
5.540000e+002 5.123254e-007 5.123254e-007 0.000000e+000
5.550000e+002 5.104631e-007 5.104631e-007 0.000000e+000
5.560000e+002 5.086110e-007 5.086110e-007 0.000000e+000
5.570000e+002 5.067687e-007 5.067687e-007 0.000000e+000
5.580000e+002 5.049364e-007 5.049364e-007 0.000000e+000
5.590000e+002 5.031139e-007 5.031139e-007 0.000000e+000
5.600000e+002 5.013012e-007 5.013012e-007 0.000000e+000
5.610000e+002 4.994982e-007 4.994982e-007 0.000000e+000
5.620000e+002 4.977048e-007 4.977048e-007 0.000000e+000
5.630000e+002 4.959209e-007 4.959209e-007 0.000000e+000
5.640000e+002 4.941466e-007 4.941466e-007 0.000000e+000
5.650000e+002 4.923816e-007 4.923816e-007 0.000000e+000
5.660000e+002 4.906260e-007 4.906260e-007 0.000000e+000
5.670000e+002 4.888797e-007 4.888797e-007 0.000000e+000
5.680000e+002 4.871426e-007 4.871426e-007 0.000000e+000
5.690000e+002 4.854147e-007 4.854147e-007 0.000000e+000
5.700000e+002 4.836958e-007 4.836958e-007 0.000000e+000
5.710000e+002 4.819860e-007 4.819860e-007 0.000000e+000
5.720000e+002 4.802852e-007 4.802852e-007 0.000000e+000
5.730000e+002 4.785932e-007 4.785932e-007 0.000000e+000
5.740000e+002 4.769101e-007 4.769101e-007 0.000000e+000
5.750000e+002 4.752357e-007 4.752357e-007 0.000000e+000
5.760000e+002 4.735701e-007 4.735701e-007 0.000000e+000
5.770000e+002 4.719131e-007 4.719131e-007 0.000000e+000
5.780000e+002 4.702647e-007 4.702647e-007 0.000000e+000
5.790000e+002 4.686248e-007 4.686248e-007 0.000000e+000
5.800000e+002 4.669934e-007 4.669934e-007 0.000000e+000
5.810000e+002 4.653704e-007 4.653704e-007 0.000000e+000
5.820000e+002 4.637558e-007 4.637558e-007 0.000000e+000
5.830000e+002 4.621494e-007 4.621494e-007 0.000000e+000
5.840000e+002 4.605513e-007 4.605513e-007 0.000000e+000
5.850000e+002 4.589614e-007 4.589614e-007 0.000000e+000
5.860000e+002 4.573796e-007 4.573796e-007 0.000000e+000
5.870000e+002 4.558059e-007 4.558059e-007 0.000000e+000
5.880000e+002 4.542402e-007 4.542402e-007 0.000000e+000
5.890000e+002 4.526825e-007 4.526825e-007 0.000000e+000
5.900000e+002 4.511326e-007 4.511326e-007 0.000000e+000
5.910000e+002 4.495907e-007 4.495907e-007 0.000000e+000
5.920000e+002 4.480565e-007 4.480565e-007 0.000000e+000
5.930000e+002 4.465300e-007 4.465300e-007 0.000000e+000
5.940000e+002 4.450113e-007 4.450113e-007 0.000000e+000
5.950000e+002 4.435002e-007 4.435002e-007 0.000000e+000
5.960000e+002 4.419967e-007 4.419967e-007 0.000000e+000
5.970000e+002 4.405007e-007 4.405007e-007 0.000000e+000
5.980000e+002 4.390122e-007 4.390122e-007 0.000000e+000
5.990000e+002 4.375312e-007 4.375312e-007 0.000000e+000
6.000000e+002 4.360575e-007 4.360575e-007 0.000000e+000
6.010000e+002 4.345912e-007 4.345912e-007 0.000000e+000
6.020000e+002 4.331321e-007 4.331321e-007 0.000000e+000
6.030000e+002 4.316803e-007 4.316803e-007 0.000000e+000
6.040000e+002 4.302357e-007 4.302357e-007 0.000000e+000
6.050000e+002 4.287982e-007 4.287982e-007 0.000000e+000
6.060000e+002 4.273678e-007 4.273678e-007 0.000000e+000
6.070000e+002 4.259445e-007 4.259445e-007 0.000000e+000
6.080000e+002 4.245282e-007 4.245282e-007 0.000000e+000
6.090000e+002 4.231188e-007 4.231188e-007 0.000000e+000
6.100000e+002 4.217164e-007 4.217164e-007 0.000000e+000
6.110000e+002 4.203208e-007 4.203208e-007 0.000000e+000
6.120000e+002 4.189320e-007 4.189320e-007 0.000000e+000
6.130000e+002 4.175500e-007 4.175500e-007 0.000000e+000
6.140000e+002 4.161747e-007 4.161747e-007 0.000000e+000
6.150000e+002 4.148061e-007 4.148061e-007 0.000000e+000
6.160000e+002 4.134441e-007 4.134441e-007 0.000000e+000
6.170000e+002 4.120888e-007 4.120888e-007 0.000000e+000
6.180000e+002 4.107399e-007 4.107399e-007 0.000000e+000
6.190000e+002 4.093976e-007 4.093976e-007 0.000000e+000
6.200000e+002 4.080618e-007 4.080618e-007 0.000000e+000
6.210000e+002 4.067324e-007 4.067324e-007 0.000000e+000
6.220000e+002 4.054094e-007 4.054094e-007 0.000000e+000
6.230000e+002 4.040927e-007 4.040927e-007 0.000000e+000
6.240000e+002 4.027823e-007 4.027823e-007 0.000000e+000
6.250000e+002 4.014782e-007 4.014782e-007 0.000000e+000
6.260000e+002 4.001803e-007 4.001803e-007 0.000000e+000
6.270000e+002 3.988886e-007 3.988886e-007 0.000000e+000
6.280000e+002 3.976030e-007 3.976030e-007 0.000000e+000
6.290000e+002 3.963236e-007 3.963236e-007 0.000000e+000
6.300000e+002 3.950502e-007 3.950502e-007 0.000000e+000
6.310000e+002 3.937828e-007 3.937828e-007 0.000000e+000
6.320000e+002 3.925214e-007 3.925214e-007 0.000000e+000
6.330000e+002 3.912659e-007 3.912659e-007 0.000000e+000
6.340000e+002 3.900164e-007 3.900164e-007 0.000000e+000
6.350000e+002 3.887727e-007 3.887727e-007 0.000000e+000
6.360000e+002 3.875349e-007 3.875349e-007 0.000000e+000
6.370000e+002 3.863028e-007 3.863028e-007 0.000000e+000
6.380000e+002 3.850765e-007 3.850765e-007 0.000000e+000
6.390000e+002 3.838560e-007 3.838560e-007 0.000000e+000
6.400000e+002 3.826411e-007 3.826411e-007 0.000000e+000
6.410000e+002 3.814319e-007 3.814319e-007 0.000000e+000
6.420000e+002 3.802283e-007 3.802283e-007 0.000000e+000
6.430000e+002 3.790302e-007 3.790302e-007 0.000000e+000
6.440000e+002 3.778378e-007 3.778378e-007 0.000000e+000
6.450000e+002 3.766508e-007 3.766508e-007 0.000000e+000
6.460000e+002 3.754693e-007 3.754693e-007 0.000000e+000
6.470000e+002 3.742932e-007 3.742932e-007 0.000000e+000
6.480000e+002 3.731226e-007 3.731226e-007 0.000000e+000
6.490000e+002 3.719573e-007 3.719573e-007 0.000000e+000
6.500000e+002 3.707974e-007 3.707974e-007 0.000000e+000
6.510000e+002 3.696427e-007 3.696427e-007 0.000000e+000
6.520000e+002 3.684934e-007 3.684934e-007 0.000000e+000
6.530000e+002 3.673492e-007 3.673492e-007 0.000000e+000
6.540000e+002 3.662103e-007 3.662103e-007 0.000000e+000
6.550000e+002 3.650766e-007 3.650766e-007 0.000000e+000
6.560000e+002 3.639480e-007 3.639480e-007 0.000000e+000
6.570000e+002 3.628245e-007 3.628245e-007 0.000000e+000
6.580000e+002 3.617061e-007 3.617061e-007 0.000000e+000
6.590000e+002 3.605928e-007 3.605928e-007 0.000000e+000
6.600000e+002 3.594845e-007 3.594845e-007 0.000000e+000
6.610000e+002 3.583811e-007 3.583811e-007 0.000000e+000
6.620000e+002 3.572827e-007 3.572827e-007 0.000000e+000
6.630000e+002 3.561893e-007 3.561893e-007 0.000000e+000
6.640000e+002 3.551007e-007 3.551007e-007 0.000000e+000
6.650000e+002 3.540170e-007 3.540170e-007 0.000000e+000
6.660000e+002 3.529382e-007 3.529382e-007 0.000000e+000
6.670000e+002 3.518641e-007 3.518641e-007 0.000000e+000
6.680000e+002 3.507948e-007 3.507948e-007 0.000000e+000
6.690000e+002 3.497303e-007 3.497303e-007 0.000000e+000
6.700000e+002 3.486705e-007 3.486705e-007 0.000000e+000
6.710000e+002 3.476154e-007 3.476154e-007 0.000000e+000
6.720000e+002 3.465649e-007 3.465649e-007 0.000000e+000
6.730000e+002 3.455191e-007 3.455191e-007 0.000000e+000
6.740000e+002 3.444779e-007 3.444779e-007 0.000000e+000
6.750000e+002 3.434413e-007 3.434413e-007 0.000000e+000
6.760000e+002 3.424092e-007 3.424092e-007 0.000000e+000
6.770000e+002 3.413816e-007 3.413816e-007 0.000000e+000
6.780000e+002 3.403586e-007 3.403586e-007 0.000000e+000
6.790000e+002 3.393400e-007 3.393400e-007 0.000000e+000
6.800000e+002 3.383258e-007 3.383258e-007 0.000000e+000
6.810000e+002 3.373161e-007 3.373161e-007 0.000000e+000
6.820000e+002 3.363107e-007 3.363107e-007 0.000000e+000
6.830000e+002 3.353098e-007 3.353098e-007 0.000000e+000
6.840000e+002 3.343131e-007 3.343131e-007 0.000000e+000
6.850000e+002 3.333208e-007 3.333208e-007 0.000000e+000
6.860000e+002 3.323327e-007 3.323327e-007 0.000000e+000
6.870000e+002 3.313489e-007 3.313489e-007 0.000000e+000
6.880000e+002 3.303694e-007 3.303694e-007 0.000000e+000
6.890000e+002 3.293940e-007 3.293940e-007 0.000000e+000
6.900000e+002 3.284229e-007 3.284229e-007 0.000000e+000
6.910000e+002 3.274559e-007 3.274559e-007 0.000000e+000
6.920000e+002 3.264930e-007 3.264930e-007 0.000000e+000
6.930000e+002 3.255343e-007 3.255343e-007 0.000000e+000
6.940000e+002 3.245796e-007 3.245796e-007 0.000000e+000
6.950000e+002 3.236290e-007 3.236290e-007 0.000000e+000
6.960000e+002 3.226825e-007 3.226825e-007 0.000000e+000
6.970000e+002 3.217399e-007 3.217399e-007 0.000000e+000
6.980000e+002 3.208013e-007 3.208013e-007 0.000000e+000
6.990000e+002 3.198668e-007 3.198668e-007 0.000000e+000
7.000000e+002 3.189361e-007 3.189361e-007 0.000000e+000
