1.000000e+000 1.355573e-001 1.355573e-001 0.000000e+000
2.000000e+000 3.651395e-002 3.651395e-002 0.000000e+000
3.000000e+000 1.707296e-002 1.707296e-002 0.000000e+000
4.000000e+000 9.603543e-003 9.603543e-003 0.000000e+000
5.000000e+000 6.146260e-003 6.146260e-003 0.000000e+000
6.000000e+000 4.268240e-003 4.268240e-003 0.000000e+000
7.000000e+000 3.135849e-003 3.135849e-003 0.000000e+000
8.000000e+000 2.400884e-003 2.400884e-003 0.000000e+000
9.000000e+000 1.896995e-003 1.896995e-003 0.000000e+000
1.000000e+001 1.536566e-003 1.536566e-003 0.000000e+000
1.100000e+001 1.269890e-003 1.269890e-003 0.000000e+000
1.200000e+001 1.067060e-003 1.067060e-003 0.000000e+000
1.300000e+001 9.092109e-004 9.092109e-004 0.000000e+000
1.400000e+001 7.839625e-004 7.839625e-004 0.000000e+000
1.500000e+001 6.829184e-004 6.829184e-004 0.000000e+000
1.600000e+001 6.002212e-004 6.002212e-004 0.000000e+000
1.700000e+001 5.316839e-004 5.316839e-004 0.000000e+000
1.800000e+001 4.742489e-004 4.742489e-004 0.000000e+000
1.900000e+001 4.256416e-004 4.256416e-004 0.000000e+000
2.000000e+001 3.841416e-004 3.841416e-004 0.000000e+000
2.100000e+001 3.484277e-004 3.484277e-004 0.000000e+000
2.200000e+001 3.174724e-004 3.174724e-004 0.000000e+000
2.300000e+001 2.904662e-004 2.904662e-004 0.000000e+000
2.400000e+001 2.667650e-004 2.667650e-004 0.000000e+000
2.500000e+001 2.458506e-004 2.458506e-004 0.000000e+000
2.600000e+001 2.273027e-004 2.273027e-004 0.000000e+000
2.700000e+001 2.107773e-004 2.107773e-004 0.000000e+000
2.800000e+001 1.959906e-004 1.959906e-004 0.000000e+000
2.900000e+001 1.827071e-004 1.827071e-004 0.000000e+000
3.000000e+001 1.707296e-004 1.707296e-004 0.000000e+000
3.100000e+001 1.598925e-004 1.598925e-004 0.000000e+000
3.200000e+001 1.500553e-004 1.500553e-004 0.000000e+000
3.300000e+001 1.410989e-004 1.410989e-004 0.000000e+000
3.400000e+001 1.329210e-004 1.329210e-004 0.000000e+000
3.500000e+001 1.254340e-004 1.254340e-004 0.000000e+000
3.600000e+001 1.185622e-004 1.185622e-004 0.000000e+000
3.700000e+001 1.122401e-004 1.122401e-004 0.000000e+000
3.800000e+001 1.064104e-004 1.064104e-004 0.000000e+000
3.900000e+001 1.010234e-004 1.010234e-004 0.000000e+000
4.000000e+001 9.603541e-005 9.603541e-005 0.000000e+000
4.100000e+001 9.140789e-005 9.140789e-005 0.000000e+000
4.200000e+001 8.710695e-005 8.710695e-005 0.000000e+000
4.300000e+001 8.310258e-005 8.310258e-005 0.000000e+000
4.400000e+001 7.936811e-005 7.936811e-005 0.000000e+000
4.500000e+001 7.587984e-005 7.587984e-005 0.000000e+000
4.600000e+001 7.261657e-005 7.261657e-005 0.000000e+000
4.700000e+001 6.955938e-005 6.955938e-005 0.000000e+000
4.800000e+001 6.669127e-005 6.669127e-005 0.000000e+000
4.900000e+001 6.399695e-005 6.399695e-005 0.000000e+000
5.000000e+001 6.146267e-005 6.146267e-005 0.000000e+000
5.100000e+001 5.907600e-005 5.907600e-005 0.000000e+000
5.200000e+001 5.682570e-005 5.682570e-005 0.000000e+000
5.300000e+001 5.470156e-005 5.470156e-005 0.000000e+000
5.400000e+001 5.269434e-005 5.269434e-005 0.000000e+000
5.500000e+001 5.079560e-005 5.079560e-005 0.000000e+000
5.600000e+001 4.899767e-005 4.899767e-005 0.000000e+000
5.700000e+001 4.729353e-005 4.729353e-005 0.000000e+000
5.800000e+001 4.567678e-005 4.567678e-005 0.000000e+000
5.900000e+001 4.414154e-005 4.414154e-005 0.000000e+000
6.000000e+001 4.268242e-005 4.268242e-005 0.000000e+000
6.100000e+001 4.129446e-005 4.129446e-005 0.000000e+000
6.200000e+001 3.997313e-005 3.997313e-005 0.000000e+000
6.300000e+001 3.871421e-005 3.871421e-005 0.000000e+000
6.400000e+001 3.751385e-005 3.751385e-005 0.000000e+000
6.500000e+001 3.636845e-005 3.636845e-005 0.000000e+000
6.600000e+001 3.527473e-005 3.527473e-005 0.000000e+000
6.700000e+001 3.422961e-005 3.422961e-005 0.000000e+000
6.800000e+001 3.323026e-005 3.323026e-005 0.000000e+000
6.900000e+001 3.227404e-005 3.227404e-005 0.000000e+000
7.000000e+001 3.135852e-005 3.135852e-005 0.000000e+000
7.100000e+001 3.048140e-005 3.048140e-005 0.000000e+000
7.200000e+001 2.964057e-005 2.964057e-005 0.000000e+000
7.300000e+001 2.883407e-005 2.883407e-005 0.000000e+000
7.400000e+001 2.806003e-005 2.806003e-005 0.000000e+000
7.500000e+001 2.731675e-005 2.731675e-005 0.000000e+000
7.600000e+001 2.660262e-005 2.660262e-005 0.000000e+000
7.700000e+001 2.591613e-005 2.591613e-005 0.000000e+000
7.800000e+001 2.525588e-005 2.525588e-005 0.000000e+000
7.900000e+001 2.462053e-005 2.462053e-005 0.000000e+000
8.000000e+001 2.400887e-005 2.400887e-005 0.000000e+000
8.100000e+001 2.341972e-005 2.341972e-005 0.000000e+000
8.200000e+001 2.285199e-005 2.285199e-005 0.000000e+000
8.300000e+001 2.230465e-005 2.230465e-005 0.000000e+000
8.400000e+001 2.177675e-005 2.177675e-005 0.000000e+000
8.500000e+001 2.126737e-005 2.126737e-005 0.000000e+000
8.600000e+001 2.077566e-005 2.077566e-005 0.000000e+000
8.700000e+001 2.030080e-005 2.030080e-005 0.000000e+000
8.800000e+001 1.984204e-005 1.984204e-005 0.000000e+000
8.900000e+001 1.939866e-005 1.939866e-005 0.000000e+000
9.000000e+001 1.896997e-005 1.896997e-005 0.000000e+000
9.100000e+001 1.855534e-005 1.855534e-005 0.000000e+000
9.200000e+001 1.815416e-005 1.815416e-005 0.000000e+000
9.300000e+001 1.776585e-005 1.776585e-005 0.000000e+000
9.400000e+001 1.738986e-005 1.738986e-005 0.000000e+000
9.500000e+001 1.702568e-005 1.702568e-005 0.000000e+000
9.600000e+001 1.667283e-005 1.667283e-005 0.000000e+000
9.700000e+001 1.633083e-005 1.633083e-005 0.000000e+000
9.800000e+001 1.599925e-005 1.599925e-005 0.000000e+000
9.900000e+001 1.567767e-005 1.567767e-005 0.000000e+000
1.000000e+002 1.536568e-005 1.536568e-005 0.000000e+000
1.010000e+002 1.506292e-005 1.506292e-005 0.000000e+000
1.020000e+002 1.476901e-005 1.476901e-005 0.000000e+000
1.030000e+002 1.448363e-005 1.448363e-005 0.000000e+000
1.040000e+002 1.420644e-005 1.420644e-005 0.000000e+000
1.050000e+002 1.393713e-005 1.393713e-005 0.000000e+000
1.060000e+002 1.367540e-005 1.367540e-005 0.000000e+000
1.070000e+002 1.342098e-005 1.342098e-005 0.000000e+000
1.080000e+002 1.317360e-005 1.317360e-005 0.000000e+000
1.090000e+002 1.293299e-005 1.293299e-005 0.000000e+000
1.100000e+002 1.269891e-005 1.269891e-005 0.000000e+000
1.110000e+002 1.247114e-005 1.247114e-005 0.000000e+000
1.120000e+002 1.224943e-005 1.224943e-005 0.000000e+000
1.130000e+002 1.203359e-005 1.203359e-005 0.000000e+000
1.140000e+002 1.182340e-005 1.182340e-005 0.000000e+000
1.150000e+002 1.161867e-005 1.161867e-005 0.000000e+000
1.160000e+002 1.141921e-005 1.141921e-005 0.000000e+000
1.170000e+002 1.122484e-005 1.122484e-005 0.000000e+000
1.180000e+002 1.103540e-005 1.103540e-005 0.000000e+000
1.190000e+002 1.085071e-005 1.085071e-005 0.000000e+000
1.200000e+002 1.067062e-005 1.067062e-005 0.000000e+000
1.210000e+002 1.049497e-005 1.049497e-005 0.000000e+000
1.220000e+002 1.032363e-005 1.032363e-005 0.000000e+000
1.230000e+002 1.015645e-005 1.015645e-005 0.000000e+000
1.240000e+002 9.993296e-006 9.993296e-006 0.000000e+000
1.250000e+002 9.834043e-006 9.834043e-006 0.000000e+000
1.260000e+002 9.678567e-006 9.678567e-006 0.000000e+000
1.270000e+002 9.526749e-006 9.526749e-006 0.000000e+000
1.280000e+002 9.378476e-006 9.378476e-006 0.000000e+000
1.290000e+002 9.233637e-006 9.233637e-006 0.000000e+000
1.300000e+002 9.092127e-006 9.092127e-006 0.000000e+000
1.310000e+002 8.953846e-006 8.953846e-006 0.000000e+000
1.320000e+002 8.818696e-006 8.818696e-006 0.000000e+000
1.330000e+002 8.686583e-006 8.686583e-006 0.000000e+000
1.340000e+002 8.557417e-006 8.557417e-006 0.000000e+000
1.350000e+002 8.431110e-006 8.431110e-006 0.000000e+000
1.360000e+002 8.307579e-006 8.307579e-006 0.000000e+000
1.370000e+002 8.186743e-006 8.186743e-006 0.000000e+000
1.380000e+002 8.068525e-006 8.068525e-006 0.000000e+000
1.390000e+002 7.952849e-006 7.952849e-006 0.000000e+000
1.400000e+002 7.839643e-006 7.839643e-006 0.000000e+000
1.410000e+002 7.728837e-006 7.728837e-006 0.000000e+000
1.420000e+002 7.620364e-006 7.620364e-006 0.000000e+000
1.430000e+002 7.514158e-006 7.514158e-006 0.000000e+000
1.440000e+002 7.410157e-006 7.410157e-006 0.000000e+000
1.450000e+002 7.308301e-006 7.308301e-006 0.000000e+000
1.460000e+002 7.208531e-006 7.208531e-006 0.000000e+000
1.470000e+002 7.110789e-006 7.110789e-006 0.000000e+000
1.480000e+002 7.015022e-006 7.015022e-006 0.000000e+000
1.490000e+002 6.921177e-006 6.921177e-006 0.000000e+000
1.500000e+002 6.829203e-006 6.829203e-006 0.000000e+000
1.510000e+002 6.739049e-006 6.739049e-006 0.000000e+000
1.520000e+002 6.650670e-006 6.650670e-006 0.000000e+000
1.530000e+002 6.564017e-006 6.564017e-006 0.000000e+000
1.540000e+002 6.479047e-006 6.479047e-006 0.000000e+000
1.550000e+002 6.395716e-006 6.395716e-006 0.000000e+000
1.560000e+002 6.313983e-006 6.313983e-006 0.000000e+000
1.570000e+002 6.233807e-006 6.233807e-006 0.000000e+000
1.580000e+002 6.155148e-006 6.155148e-006 0.000000e+000
1.590000e+002 6.077968e-006 6.077968e-006 0.000000e+000
1.600000e+002 6.002231e-006 6.002231e-006 0.000000e+000
1.610000e+002 5.927901e-006 5.927901e-006 0.000000e+000
1.620000e+002 5.854943e-006 5.854943e-006 0.000000e+000
1.630000e+002 5.783324e-006 5.783324e-006 0.000000e+000
1.640000e+002 5.713011e-006 5.713011e-006 0.000000e+000
1.650000e+002 5.643972e-006 5.643972e-006 0.000000e+000
1.660000e+002 5.576178e-006 5.576178e-006 0.000000e+000
1.670000e+002 5.509597e-006 5.509597e-006 0.000000e+000
1.680000e+002 5.444202e-006 5.444202e-006 0.000000e+000
1.690000e+002 5.379965e-006 5.379965e-006 0.000000e+000
1.700000e+002 5.316857e-006 5.316857e-006 0.000000e+000
1.710000e+002 5.254854e-006 5.254854e-006 0.000000e+000
1.720000e+002 5.193929e-006 5.193929e-006 0.000000e+000
1.730000e+002 5.134057e-006 5.134057e-006 0.000000e+000
1.740000e+002 5.075215e-006 5.075215e-006 0.000000e+000
1.750000e+002 5.017378e-006 5.017378e-006 0.000000e+000
1.760000e+002 4.960525e-006 4.960525e-006 0.000000e+000
1.770000e+002 4.904632e-006 4.904632e-006 0.000000e+000
1.780000e+002 4.849679e-006 4.849679e-006 0.000000e+000
1.790000e+002 4.795644e-006 4.795644e-006 0.000000e+000
1.800000e+002 4.742508e-006 4.742508e-006 0.000000e+000
1.810000e+002 4.690249e-006 4.690249e-006 0.000000e+000
1.820000e+002 4.638850e-006 4.638850e-006 0.000000e+000
1.830000e+002 4.588291e-006 4.588291e-006 0.000000e+000
1.840000e+002 4.538554e-006 4.538554e-006 0.000000e+000
1.850000e+002 4.489621e-006 4.489621e-006 0.000000e+000
1.860000e+002 4.441476e-006 4.441476e-006 0.000000e+000
1.870000e+002 4.394100e-006 4.394100e-006 0.000000e+000
1.880000e+002 4.347479e-006 4.347479e-006 0.000000e+000
1.890000e+002 4.301596e-006 4.301596e-006 0.000000e+000
1.900000e+002 4.256435e-006 4.256435e-006 0.000000e+000
1.910000e+002 4.211982e-006 4.211982e-006 0.000000e+000
1.920000e+002 4.168222e-006 4.168222e-006 0.000000e+000
1.930000e+002 4.125140e-006 4.125140e-006 0.000000e+000
1.940000e+002 4.082723e-006 4.082723e-006 0.000000e+000
1.950000e+002 4.040956e-006 4.040956e-006 0.000000e+000
1.960000e+002 3.999827e-006 3.999827e-006 0.000000e+000
1.970000e+002 3.959323e-006 3.959323e-006 0.000000e+000
1.980000e+002 3.919431e-006 3.919431e-006 0.000000e+000
1.990000e+002 3.880139e-006 3.880139e-006 0.000000e+000
2.000000e+002 3.841435e-006 3.841435e-006 0.000000e+000
2.010000e+002 3.803307e-006 3.803307e-006 0.000000e+000
2.020000e+002 3.765744e-006 3.765744e-006 0.000000e+000
2.030000e+002 3.728734e-006 3.728734e-006 0.000000e+000
2.040000e+002 3.692268e-006 3.692268e-006 0.000000e+000
2.050000e+002 3.656334e-006 3.656334e-006 0.000000e+000
2.060000e+002 3.620922e-006 3.620922e-006 0.000000e+000
2.070000e+002 3.586022e-006 3.586022e-006 0.000000e+000
2.080000e+002 3.551624e-006 3.551624e-006 0.000000e+000
2.090000e+002 3.517718e-006 3.517718e-006 0.000000e+000
2.100000e+002 3.484296e-006 3.484296e-006 0.000000e+000
2.110000e+002 3.451348e-006 3.451348e-006 0.000000e+000
2.120000e+002 3.418865e-006 3.418865e-006 0.000000e+000
2.130000e+002 3.386839e-006 3.386839e-006 0.000000e+000
2.140000e+002 3.355260e-006 3.355260e-006 0.000000e+000
2.150000e+002 3.324121e-006 3.324121e-006 0.000000e+000
2.160000e+002 3.293414e-006 3.293414e-006 0.000000e+000
2.170000e+002 3.263130e-006 3.263130e-006 0.000000e+000
2.180000e+002 3.233262e-006 3.233262e-006 0.000000e+000
2.190000e+002 3.203802e-006 3.203802e-006 0.000000e+000
2.200000e+002 3.174743e-006 3.174743e-006 0.000000e+000
2.210000e+002 3.146077e-006 3.146077e-006 0.000000e+000
2.220000e+002 3.117798e-006 3.117798e-006 0.000000e+000
2.230000e+002 3.089899e-006 3.089899e-006 0.000000e+000
2.240000e+002 3.062372e-006 3.062372e-006 0.000000e+000
2.250000e+002 3.035212e-006 3.035212e-006 0.000000e+000
2.260000e+002 3.008411e-006 3.008411e-006 0.000000e+000
2.270000e+002 2.981964e-006 2.981964e-006 0.000000e+000
2.280000e+002 2.955864e-006 2.955864e-006 0.000000e+000
2.290000e+002 2.930105e-006 2.930105e-006 0.000000e+000
2.300000e+002 2.904681e-006 2.904681e-006 0.000000e+000
2.310000e+002 2.879587e-006 2.879587e-006 0.000000e+000
2.320000e+002 2.854817e-006 2.854817e-006 0.000000e+000
2.330000e+002 2.830365e-006 2.830365e-006 0.000000e+000
2.340000e+002 2.806225e-006 2.806225e-006 0.000000e+000
2.350000e+002 2.782393e-006 2.782393e-006 0.000000e+000
2.360000e+002 2.758864e-006 2.758864e-006 0.000000e+000
2.370000e+002 2.735632e-006 2.735632e-006 0.000000e+000
2.380000e+002 2.712692e-006 2.712692e-006 0.000000e+000
2.390000e+002 2.690039e-006 2.690039e-006 0.000000e+000
2.400000e+002 2.667669e-006 2.667669e-006 0.000000e+000
2.410000e+002 2.645577e-006 2.645577e-006 0.000000e+000
2.420000e+002 2.623758e-006 2.623758e-006 0.000000e+000
2.430000e+002 2.602208e-006 2.602208e-006 0.000000e+000
2.440000e+002 2.580922e-006 2.580922e-006 0.000000e+000
2.450000e+002 2.559896e-006 2.559896e-006 0.000000e+000
2.460000e+002 2.539126e-006 2.539126e-006 0.000000e+000
2.470000e+002 2.518609e-006 2.518609e-006 0.000000e+000
2.480000e+002 2.498338e-006 2.498338e-006 0.000000e+000
2.490000e+002 2.478312e-006 2.478312e-006 0.000000e+000
2.500000e+002 2.458525e-006 2.458525e-006 0.000000e+000
2.510000e+002 2.438974e-006 2.438974e-006 0.000000e+000
2.520000e+002 2.419656e-006 2.419656e-006 0.000000e+000
2.530000e+002 2.400566e-006 2.400566e-006 0.000000e+000
2.540000e+002 2.381702e-006 2.381702e-006 0.000000e+000
2.550000e+002 2.363058e-006 2.363058e-006 0.000000e+000
2.560000e+002 2.344633e-006 2.344633e-006 0.000000e+000
2.570000e+002 2.326423e-006 2.326423e-006 0.000000e+000
2.580000e+002 2.308423e-006 2.308423e-006 0.000000e+000
2.590000e+002 2.290632e-006 2.290632e-006 0.000000e+000
2.600000e+002 2.273046e-006 2.273046e-006 0.000000e+000
2.610000e+002 2.255662e-006 2.255662e-006 0.000000e+000
2.620000e+002 2.238476e-006 2.238476e-006 0.000000e+000
2.630000e+002 2.221486e-006 2.221486e-006 0.000000e+000
2.640000e+002 2.204688e-006 2.204688e-006 0.000000e+000
2.650000e+002 2.188081e-006 2.188081e-006 0.000000e+000
2.660000e+002 2.171660e-006 2.171660e-006 0.000000e+000
2.670000e+002 2.155423e-006 2.155423e-006 0.000000e+000
2.680000e+002 2.139368e-006 2.139368e-006 0.000000e+000
2.690000e+002 2.123492e-006 2.123492e-006 0.000000e+000
2.700000e+002 2.107792e-006 2.107792e-006 0.000000e+000
2.710000e+002 2.092265e-006 2.092265e-006 0.000000e+000
2.720000e+002 2.076909e-006 2.076909e-006 0.000000e+000
2.730000e+002 2.061722e-006 2.061722e-006 0.000000e+000
2.740000e+002 2.046700e-006 2.046700e-006 0.000000e+000
2.750000e+002 2.031842e-006 2.031842e-006 0.000000e+000
2.760000e+002 2.017146e-006 2.017146e-006 0.000000e+000
2.770000e+002 2.002608e-006 2.002608e-006 0.000000e+000
2.780000e+002 1.988226e-006 1.988226e-006 0.000000e+000
2.790000e+002 1.974000e-006 1.974000e-006 0.000000e+000
2.800000e+002 1.959925e-006 1.959925e-006 0.000000e+000
2.810000e+002 1.946000e-006 1.946000e-006 0.000000e+000
2.820000e+002 1.932223e-006 1.932223e-006 0.000000e+000
2.830000e+002 1.918592e-006 1.918592e-006 0.000000e+000
2.840000e+002 1.905105e-006 1.905105e-006 0.000000e+000
2.850000e+002 1.891760e-006 1.891760e-006 0.000000e+000
2.860000e+002 1.878554e-006 1.878554e-006 0.000000e+000
2.870000e+002 1.865486e-006 1.865486e-006 0.000000e+000
2.880000e+002 1.852554e-006 1.852554e-006 0.000000e+000
2.890000e+002 1.839755e-006 1.839755e-006 0.000000e+000
2.900000e+002 1.827089e-006 1.827089e-006 0.000000e+000
2.910000e+002 1.814554e-006 1.814554e-006 0.000000e+000
2.920000e+002 1.802147e-006 1.802147e-006 0.000000e+000
2.930000e+002 1.789867e-006 1.789867e-006 0.000000e+000
2.940000e+002 1.777711e-006 1.777711e-006 0.000000e+000
2.950000e+002 1.765680e-006 1.765680e-006 0.000000e+000
2.960000e+002 1.753770e-006 1.753770e-006 0.000000e+000
2.970000e+002 1.741980e-006 1.741980e-006 0.000000e+000
2.980000e+002 1.730308e-006 1.730308e-006 0.000000e+000
2.990000e+002 1.718754e-006 1.718754e-006 0.000000e+000
3.000000e+002 1.707315e-006 1.707315e-006 0.000000e+000
3.010000e+002 1.695990e-006 1.695990e-006 0.000000e+000
3.020000e+002 1.684777e-006 1.684777e-006 0.000000e+000
3.030000e+002 1.673674e-006 1.673674e-006 0.000000e+000
3.040000e+002 1.662682e-006 1.662682e-006 0.000000e+000
3.050000e+002 1.651797e-006 1.651797e-006 0.000000e+000
3.060000e+002 1.641018e-006 1.641018e-006 0.000000e+000
3.070000e+002 1.630345e-006 1.630345e-006 0.000000e+000
3.080000e+002 1.619776e-006 1.619776e-006 0.000000e+000
3.090000e+002 1.609309e-006 1.609309e-006 0.000000e+000
3.100000e+002 1.598943e-006 1.598943e-006 0.000000e+000
3.110000e+002 1.588677e-006 1.588677e-006 0.000000e+000
3.120000e+002 1.578510e-006 1.578510e-006 0.000000e+000
3.130000e+002 1.568440e-006 1.568440e-006 0.000000e+000
3.140000e+002 1.558466e-006 1.558466e-006 0.000000e+000
3.150000e+002 1.548587e-006 1.548587e-006 0.000000e+000
3.160000e+002 1.538801e-006 1.538801e-006 0.000000e+000
3.170000e+002 1.529108e-006 1.529108e-006 0.000000e+000
3.180000e+002 1.519506e-006 1.519506e-006 0.000000e+000
3.190000e+002 1.509995e-006 1.509995e-006 0.000000e+000
3.200000e+002 1.500572e-006 1.500572e-006 0.000000e+000
3.210000e+002 1.491237e-006 1.491237e-006 0.000000e+000
3.220000e+002 1.481989e-006 1.481989e-006 0.000000e+000
3.230000e+002 1.472827e-006 1.472827e-006 0.000000e+000
3.240000e+002 1.463750e-006 1.463750e-006 0.000000e+000
3.250000e+002 1.454756e-006 1.454756e-006 0.000000e+000
3.260000e+002 1.445845e-006 1.445845e-006 0.000000e+000
3.270000e+002 1.437016e-006 1.437016e-006 0.000000e+000
3.280000e+002 1.428267e-006 1.428267e-006 0.000000e+000
3.290000e+002 1.419598e-006 1.419598e-006 0.000000e+000
3.300000e+002 1.411007e-006 1.411007e-006 0.000000e+000
3.310000e+002 1.402495e-006 1.402495e-006 0.000000e+000
3.320000e+002 1.394059e-006 1.394059e-006 0.000000e+000
3.330000e+002 1.385699e-006 1.385699e-006 0.000000e+000
3.340000e+002 1.377414e-006 1.377414e-006 0.000000e+000
3.350000e+002 1.369203e-006 1.369203e-006 0.000000e+000
3.360000e+002 1.361065e-006 1.361065e-006 0.000000e+000
3.370000e+002 1.352999e-006 1.352999e-006 0.000000e+000
3.380000e+002 1.345005e-006 1.345005e-006 0.000000e+000
3.390000e+002 1.337082e-006 1.337082e-006 0.000000e+000
3.400000e+002 1.329229e-006 1.329229e-006 0.000000e+000
3.410000e+002 1.321444e-006 1.321444e-006 0.000000e+000
3.420000e+002 1.313728e-006 1.313728e-006 0.000000e+000
3.430000e+002 1.306079e-006 1.306079e-006 0.000000e+000
3.440000e+002 1.298496e-006 1.298496e-006 0.000000e+000
3.450000e+002 1.290980e-006 1.290980e-006 0.000000e+000
3.460000e+002 1.283529e-006 1.283529e-006 0.000000e+000
3.470000e+002 1.276141e-006 1.276141e-006 0.000000e+000
3.480000e+002 1.268818e-006 1.268818e-006 0.000000e+000
3.490000e+002 1.261557e-006 1.261557e-006 0.000000e+000
3.500000e+002 1.254359e-006 1.254359e-006 0.000000e+000
3.510000e+002 1.247222e-006 1.247222e-006 0.000000e+000
3.520000e+002 1.240145e-006 1.240145e-006 0.000000e+000
3.530000e+002 1.233129e-006 1.233129e-006 0.000000e+000
3.540000e+002 1.226172e-006 1.226172e-006 0.000000e+000
3.550000e+002 1.219274e-006 1.219274e-006 0.000000e+000
3.560000e+002 1.212434e-006 1.212434e-006 0.000000e+000
3.570000e+002 1.205651e-006 1.205651e-006 0.000000e+000
3.580000e+002 1.198925e-006 1.198925e-006 0.000000e+000
3.590000e+002 1.192255e-006 1.192255e-006 0.000000e+000
3.600000e+002 1.185641e-006 1.185641e-006 0.000000e+000
3.610000e+002 1.179082e-006 1.179082e-006 0.000000e+000
3.620000e+002 1.172577e-006 1.172577e-006 0.000000e+000
3.630000e+002 1.166125e-006 1.166125e-006 0.000000e+000
3.640000e+002 1.159727e-006 1.159727e-006 0.000000e+000
3.650000e+002 1.153381e-006 1.153381e-006 0.000000e+000
3.660000e+002 1.147087e-006 1.147087e-006 0.000000e+000
3.670000e+002 1.140844e-006 1.140844e-006 0.000000e+000
3.680000e+002 1.134653e-006 1.134653e-006 0.000000e+000
3.690000e+002 1.128511e-006 1.128511e-006 0.000000e+000
3.700000e+002 1.122419e-006 1.122419e-006 0.000000e+000
3.710000e+002 1.116377e-006 1.116377e-006 0.000000e+000
3.720000e+002 1.110383e-006 1.110383e-006 0.000000e+000
3.730000e+002 1.104437e-006 1.104437e-006 0.000000e+000
3.740000e+002 1.098539e-006 1.098539e-006 0.000000e+000
3.750000e+002 1.092688e-006 1.092688e-006 0.000000e+000
3.760000e+002 1.086884e-006 1.086884e-006 0.000000e+000
3.770000e+002 1.081126e-006 1.081126e-006 0.000000e+000
3.780000e+002 1.075413e-006 1.075413e-006 0.000000e+000
3.790000e+002 1.069746e-006 1.069746e-006 0.000000e+000
3.800000e+002 1.064123e-006 1.064123e-006 0.000000e+000
3.810000e+002 1.058545e-006 1.058545e-006 0.000000e+000
3.820000e+002 1.053010e-006 1.053010e-006 0.000000e+000
3.830000e+002 1.047518e-006 1.047518e-006 0.000000e+000
3.840000e+002 1.042070e-006 1.042070e-006 0.000000e+000
3.850000e+002 1.036663e-006 1.036663e-006 0.000000e+000
3.860000e+002 1.031299e-006 1.031299e-006 0.000000e+000
3.870000e+002 1.025976e-006 1.025976e-006 0.000000e+000
3.880000e+002 1.020695e-006 1.020695e-006 0.000000e+000
3.890000e+002 1.015454e-006 1.015454e-006 0.000000e+000
3.900000e+002 1.010253e-006 1.010253e-006 0.000000e+000
3.910000e+002 1.005092e-006 1.005092e-006 0.000000e+000
3.920000e+002 9.999710e-007 9.999710e-007 0.000000e+000
3.930000e+002 9.948887e-007 9.948887e-007 0.000000e+000
3.940000e+002 9.898450e-007 9.898450e-007 0.000000e+000
3.950000e+002 9.848395e-007 9.848395e-007 0.000000e+000
3.960000e+002 9.798720e-007 9.798720e-007 0.000000e+000
3.970000e+002 9.749419e-007 9.749419e-007 0.000000e+000
3.980000e+002 9.700489e-007 9.700489e-007 0.000000e+000
3.990000e+002 9.651927e-007 9.651927e-007 0.000000e+000
4.000000e+002 9.603729e-007 9.603729e-007 0.000000e+000
4.010000e+002 9.555891e-007 9.555891e-007 0.000000e+000
4.020000e+002 9.508409e-007 9.508409e-007 0.000000e+000
4.030000e+002 9.461280e-007 9.461280e-007 0.000000e+000
4.040000e+002 9.414501e-007 9.414501e-007 0.000000e+000
4.050000e+002 9.368068e-007 9.368068e-007 0.000000e+000
4.060000e+002 9.321978e-007 9.321978e-007 0.000000e+000
4.070000e+002 9.276227e-007 9.276227e-007 0.000000e+000
4.080000e+002 9.230812e-007 9.230812e-007 0.000000e+000
4.090000e+002 9.185730e-007 9.185730e-007 0.000000e+000
4.100000e+002 9.140977e-007 9.140977e-007 0.000000e+000
4.110000e+002 9.096550e-007 9.096550e-007 0.000000e+000
4.120000e+002 9.052447e-007 9.052447e-007 0.000000e+000
4.130000e+002 9.008663e-007 9.008663e-007 0.000000e+000
4.140000e+002 8.965196e-007 8.965196e-007 0.000000e+000
4.150000e+002 8.922044e-007 8.922044e-007 0.000000e+000
4.160000e+002 8.879202e-007 8.879202e-007 0.000000e+000
4.170000e+002 8.836667e-007 8.836667e-007 0.000000e+000
4.180000e+002 8.794438e-007 8.794438e-007 0.000000e+000
4.190000e+002 8.752511e-007 8.752511e-007 0.000000e+000
4.200000e+002 8.710883e-007 8.710883e-007 0.000000e+000
4.210000e+002 8.669551e-007 8.669551e-007 0.000000e+000
4.220000e+002 8.628513e-007 8.628513e-007 0.000000e+000
4.230000e+002 8.587765e-007 8.587765e-007 0.000000e+000
4.240000e+002 8.547305e-007 8.547305e-007 0.000000e+000
4.250000e+002 8.507131e-007 8.507131e-007 0.000000e+000
4.260000e+002 8.467239e-007 8.467239e-007 0.000000e+000
4.270000e+002 8.427627e-007 8.427627e-007 0.000000e+000
4.280000e+002 8.388293e-007 8.388293e-007 0.000000e+000
4.290000e+002 8.349233e-007 8.349233e-007 0.000000e+000
4.300000e+002 8.310445e-007 8.310445e-007 0.000000e+000
4.310000e+002 8.271927e-007 8.271927e-007 0.000000e+000
4.320000e+002 8.233677e-007 8.233677e-007 0.000000e+000
4.330000e+002 8.195691e-007 8.195691e-007 0.000000e+000
4.340000e+002 8.157967e-007 8.157967e-007 0.000000e+000
4.350000e+002 8.120503e-007 8.120503e-007 0.000000e+000
4.360000e+002 8.083297e-007 8.083297e-007 0.000000e+000
4.370000e+002 8.046345e-007 8.046345e-007 0.000000e+000
4.380000e+002 8.009647e-007 8.009647e-007 0.000000e+000
4.390000e+002 7.973199e-007 7.973199e-007 0.000000e+000
4.400000e+002 7.936999e-007 7.936999e-007 0.000000e+000
4.410000e+002 7.901045e-007 7.901045e-007 0.000000e+000
4.420000e+002 7.865335e-007 7.865335e-007 0.000000e+000
4.430000e+002 7.829867e-007 7.829867e-007 0.000000e+000
4.440000e+002 7.794638e-007 7.794638e-007 0.000000e+000
4.450000e+002 7.759646e-007 7.759646e-007 0.000000e+000
4.460000e+002 7.724889e-007 7.724889e-007 0.000000e+000
4.470000e+002 7.690365e-007 7.690365e-007 0.000000e+000
4.480000e+002 7.656072e-007 7.656072e-007 0.000000e+000
4.490000e+002 7.622008e-007 7.622008e-007 0.000000e+000
4.500000e+002 7.588171e-007 7.588171e-007 0.000000e+000
4.510000e+002 7.554559e-007 7.554559e-007 0.000000e+000
4.520000e+002 7.521170e-007 7.521170e-007 0.000000e+000
4.530000e+002 7.488001e-007 7.488001e-007 0.000000e+000
4.540000e+002 7.455051e-007 7.455051e-007 0.000000e+000
4.550000e+002 7.422319e-007 7.422319e-007 0.000000e+000
4.560000e+002 7.389801e-007 7.389801e-007 0.000000e+000
4.570000e+002 7.357497e-007 7.357497e-007 0.000000e+000
4.580000e+002 7.325404e-007 7.325404e-007 0.000000e+000
4.590000e+002 7.293521e-007 7.293521e-007 0.000000e+000
4.600000e+002 7.261845e-007 7.261845e-007 0.000000e+000
4.610000e+002 7.230375e-007 7.230375e-007 0.000000e+000
4.620000e+002 7.199110e-007 7.199110e-007 0.000000e+000
4.630000e+002 7.168046e-007 7.168046e-007 0.000000e+000
4.640000e+002 7.137184e-007 7.137184e-007 0.000000e+000
4.650000e+002 7.106520e-007 7.106520e-007 0.000000e+000
4.660000e+002 7.076053e-007 7.076053e-007 0.000000e+000
4.670000e+002 7.045782e-007 7.045782e-007 0.000000e+000
4.680000e+002 7.015705e-007 7.015705e-007 0.000000e+000
4.690000e+002 6.985820e-007 6.985820e-007 0.000000e+000
4.700000e+002 6.956126e-007 6.956126e-007 0.000000e+000
4.710000e+002 6.926620e-007 6.926620e-007 0.000000e+000
4.720000e+002 6.897302e-007 6.897302e-007 0.000000e+000
4.730000e+002 6.868170e-007 6.868170e-007 0.000000e+000
4.740000e+002 6.839221e-007 6.839221e-007 0.000000e+000
4.750000e+002 6.810456e-007 6.810456e-007 0.000000e+000
4.760000e+002 6.781871e-007 6.781871e-007 0.000000e+000
4.770000e+002 6.753466e-007 6.753466e-007 0.000000e+000
4.780000e+002 6.725239e-007 6.725239e-007 0.000000e+000
4.790000e+002 6.697189e-007 6.697189e-007 0.000000e+000
4.800000e+002 6.669314e-007 6.669314e-007 0.000000e+000
4.810000e+002 6.641613e-007 6.641613e-007 0.000000e+000
4.820000e+002 6.614084e-007 6.614084e-007 0.000000e+000
4.830000e+002 6.586725e-007 6.586725e-007 0.000000e+000
4.840000e+002 6.559536e-007 6.559536e-007 0.000000e+000
4.850000e+002 6.532515e-007 6.532515e-007 0.000000e+000
4.860000e+002 6.505661e-007 6.505661e-007 0.000000e+000
4.870000e+002 6.478972e-007 6.478972e-007 0.000000e+000
4.880000e+002 6.452447e-007 6.452447e-007 0.000000e+000
4.890000e+002 6.426084e-007 6.426084e-007 0.000000e+000
4.900000e+002 6.399883e-007 6.399883e-007 0.000000e+000
4.910000e+002 6.373841e-007 6.373841e-007 0.000000e+000
4.920000e+002 6.347958e-007 6.347958e-007 0.000000e+000
4.930000e+002 6.322233e-007 6.322233e-007 0.000000e+000
4.940000e+002 6.296663e-007 6.296663e-007 0.000000e+000
4.950000e+002 6.271249e-007 6.271249e-007 0.000000e+000
4.960000e+002 6.245988e-007 6.245988e-007 0.000000e+000
4.970000e+002 6.220879e-007 6.220879e-007 0.000000e+000
4.980000e+002 6.195921e-007 6.195921e-007 0.000000e+000
4.990000e+002 6.171114e-007 6.171114e-007 0.000000e+000
5.000000e+002 6.146455e-007 6.146455e-007 0.000000e+000
5.010000e+002 6.121943e-007 6.121943e-007 0.000000e+000
5.020000e+002 6.097578e-007 6.097578e-007 0.000000e+000
5.030000e+002 6.073358e-007 6.073358e-007 0.000000e+000
5.040000e+002 6.049282e-007 6.049282e-007 0.000000e+000
5.050000e+002 6.025349e-007 6.025349e-007 0.000000e+000
5.060000e+002 6.001558e-007 6.001558e-007 0.000000e+000
5.070000e+002 5.977907e-007 5.977907e-007 0.000000e+000
5.080000e+002 5.954396e-007 5.954396e-007 0.000000e+000
5.090000e+002 5.931023e-007 5.931023e-007 0.000000e+000
5.100000e+002 5.907788e-007 5.907788e-007 0.000000e+000
5.110000e+002 5.884689e-007 5.884689e-007 0.000000e+000
5.120000e+002 5.861725e-007 5.861725e-007 0.000000e+000
5.130000e+002 5.838895e-007 5.838895e-007 0.000000e+000
5.140000e+002 5.816198e-007 5.816198e-007 0.000000e+000
5.150000e+002 5.793634e-007 5.793634e-007 0.000000e+000
5.160000e+002 5.771201e-007 5.771201e-007 0.000000e+000
5.170000e+002 5.748897e-007 5.748897e-007 0.000000e+000
5.180000e+002 5.726723e-007 5.726723e-007 0.000000e+000
5.190000e+002 5.704676e-007 5.704676e-007 0.000000e+000
5.200000e+002 5.682757e-007 5.682757e-007 0.000000e+000
5.210000e+002 5.660964e-007 5.660964e-007 0.000000e+000
5.220000e+002 5.639296e-007 5.639296e-007 0.000000e+000
5.230000e+002 5.617752e-007 5.617752e-007 0.000000e+000
5.240000e+002 5.596332e-007 5.596332e-007 0.000000e+000
5.250000e+002 5.575033e-007 5.575033e-007 0.000000e+000
5.260000e+002 5.553856e-007 5.553856e-007 0.000000e+000
5.270000e+002 5.532800e-007 5.532800e-007 0.000000e+000
5.280000e+002 5.511863e-007 5.511863e-007 0.000000e+000
5.290000e+002 5.491044e-007 5.491044e-007 0.000000e+000
5.300000e+002 5.470344e-007 5.470344e-007 0.000000e+000
5.310000e+002 5.449760e-007 5.449760e-007 0.000000e+000
5.320000e+002 5.429292e-007 5.429292e-007 0.000000e+000
5.330000e+002 5.408939e-007 5.408939e-007 0.000000e+000
5.340000e+002 5.388701e-007 5.388701e-007 0.000000e+000
5.350000e+002 5.368576e-007 5.368576e-007 0.000000e+000
5.360000e+002 5.348563e-007 5.348563e-007 0.000000e+000
5.370000e+002 5.328662e-007 5.328662e-007 0.000000e+000
5.380000e+002 5.308872e-007 5.308872e-007 0.000000e+000
5.390000e+002 5.289192e-007 5.289192e-007 0.000000e+000
5.400000e+002 5.269621e-007 5.269621e-007 0.000000e+000
5.410000e+002 5.250159e-007 5.250159e-007 0.000000e+000
5.420000e+002 5.230804e-007 5.230804e-007 0.000000e+000
5.430000e+002 5.211556e-007 5.211556e-007 0.000000e+000
5.440000e+002 5.192415e-007 5.192415e-007 0.000000e+000
5.450000e+002 5.173378e-007 5.173378e-007 0.000000e+000
5.460000e+002 5.154446e-007 5.154446e-007 0.000000e+000
5.470000e+002 5.135618e-007 5.135618e-007 0.000000e+000
5.480000e+002 5.116892e-007 5.116892e-007 0.000000e+000
5.490000e+002 5.098269e-007 5.098269e-007 0.000000e+000
5.500000e+002 5.079748e-007 5.079748e-007 0.000000e+000
5.510000e+002 5.061327e-007 5.061327e-007 0.000000e+000
5.520000e+002 5.043006e-007 5.043006e-007 0.000000e+000
5.530000e+002 5.024784e-007 5.024784e-007 0.000000e+000
5.540000e+002 5.006661e-007 5.006661e-007 0.000000e+000
5.550000e+002 4.988636e-007 4.988636e-007 0.000000e+000
5.560000e+002 4.970708e-007 4.970708e-007 0.000000e+000
5.570000e+002 4.952877e-007 4.952877e-007 0.000000e+000
5.580000e+002 4.935141e-007 4.935141e-007 0.000000e+000
5.590000e+002 4.917501e-007 4.917501e-007 0.000000e+000
5.600000e+002 4.899955e-007 4.899955e-007 0.000000e+000
5.610000e+002 4.882502e-007 4.882502e-007 0.000000e+000
5.620000e+002 4.865143e-007 4.865143e-007 0.000000e+000
5.630000e+002 4.847876e-007 4.847876e-007 0.000000e+000
5.640000e+002 4.830701e-007 4.830701e-007 0.000000e+000
5.650000e+002 4.813617e-007 4.813617e-007 0.000000e+000
5.660000e+002 4.796623e-007 4.796623e-007 0.000000e+000
5.670000e+002 4.779719e-007 4.779719e-007 0.000000e+000
5.680000e+002 4.762905e-007 4.762905e-007 0.000000e+000
5.690000e+002 4.746179e-007 4.746179e-007 0.000000e+000
5.700000e+002 4.729541e-007 4.729541e-007 0.000000e+000
5.710000e+002 4.712990e-007 4.712990e-007 0.000000e+000
5.720000e+002 4.696526e-007 4.696526e-007 0.000000e+000
5.730000e+002 4.680149e-007 4.680149e-007 0.000000e+000
5.740000e+002 4.663856e-007 4.663856e-007 0.000000e+000
5.750000e+002 4.647649e-007 4.647649e-007 0.000000e+000
5.760000e+002 4.631526e-007 4.631526e-007 0.000000e+000
5.770000e+002 4.615487e-007 4.615487e-007 0.000000e+000
5.780000e+002 4.599531e-007 4.599531e-007 0.000000e+000
5.790000e+002 4.583657e-007 4.583657e-007 0.000000e+000
5.800000e+002 4.567866e-007 4.567866e-007 0.000000e+000
5.810000e+002 4.552156e-007 4.552156e-007 0.000000e+000
5.820000e+002 4.536527e-007 4.536527e-007 0.000000e+000
5.830000e+002 4.520978e-007 4.520978e-007 0.000000e+000
5.840000e+002 4.505509e-007 4.505509e-007 0.000000e+000
5.850000e+002 4.490120e-007 4.490120e-007 0.000000e+000
5.860000e+002 4.474809e-007 4.474809e-007 0.000000e+000
5.870000e+002 4.459576e-007 4.459576e-007 0.000000e+000
5.880000e+002 4.444421e-007 4.444421e-007 0.000000e+000
5.890000e+002 4.429343e-007 4.429343e-007 0.000000e+000
5.900000e+002 4.414341e-007 4.414341e-007 0.000000e+000
5.910000e+002 4.399416e-007 4.399416e-007 0.000000e+000
5.920000e+002 4.384567e-007 4.384567e-007 0.000000e+000
5.930000e+002 4.369792e-007 4.369792e-007 0.000000e+000
5.940000e+002 4.355092e-007 4.355092e-007 0.000000e+000
5.950000e+002 4.340466e-007 4.340466e-007 0.000000e+000
5.960000e+002 4.325913e-007 4.325913e-007 0.000000e+000
5.970000e+002 4.311434e-007 4.311434e-007 0.000000e+000
5.980000e+002 4.297027e-007 4.297027e-007 0.000000e+000
5.990000e+002 4.282692e-007 4.282692e-007 0.000000e+000
6.000000e+002 4.268429e-007 4.268429e-007 0.000000e+000
6.010000e+002 4.254237e-007 4.254237e-007 0.000000e+000
6.020000e+002 4.240116e-007 4.240116e-007 0.000000e+000
6.030000e+002 4.226065e-007 4.226065e-007 0.000000e+000
6.040000e+002 4.212083e-007 4.212083e-007 0.000000e+000
6.050000e+002 4.198171e-007 4.198171e-007 0.000000e+000
6.060000e+002 4.184328e-007 4.184328e-007 0.000000e+000
6.070000e+002 4.170553e-007 4.170553e-007 0.000000e+000
6.080000e+002 4.156846e-007 4.156846e-007 0.000000e+000
6.090000e+002 4.143207e-007 4.143207e-007 0.000000e+000
6.100000e+002 4.129634e-007 4.129634e-007 0.000000e+000
6.110000e+002 4.116128e-007 4.116128e-007 0.000000e+000
6.120000e+002 4.102688e-007 4.102688e-007 0.000000e+000
6.130000e+002 4.089314e-007 4.089314e-007 0.000000e+000
6.140000e+002 4.076005e-007 4.076005e-007 0.000000e+000
6.150000e+002 4.062762e-007 4.062762e-007 0.000000e+000
6.160000e+002 4.049582e-007 4.049582e-007 0.000000e+000
6.170000e+002 4.036467e-007 4.036467e-007 0.000000e+000
6.180000e+002 4.023415e-007 4.023415e-007 0.000000e+000
6.190000e+002 4.010426e-007 4.010426e-007 0.000000e+000
6.200000e+002 3.997500e-007 3.997500e-007 0.000000e+000
6.210000e+002 3.984637e-007 3.984637e-007 0.000000e+000
6.220000e+002 3.971836e-007 3.971836e-007 0.000000e+000
6.230000e+002 3.959096e-007 3.959096e-007 0.000000e+000
6.240000e+002 3.946417e-007 3.946417e-007 0.000000e+000
6.250000e+002 3.933799e-007 3.933799e-007 0.000000e+000
6.260000e+002 3.921242e-007 3.921242e-007 0.000000e+000
6.270000e+002 3.908744e-007 3.908744e-007 0.000000e+000
6.280000e+002 3.896307e-007 3.896307e-007 0.000000e+000
6.290000e+002 3.883928e-007 3.883928e-007 0.000000e+000
6.300000e+002 3.871609e-007 3.871609e-007 0.000000e+000
6.310000e+002 3.859348e-007 3.859348e-007 0.000000e+000
6.320000e+002 3.847145e-007 3.847145e-007 0.000000e+000
6.330000e+002 3.835000e-007 3.835000e-007 0.000000e+000
6.340000e+002 3.822912e-007 3.822912e-007 0.000000e+000
6.350000e+002 3.810882e-007 3.810882e-007 0.000000e+000
6.360000e+002 3.798908e-007 3.798908e-007 0.000000e+000
6.370000e+002 3.786990e-007 3.786990e-007 0.000000e+000
6.380000e+002 3.775129e-007 3.775129e-007 0.000000e+000
6.390000e+002 3.763323e-007 3.763323e-007 0.000000e+000
6.400000e+002 3.751572e-007 3.751572e-007 0.000000e+000
6.410000e+002 3.739876e-007 3.739876e-007 0.000000e+000
6.420000e+002 3.728235e-007 3.728235e-007 0.000000e+000
6.430000e+002 3.716649e-007 3.716649e-007 0.000000e+000
6.440000e+002 3.705116e-007 3.705116e-007 0.000000e+000
6.450000e+002 3.693637e-007 3.693637e-007 0.000000e+000
6.460000e+002 3.682211e-007 3.682211e-007 0.000000e+000
6.470000e+002 3.670838e-007 3.670838e-007 0.000000e+000
6.480000e+002 3.659517e-007 3.659517e-007 0.000000e+000
6.490000e+002 3.648249e-007 3.648249e-007 0.000000e+000
6.500000e+002 3.637033e-007 3.637033e-007 0.000000e+000
6.510000e+002 3.625868e-007 3.625868e-007 0.000000e+000
6.520000e+002 3.614755e-007 3.614755e-007 0.000000e+000
6.530000e+002 3.603693e-007 3.603693e-007 0.000000e+000
6.540000e+002 3.592681e-007 3.592681e-007 0.000000e+000
6.550000e+002 3.581720e-007 3.581720e-007 0.000000e+000
6.560000e+002 3.570809e-007 3.570809e-007 0.000000e+000
6.570000e+002 3.559948e-007 3.559948e-007 0.000000e+000
6.580000e+002 3.549137e-007 3.549137e-007 0.000000e+000
6.590000e+002 3.538374e-007 3.538374e-007 0.000000e+000
6.600000e+002 3.527660e-007 3.527660e-007 0.000000e+000
6.610000e+002 3.516995e-007 3.516995e-007 0.000000e+000
6.620000e+002 3.506379e-007 3.506379e-007 0.000000e+000
6.630000e+002 3.495810e-007 3.495810e-007 0.000000e+000
6.640000e+002 3.485289e-007 3.485289e-007 0.000000e+000
6.650000e+002 3.474815e-007 3.474815e-007 0.000000e+000
6.660000e+002 3.464389e-007 3.464389e-007 0.000000e+000
6.670000e+002 3.454009e-007 3.454009e-007 0.000000e+000
6.680000e+002 3.443676e-007 3.443676e-007 0.000000e+000
6.690000e+002 3.433389e-007 3.433389e-007 0.000000e+000
6.700000e+002 3.423149e-007 3.423149e-007 0.000000e+000
6.710000e+002 3.412954e-007 3.412954e-007 0.000000e+000
6.720000e+002 3.402804e-007 3.402804e-007 0.000000e+000
6.730000e+002 3.392700e-007 3.392700e-007 0.000000e+000
6.740000e+002 3.382640e-007 3.382640e-007 0.000000e+000
6.750000e+002 3.372626e-007 3.372626e-007 0.000000e+000
6.760000e+002 3.362656e-007 3.362656e-007 0.000000e+000
6.770000e+002 3.352729e-007 3.352729e-007 0.000000e+000
6.780000e+002 3.342847e-007 3.342847e-007 0.000000e+000
6.790000e+002 3.333009e-007 3.333009e-007 0.000000e+000
6.800000e+002 3.323214e-007 3.323214e-007 0.000000e+000
6.810000e+002 3.313461e-007 3.313461e-007 0.000000e+000
6.820000e+002 3.303752e-007 3.303752e-007 0.000000e+000
6.830000e+002 3.294086e-007 3.294086e-007 0.000000e+000
6.840000e+002 3.284461e-007 3.284461e-007 0.000000e+000
6.850000e+002 3.274879e-007 3.274879e-007 0.000000e+000
6.860000e+002 3.265339e-007 3.265339e-007 0.000000e+000
6.870000e+002 3.255840e-007 3.255840e-007 0.000000e+000
6.880000e+002 3.246383e-007 3.246383e-007 0.000000e+000
6.890000e+002 3.236967e-007 3.236967e-007 0.000000e+000
6.900000e+002 3.227592e-007 3.227592e-007 0.000000e+000
6.910000e+002 3.218257e-007 3.218257e-007 0.000000e+000
6.920000e+002 3.208963e-007 3.208963e-007 0.000000e+000
6.930000e+002 3.199710e-007 3.199710e-007 0.000000e+000
6.940000e+002 3.190496e-007 3.190496e-007 0.000000e+000
6.950000e+002 3.181322e-007 3.181322e-007 0.000000e+000
6.960000e+002 3.172187e-007 3.172187e-007 0.000000e+000
6.970000e+002 3.163092e-007 3.163092e-007 0.000000e+000
6.980000e+002 3.154035e-007 3.154035e-007 0.000000e+000
6.990000e+002 3.145018e-007 3.145018e-007 0.000000e+000
7.000000e+002 3.136039e-007 3.136039e-007 0.000000e+000
