  0.0000000e+000  3.6683106e+000  0.0000000e+000
  4.0000000e+000  3.5121360e+000  1.4870606e-001
  8.0000000e+000 -8.7661276e+000 -4.6132469e+000
  1.2000000e+001 -6.5844772e+001 -8.0515413e+000
  1.6000000e+001 -1.1967389e+002 -7.3425360e+000
  2.0000000e+001 -1.3061609e+002 -5.8459649e+000
  2.4000000e+001 -1.2887271e+002 -8.6401215e+000
  2.8000000e+001 -1.3236896e+002 -9.9764271e+000
  3.2000000e+001 -1.3203134e+002 -8.4486189e+000
  3.6000000e+001 -1.2968666e+002 -5.7081976e+000
  4.0000000e+001 -1.2968706e+002 -4.9056497e+000
  4.4000000e+001 -1.2958922e+002 -6.4145050e+000
  4.8000000e+001 -1.2831131e+002 -6.7853012e+000
  5.2000000e+001 -1.2864906e+002 -5.4249277e+000
  5.6000000e+001 -1.2916318e+002 -4.1379623e+000
  6.0000000e+001 -1.2800151e+002 -5.1767902e+000
  6.4000000e+001 -1.2768863e+002 -5.9307370e+000
  6.8000000e+001 -1.2545859e+002 -6.7729735e+000
  7.2000000e+001 -1.2544014e+002 -6.9854779e+000
  7.6000000e+001 -1.2497270e+002 -6.4694986e+000
  8.0000000e+001 -1.2115648e+002 -9.5290480e+000
  8.4000000e+001 -1.2659915e+002 -1.5365524e+001
  8.8000000e+001 -1.3148465e+002 -1.2042930e+001
  9.2000000e+001 -1.2786215e+002 -1.1763739e+001
  9.6000000e+001 -1.3122870e+002 -1.7506058e+001
  1.0000000e+002 -1.3683858e+002 -1.0347651e+001
  1.0400000e+002 -1.3343777e+002 -6.2277918e+000
  1.0800000e+002 -1.3130957e+002 -9.3404551e+000
  1.1200000e+002 -1.3644170e+002 -1.2420722e+001
  1.1600000e+002 -1.3954454e+002 -6.8636065e+000
  1.2000000e+002 -1.3746823e+002 -3.7309661e+000
  1.2400000e+002 -1.3536482e+002 -3.7004077e+000
  1.2800000e+002 -1.3422012e+002 -3.8407366e+000
  1.3200000e+002 -1.3393954e+002 -4.1586919e+000
  1.3600000e+002 -1.3392363e+002 -3.7347908e+000
  1.4000000e+002 -1.3362918e+002 -3.9561355e+000
  1.4400000e+002 -1.3353545e+002 -4.2613611e+000
  1.4800000e+002 -1.3319376e+002 -3.2830460e+000
  1.5200000e+002 -1.3329280e+002 -2.3509326e+000
  1.5600000e+002 -1.3251633e+002 -1.7413411e+000
  1.6000000e+002 -1.3210236e+002 -2.2779973e+000
  1.6400000e+002 -1.3127374e+002 -3.8480086e+000
  1.6800000e+002 -1.3221547e+002 -5.6101928e+000
  1.7200000e+002 -1.3225548e+002 -4.6360846e+000
  1.7600000e+002 -1.3163261e+002 -3.8246639e+000
  1.8000000e+002 -1.2947565e+002 -4.2287683e+000
  1.8400000e+002 -1.2805675e+002 -7.3405066e+000
  1.8800000e+002 -1.3269453e+002 -1.0197616e+001
  1.9200000e+002 -1.3824298e+002 -8.1753235e+000
  1.9600000e+002 -1.3644852e+002 -5.6892595e+000
  2.0000000e+002 -1.3556274e+002 -4.0824037e+000
  2.0400000e+002 -1.3485176e+002 -3.3147042e+000
  2.0800000e+002 -1.3352417e+002 -2.8524046e+000
  2.1200000e+002 -1.3121300e+002 -4.7387953e+000
  2.1600000e+002 -1.3387106e+002 -8.4043055e+000
  2.2000000e+002 -1.3674825e+002 -6.0275035e+000
  2.2400000e+002 -1.3608678e+002 -4.3477292e+000
  2.2800000e+002 -1.3553563e+002 -3.3386192e+000
  2.3200000e+002 -1.3515977e+002 -2.0956724e+000
  2.3600000e+002 -1.3445464e+002 -2.1765141e+000
  2.4000000e+002 -1.3365881e+002 -1.8441168e+000
  2.4400000e+002 -1.3347847e+002 -2.7056379e+000
  2.4800000e+002 -1.3356097e+002 -3.5158131e+000
  2.5200000e+002 -1.3420818e+002 -3.6275744e+000
  2.5600000e+002 -1.3396347e+002 -3.5027466e+000
  2.6000000e+002 -1.3267534e+002 -3.1793251e+000
  2.6400000e+002 -1.3291997e+002 -4.7615690e+000
  2.6800000e+002 -1.3502306e+002 -5.3639431e+000
  2.7200000e+002 -1.3518190e+002 -3.7406578e+000
  2.7600000e+002 -1.3478200e+002 -3.3660736e+000
  2.8000000e+002 -1.3455775e+002 -3.8838332e+000
  2.8400000e+002 -1.3450504e+002 -4.9357710e+000
  2.8800000e+002 -1.3552242e+002 -4.0141945e+000
  2.9200000e+002 -1.3516008e+002 -2.8492568e+000
  2.9600000e+002 -1.3433249e+002 -2.8657129e+000
  3.0000000e+002 -1.3465765e+002 -3.2235744e+000
  3.0400000e+002 -1.3415462e+002 -3.4549513e+000
  3.0800000e+002 -1.3451236e+002 -4.9380407e+000
  3.1200000e+002 -1.3675104e+002 -4.6780753e+000
  3.1600000e+002 -1.3717140e+002 -3.7007728e+000
  3.2000000e+002 -1.3647411e+002 -2.6046348e+000
  3.2400000e+002 -1.3637758e+002 -1.8711048e+000
  3.2800000e+002 -1.3609749e+002 -1.4724915e+000
  3.3200000e+002 -1.3556711e+002  2.3980963e-001
  3.3600000e+002 -1.3337308e+002  1.0339360e+000
  3.4000000e+002 -1.3233195e+002 -6.6951549e-001
  3.4400000e+002 -1.3321776e+002 -1.5335190e+000
  3.4800000e+002 -1.3409615e+002 -2.2302191e+000
  3.5200000e+002 -1.3429286e+002 -2.2819846e+000
  3.5600000e+002 -1.3322481e+002 -1.9286829e+000
  3.6000000e+002 -1.3327902e+002 -1.4812628e+000
  3.6400000e+002 -1.3341943e+002 -1.6671463e+000
  3.6800000e+002 -1.3409856e+002 -1.6199679e+000
  3.7200000e+002 -1.3398976e+002 -1.5611676e+000
  3.7600000e+002 -1.3402188e+002 -1.4069209e+000
  3.8000000e+002 -1.3370573e+002 -1.4380755e+000
  3.8400000e+002 -1.3396288e+002 -2.4364178e+000
  3.8800000e+002 -1.3407220e+002 -2.4491885e+000
  3.9200000e+002 -1.3372095e+002 -1.8209220e+000
  3.9600000e+002 -1.3363631e+002 -1.7537853e+000
  4.0000000e+002 -1.3280013e+002 -1.5418282e+000
  4.0400000e+002 -1.3245432e+002 -1.9935380e+000
  4.0800000e+002 -1.3352647e+002 -2.5610125e+000
  4.1200000e+002 -1.3377295e+002 -2.1667211e+000
  4.1600000e+002 -1.3371819e+002 -1.8901492e+000
  4.2000000e+002 -1.3369194e+002 -1.3545637e+000
  4.2400000e+002 -1.3393529e+002 -1.2365370e+000
  4.2800000e+002 -1.3391406e+002 -1.5116699e+000
  4.3200000e+002 -1.3348808e+002 -9.6618795e-001
  4.3600000e+002 -1.3328949e+002 -6.3226777e-001
  4.4000000e+002 -1.3342332e+002 -9.6761084e-001
  4.4400000e+002 -1.3290750e+002 -1.0244850e+000
  4.4800000e+002 -1.3203517e+002 -1.0895509e+000
  4.5200000e+002 -1.3153185e+002 -1.6578702e+000
  4.5600000e+002 -1.3163837e+002 -1.6710198e+000
  4.6000000e+002 -1.3187491e+002 -1.4145286e+000
  4.6400000e+002 -1.3287521e+002 -8.9130646e-001
  4.6800000e+002 -1.3326024e+002 -2.0430753e+000
  4.7200000e+002 -1.3296411e+002 -2.6300082e+000
  4.7600000e+002 -1.3324797e+002 -2.5286865e+000
  4.8000000e+002 -1.3250505e+002 -1.4512514e+000
  4.8400000e+002 -1.3240100e+002 -1.4784830e+000
  4.8800000e+002 -1.3211600e+002 -2.1840980e+000
  4.9200000e+002 -1.3313544e+002 -2.3510067e+000
  4.9600000e+002 -1.3266859e+002 -1.6267508e+000
  5.0000000e+002 -1.3225768e+002 -1.8610438e+000
  5.0400000e+002 -1.3175804e+002 -1.1164416e+000
  5.0800000e+002 -1.3141231e+002 -1.1234319e+000
  5.1200000e+002 -1.3117287e+002 -1.0566691e+000
  5.1600000e+002 -1.3106244e+002 -1.6491781e+000
  5.2000000e+002 -1.3080606e+002 -1.6041435e+000
  5.2400000e+002 -1.3077942e+002 -2.1044226e+000
  5.2800000e+002 -1.3101845e+002 -1.9621192e+000
  5.3200000e+002 -1.3134694e+002 -1.8916701e+000
  5.3600000e+002 -1.3079706e+002 -1.7797230e+000
  5.4000000e+002 -1.3143192e+002 -1.1902730e+000
  5.4400000e+002 -1.3160902e+002 -1.4675391e+000
  5.4800000e+002 -1.3134200e+002 -1.9151827e+000
  5.5200000e+002 -1.3088022e+002 -1.9397092e+000
  5.5600000e+002 -1.3072742e+002 -1.8035809e+000
  5.6000000e+002 -1.3062701e+002 -1.1129661e+000
  5.6400000e+002 -1.3033607e+002 -1.4982767e+000
  5.6800000e+002 -1.3023474e+002 -1.2483824e+000
  5.7200000e+002 -1.3015495e+002 -1.1130829e+000
  5.7600000e+002 -1.3003288e+002 -2.0736802e+000
  5.8000000e+002 -1.2991167e+002 -1.1819052e+000
  5.8400000e+002 -1.2987294e+002 -1.0840667e+000
  5.8800000e+002 -1.3010556e+002 -1.3354001e+000
  5.9200000e+002 -1.3009407e+002 -1.5851763e+000
  5.9600000e+002 -1.2982153e+002 -1.4591172e+000
  6.0000000e+002 -1.2974416e+002 -1.7508793e+000
  6.0400000e+002 -1.2924866e+002 -2.1273379e+000
  6.0800000e+002 -1.2887460e+002 -1.7814147e+000
  6.1200000e+002 -1.2859799e+002 -2.1166062e+000
  6.1600000e+002 -1.2880960e+002 -2.7505071e+000
  6.2000000e+002 -1.2892018e+002 -2.5664015e+000
  6.2400000e+002 -1.2850963e+002 -2.8587081e+000
  6.2800000e+002 -1.2835078e+002 -2.4388561e+000
  6.3200000e+002 -1.2773242e+002 -2.3576598e+000
  6.3600000e+002 -1.2735589e+002 -2.6129239e+000
  6.4000000e+002 -1.2723660e+002 -2.8056395e+000
  6.4400000e+002 -1.2735766e+002 -2.6995511e+000
  6.4800000e+002 -1.2719548e+002 -2.0792215e+000
  6.5200000e+002 -1.2680744e+002 -2.5638080e+000
  6.5600000e+002 -1.2616935e+002 -3.0393913e+000
  6.6000000e+002 -1.2630251e+002 -3.4026828e+000
  6.6400000e+002 -1.2652994e+002 -3.5572071e+000
  6.6800000e+002 -1.2668233e+002 -3.3825271e+000
  6.7200000e+002 -1.2598138e+002 -3.2559578e+000
  6.7600000e+002 -1.2617392e+002 -2.6545796e+000
  6.8000000e+002 -1.2578632e+002 -3.8374326e+000
  6.8400000e+002 -1.2511239e+002 -4.0691524e+000
  6.8800000e+002 -1.2551042e+002 -3.7236354e+000
  6.9200000e+002 -1.2579725e+002 -4.1729116e+000
  6.9600000e+002 -1.2509345e+002 -4.7633619e+000
  7.0000000e+002 -1.2487088e+002 -4.3686662e+000
  7.0400000e+002 -1.2445203e+002 -4.7255926e+000
  7.0800000e+002 -1.2413990e+002 -5.2005124e+000
  7.1200000e+002 -1.2388940e+002 -4.7540178e+000
  7.1600000e+002 -1.2371117e+002 -4.6738276e+000
  7.2000000e+002 -1.2321059e+002 -5.3173456e+000
  7.2400000e+002 -1.2283913e+002 -5.4776716e+000
  7.2800000e+002 -1.2269666e+002 -6.0538654e+000
  7.3200000e+002 -1.2262936e+002 -6.2695847e+000
  7.3600000e+002 -1.2155766e+002 -6.3532162e+000
  7.4000000e+002 -1.2129682e+002 -6.3790245e+000
  7.4400000e+002 -1.2151207e+002 -6.9228530e+000
  7.4800000e+002 -1.2108182e+002 -7.3991537e+000
  7.5200000e+002 -1.2098205e+002 -7.4444904e+000
  7.5600000e+002 -1.2067912e+002 -7.6306176e+000
  7.6000000e+002 -1.2040971e+002 -8.2638979e+000
  7.6400000e+002 -1.1996122e+002 -8.2973318e+000
  7.6800000e+002 -1.1946912e+002 -8.9780550e+000
  7.7200000e+002 -1.1907933e+002 -9.6468620e+000
  7.7600000e+002 -1.1912391e+002 -9.3825378e+000
  7.8000000e+002 -1.1843439e+002 -1.0207483e+001
  7.8400000e+002 -1.1797476e+002 -1.1150098e+001
  7.8800000e+002 -1.1742877e+002 -1.1577987e+001
  7.9200000e+002 -1.1773695e+002 -1.1943443e+001
  7.9600000e+002 -1.1744733e+002 -1.2977957e+001
  8.0000000e+002 -1.1705406e+002 -1.3748563e+001
  8.0400000e+002 -1.1632106e+002 -1.3673088e+001
  8.0800000e+002 -1.1593909e+002 -1.4501363e+001
  8.1200000e+002 -1.1576905e+002 -1.5389007e+001
  8.1600000e+002 -1.1521320e+002 -1.6253561e+001
  8.2000000e+002 -1.1478280e+002 -1.6750387e+001
  8.2400000e+002 -1.1470162e+002 -1.7834854e+001
  8.2800000e+002 -1.1469262e+002 -1.8842093e+001
  8.3200000e+002 -1.1430891e+002 -1.9442978e+001
  8.3600000e+002 -1.1388061e+002 -2.0290520e+001
  8.4000000e+002 -1.1362389e+002 -2.1165194e+001
  8.4400000e+002 -1.1325520e+002 -2.2720917e+001
  8.4800000e+002 -1.1301098e+002 -2.3971609e+001
  8.5200000e+002 -1.1325199e+002 -2.4727850e+001
  8.5600000e+002 -1.1325433e+002 -2.5593100e+001
  8.6000000e+002 -1.1338155e+002 -2.7100349e+001
  8.6400000e+002 -1.1309429e+002 -2.8695856e+001
  8.6800000e+002 -1.1362133e+002 -3.0549143e+001
  8.7200000e+002 -1.1356674e+002 -3.1806244e+001
  8.7600000e+002 -1.1332053e+002 -3.3421322e+001
  8.8000000e+002 -1.1355088e+002 -3.4637238e+001
  8.8400000e+002 -1.1458864e+002 -3.6497589e+001
  8.8800000e+002 -1.1497646e+002 -3.8110718e+001
  8.9200000e+002 -1.1548694e+002 -3.9667694e+001
  8.9600000e+002 -1.1631944e+002 -4.1406811e+001
  9.0000000e+002 -1.1696985e+002 -4.2946262e+001
  9.0400000e+002 -1.1815868e+002 -4.4665482e+001
  9.0800000e+002 -1.1916821e+002 -4.6349037e+001
  9.1200000e+002 -1.2105501e+002 -4.8978661e+001
  9.1600000e+002 -1.2252663e+002 -5.0192551e+001
  9.2000000e+002 -1.2452934e+002 -5.1466106e+001
  9.2400000e+002 -1.2681609e+002 -5.2700108e+001
  9.2800000e+002 -1.2784779e+002 -5.3749485e+001
  9.3200000e+002 -1.3014781e+002 -5.4723122e+001
  9.3600000e+002 -1.3288254e+002 -5.6122437e+001
  9.4000000e+002 -1.3499028e+002 -5.7101276e+001
  9.4400000e+002 -1.3811359e+002 -5.7756046e+001
  9.4800000e+002 -1.4023228e+002 -5.7959129e+001
  9.5200000e+002 -1.4222076e+002 -5.7863850e+001
  9.5600000e+002 -1.4498254e+002 -5.7864811e+001
  9.6000000e+002 -1.4797122e+002 -5.7622131e+001
  9.6400000e+002 -1.5016371e+002 -5.6677952e+001
  9.6800000e+002 -1.5293410e+002 -5.5824360e+001
  9.7200000e+002 -1.5569930e+002 -5.5577316e+001
  9.7600000e+002 -1.5737041e+002 -5.4341824e+001
  9.8000000e+002 -1.5931393e+002 -5.3151924e+001
  9.8400000e+002 -1.6078006e+002 -5.1540623e+001
  9.8800000e+002 -1.6235199e+002 -5.0822739e+001
  9.9200000e+002 -1.6440787e+002 -4.9837330e+001
  9.9600000e+002 -1.6677820e+002 -4.7882217e+001
  1.0000000e+003 -1.6706062e+002 -4.5786537e+001
  1.0040000e+003 -1.6821158e+002 -4.4830257e+001
  1.0080000e+003 -1.6933391e+002 -4.3723362e+001
  1.0120000e+003 -1.7000916e+002 -4.1938553e+001
  1.0160000e+003 -1.7062006e+002 -4.0171108e+001
  1.0200000e+003 -1.7237703e+002 -3.9120155e+001
  1.0240000e+003 -1.7298854e+002 -3.7485703e+001
  1.0280000e+003 -1.7271880e+002 -3.6439907e+001
  1.0320000e+003 -1.7275275e+002 -3.5009174e+001
  1.0360000e+003 -1.7333331e+002 -3.3140987e+001
  1.0400000e+003 -1.7411952e+002 -3.1422760e+001
  1.0440000e+003 -1.7366460e+002 -2.9356804e+001
  1.0480000e+003 -1.7365727e+002 -2.8561735e+001
  1.0520000e+003 -1.7317122e+002 -2.7960699e+001
  1.0560000e+003 -1.7331012e+002 -2.6714439e+001
  1.0600000e+003 -1.7421602e+002 -2.5631144e+001
  1.0640000e+003 -1.7403232e+002 -2.5109409e+001
  1.0680000e+003 -1.7329457e+002 -2.3999863e+001
  1.0720000e+003 -1.7328038e+002 -2.2711735e+001
  1.0760000e+003 -1.7308965e+002 -2.1882576e+001
  1.0800000e+003 -1.7320567e+002 -2.0671093e+001
  1.0840000e+003 -1.7334489e+002 -1.9718149e+001
  1.0880000e+003 -1.7269443e+002 -1.9552061e+001
  1.0920000e+003 -1.7202699e+002 -1.9283278e+001
  1.0960000e+003 -1.7246683e+002 -1.8305819e+001
  1.1000000e+003 -1.7185825e+002 -1.6852482e+001
  1.1040000e+003 -1.7272092e+002 -1.6878651e+001
  1.1080000e+003 -1.7295171e+002 -1.6259569e+001
  1.1120000e+003 -1.7160934e+002 -1.5695493e+001
  1.1160000e+003 -1.7153558e+002 -1.5365256e+001
  1.1200000e+003 -1.7178177e+002 -1.4671410e+001
  1.1240000e+003 -1.7191740e+002 -1.3949634e+001
  1.1280000e+003 -1.7142345e+002 -1.3550820e+001
  1.1320000e+003 -1.7144554e+002 -1.3350778e+001
  1.1360000e+003 -1.7171175e+002 -1.2592229e+001
  1.1400000e+003 -1.7119087e+002 -1.1823982e+001
  1.1440000e+003 -1.7076549e+002 -1.0946508e+001
  1.1480000e+003 -1.7009908e+002 -1.0940452e+001
  1.1520000e+003 -1.6970607e+002 -1.1039631e+001
  1.1560000e+003 -1.6929893e+002 -1.0224524e+001
  1.1600000e+003 -1.6936819e+002 -9.6893005e+000
  1.1640000e+003 -1.6908199e+002 -9.2505741e+000
  1.1680000e+003 -1.6867760e+002 -8.7527218e+000
  1.1720000e+003 -1.6917773e+002 -8.4737778e+000
  1.1760000e+003 -1.6919417e+002 -8.2590208e+000
  1.1800000e+003 -1.6922482e+002 -7.9436293e+000
  1.1840000e+003 -1.6824759e+002 -7.6406498e+000
  1.1880000e+003 -1.6790150e+002 -6.7186637e+000
  1.1920000e+003 -1.6800597e+002 -6.8549643e+000
  1.1960000e+003 -1.6731964e+002 -6.5148773e+000
  1.2000000e+003 -1.6655981e+002 -6.2132840e+000
  1.2040000e+003 -1.6734641e+002 -5.4658875e+000
  1.2080000e+003 -1.6716927e+002 -5.1948886e+000
  1.2120000e+003 -1.6687102e+002 -5.3897805e+000
  1.2160000e+003 -1.6640782e+002 -5.7110205e+000
  1.2200000e+003 -1.6575986e+002 -5.2021756e+000
  1.2240000e+003 -1.6587323e+002 -4.5441437e+000
  1.2280000e+003 -1.6551193e+002 -4.2171507e+000
  1.2320000e+003 -1.6567897e+002 -5.3817306e+000
  1.2360000e+003 -1.6580576e+002 -4.7824836e+000
  1.2400000e+003 -1.6469656e+002 -4.4211211e+000
  1.2440000e+003 -1.6469777e+002 -4.3151579e+000
  1.2480000e+003 -1.6449693e+002 -4.0620108e+000
  1.2520000e+003 -1.6438153e+002 -3.7868121e+000
  1.2560000e+003 -1.6469279e+002 -3.2654386e+000
  1.2600000e+003 -1.6363922e+002 -3.3069990e+000
  1.2640000e+003 -1.6361032e+002 -2.6564329e+000
  1.2680000e+003 -1.6376561e+002 -2.7336504e+000
  1.2720000e+003 -1.6414424e+002 -3.1997795e+000
  1.2760000e+003 -1.6331920e+002 -2.3410308e+000
  1.2800000e+003 -1.6262564e+002 -2.2978137e+000
  1.2840000e+003 -1.6299750e+002 -2.6726296e+000
  1.2880000e+003 -1.6222142e+002 -2.6752717e+000
  1.2920000e+003 -1.6266858e+002 -2.3747828e+000
  1.2960000e+003 -1.6309050e+002 -2.4171784e+000
  1.3000000e+003 -1.6242155e+002 -2.4454029e+000
  1.3040000e+003 -1.6269533e+002 -2.5274949e+000
  1.3080000e+003 -1.6288962e+002 -1.9671246e+000
  1.3120000e+003 -1.6264755e+002 -2.0448201e+000
  1.3160000e+003 -1.6221042e+002 -2.1752043e+000
  1.3200000e+003 -1.6199760e+002 -2.1945791e+000
  1.3240000e+003 -1.6202734e+002 -2.1024356e+000
  1.3280000e+003 -1.6176219e+002 -1.9270208e+000
  1.3320000e+003 -1.6145346e+002 -2.1052189e+000
  1.3360000e+003 -1.6109610e+002 -1.5033104e+000
  1.3400000e+003 -1.6139478e+002 -1.3399271e+000
  1.3440000e+003 -1.6119635e+002 -1.2462921e+000
  1.3480000e+003 -1.6098824e+002 -1.3274821e+000
  1.3520000e+003 -1.6094284e+002 -8.6201423e-001
  1.3560000e+003 -1.6092995e+002 -1.3606814e+000
  1.3600000e+003 -1.6107899e+002 -7.1458852e-001
  1.3640000e+003 -1.6085710e+002 -1.3931011e+000
  1.3680000e+003 -1.6035648e+002 -1.3866495e+000
  1.3720000e+003 -1.6071869e+002 -5.9046316e-001
  1.3760000e+003 -1.6068005e+002 -9.2956471e-001
  1.3800000e+003 -1.6068001e+002 -7.8902513e-001
  1.3840000e+003 -1.6090311e+002 -9.2659658e-001
  1.3880000e+003 -1.6081537e+002 -1.1802237e+000
  1.3920000e+003 -1.6010307e+002 -1.4377357e+000
  1.3960000e+003 -1.5973123e+002 -9.9332458e-001
  1.4000000e+003 -1.6011720e+002 -9.6520996e-001
  1.4040000e+003 -1.6025749e+002 -1.0275682e+000
  1.4080000e+003 -1.5997990e+002 -3.9737779e-001
  1.4120000e+003 -1.5988931e+002 -2.9572827e-001
  1.4160000e+003 -1.5949756e+002 -4.0376472e-001
  1.4200000e+003 -1.5964409e+002 -2.7357572e-001
  1.4240000e+003 -1.5964061e+002 -1.5210856e-001
  1.4280000e+003 -1.5921217e+002  4.2626998e-001
  1.4320000e+003 -1.5920895e+002  2.6553410e-001
  1.4360000e+003 -1.5949583e+002  5.5903941e-001
  1.4400000e+003 -1.5958212e+002 -1.9688138e-001
  1.4440000e+003 -1.5973454e+002 -6.3284332e-001
  1.4480000e+003 -1.5944225e+002  1.1043720e-001
  1.4520000e+003 -1.5960974e+002  1.6892911e-001
  1.4560000e+003 -1.5917308e+002  3.8983665e-002
  1.4600000e+003 -1.5885329e+002 -1.9549423e-001
  1.4640000e+003 -1.5831354e+002 -2.6610416e-001
  1.4680000e+003 -1.5840889e+002 -2.1260086e-002
  1.4720000e+003 -1.5828268e+002 -4.2623484e-001
  1.4760000e+003 -1.5838199e+002 -3.9419881e-001
  1.4800000e+003 -1.5834895e+002  4.5383967e-002
  1.4840000e+003 -1.5847078e+002 -1.1706695e-001
  1.4880000e+003 -1.5839455e+002  7.7068202e-002
  1.4920000e+003 -1.5854770e+002  3.7966871e-001
  1.4960000e+003 -1.5850963e+002 -2.2360288e-001
  1.5000000e+003 -1.5820602e+002 -2.9091513e-001
  1.5040000e+003 -1.5800462e+002  3.5333702e-001
  1.5080000e+003 -1.5812111e+002 -7.2126061e-001
  1.5120000e+003 -1.5780356e+002 -3.2435027e-001
  1.5160000e+003 -1.5782205e+002 -1.2326703e-001
  1.5200000e+003 -1.5724950e+002  1.7321068e-001
  1.5240000e+003 -1.5737894e+002  5.2856129e-001
  1.5280000e+003 -1.5726462e+002 -2.1299224e-001
  1.5320000e+003 -1.5713327e+002 -7.0445859e-001
  1.5360000e+003 -1.5755965e+002 -9.2106426e-001
  1.5400000e+003 -1.5751521e+002 -5.9267849e-001
  1.5440000e+003 -1.5715665e+002 -2.9391545e-001
  1.5480000e+003 -1.5723192e+002 -2.8221145e-001
  1.5520000e+003 -1.5723676e+002 -8.3355606e-001
  1.5560000e+003 -1.5711052e+002 -8.7670577e-001
  1.5600000e+003 -1.5745155e+002 -4.8137766e-001
  1.5640000e+003 -1.5715915e+002 -6.5341526e-001
  1.5680000e+003 -1.5697751e+002 -9.2629004e-001
  1.5720000e+003 -1.5713837e+002 -1.1714085e+000
  1.5760000e+003 -1.5679289e+002 -1.1711141e+000
  1.5800000e+003 -1.5696416e+002 -1.1067227e+000
  1.5840000e+003 -1.5721365e+002 -1.7222272e+000
  1.5880000e+003 -1.5714532e+002 -2.0104935e+000
  1.5920000e+003 -1.5705325e+002 -2.1348524e+000
  1.5960000e+003 -1.5733121e+002 -2.2921932e+000
  1.6000000e+003 -1.5699828e+002 -1.9096457e+000
