  0.0000000e+000 -8.2211220e-001  0.0000000e+000
  4.0000000e+000 -8.3356059e-001  3.2511082e-002
  8.0000000e+000 -2.3558411e+001 -1.3028727e+001
  1.2000000e+001 -9.7689087e+001 -1.5398758e+001
  1.6000000e+001 -1.2928152e+002 -9.8488951e+000
  2.0000000e+001 -1.2176006e+002 -6.6978803e+000
  2.4000000e+001 -1.1828741e+002 -5.5824661e+000
  2.8000000e+001 -1.1998187e+002 -7.7473063e+000
  3.2000000e+001 -1.2226550e+002 -8.9141970e+000
  3.6000000e+001 -1.2220287e+002 -6.2406383e+000
  4.0000000e+001 -1.2054070e+002 -6.0852423e+000
  4.4000000e+001 -1.1886301e+002 -6.0190940e+000
  4.8000000e+001 -1.1869386e+002 -5.3747592e+000
  5.2000000e+001 -1.1841351e+002 -5.7042260e+000
  5.6000000e+001 -1.1850555e+002 -5.5654011e+000
  6.0000000e+001 -1.1931030e+002 -4.4773588e+000
  6.4000000e+001 -1.1917727e+002 -3.7654307e+000
  6.8000000e+001 -1.1807055e+002 -2.9663317e+000
  7.2000000e+001 -1.1641421e+002 -2.6526694e+000
  7.6000000e+001 -1.1377885e+002 -3.1571770e+000
  8.0000000e+001 -1.1046080e+002 -4.9124203e+000
  8.4000000e+001 -1.1048560e+002 -8.4446640e+000
  8.8000000e+001 -1.1027761e+002 -1.0091002e+001
  9.2000000e+001 -1.1157612e+002 -1.6714235e+001
  9.6000000e+001 -1.2004385e+002 -1.8106615e+001
  1.0000000e+002 -1.2620007e+002 -1.6010422e+001
  1.0400000e+002 -1.2573273e+002 -1.2134662e+001
  1.0800000e+002 -1.2609350e+002 -1.1423998e+001
  1.1200000e+002 -1.2687700e+002 -7.3473225e+000
  1.1600000e+002 -1.2540377e+002 -5.7740312e+000
  1.2000000e+002 -1.2434206e+002 -4.4811835e+000
  1.2400000e+002 -1.2364696e+002 -3.9316647e+000
  1.2800000e+002 -1.2362885e+002 -3.6104507e+000
  1.3200000e+002 -1.2328092e+002 -3.4974401e+000
  1.3600000e+002 -1.2192134e+002 -3.6894028e+000
  1.4000000e+002 -1.2178525e+002 -4.3575029e+000
  1.4400000e+002 -1.2214175e+002 -4.7191839e+000
  1.4800000e+002 -1.2295461e+002 -4.2415090e+000
  1.5200000e+002 -1.2272382e+002 -3.4542029e+000
  1.5600000e+002 -1.2183062e+002 -3.6171825e+000
  1.6000000e+002 -1.2089599e+002 -3.5160971e+000
  1.6400000e+002 -1.1965351e+002 -3.3525190e+000
  1.6800000e+002 -1.2041058e+002 -4.2054071e+000
  1.7200000e+002 -1.2142222e+002 -3.3788524e+000
  1.7600000e+002 -1.1975639e+002 -3.1232133e+000
  1.8000000e+002 -1.1837111e+002 -4.9492574e+000
  1.8400000e+002 -1.1914084e+002 -7.5030513e+000
  1.8800000e+002 -1.2154145e+002 -6.5629287e+000
  1.9200000e+002 -1.2068037e+002 -6.0691929e+000
  1.9600000e+002 -1.2281416e+002 -7.2393136e+000
  2.0000000e+002 -1.2516866e+002 -4.5317864e+000
  2.0400000e+002 -1.2388327e+002 -3.5604539e+000
  2.0800000e+002 -1.2258526e+002 -4.5246630e+000
  2.1200000e+002 -1.2403990e+002 -4.7681465e+000
  2.1600000e+002 -1.2430453e+002 -3.2791662e+000
  2.2000000e+002 -1.2315142e+002 -2.8046181e+000
  2.2400000e+002 -1.2259561e+002 -2.9083068e+000
  2.2800000e+002 -1.2253873e+002 -2.4496880e+000
  2.3200000e+002 -1.2255016e+002 -2.1166832e+000
  2.3600000e+002 -1.2176120e+002 -2.6791644e+000
  2.4000000e+002 -1.2194961e+002 -2.7831764e+000
  2.4400000e+002 -1.2151405e+002 -2.6323423e+000
  2.4800000e+002 -1.2038703e+002 -2.5610209e+000
  2.5200000e+002 -1.2044902e+002 -2.8886759e+000
  2.5600000e+002 -1.2027553e+002 -2.7814796e+000
  2.6000000e+002 -1.2006178e+002 -3.1332326e+000
  2.6400000e+002 -1.1961779e+002 -4.1311045e+000
  2.6800000e+002 -1.2009937e+002 -5.1891093e+000
  2.7200000e+002 -1.2125257e+002 -5.9765573e+000
  2.7600000e+002 -1.2258694e+002 -5.8242564e+000
  2.8000000e+002 -1.2344498e+002 -3.7572055e+000
  2.8400000e+002 -1.2294196e+002 -2.5212767e+000
  2.8800000e+002 -1.2215587e+002 -2.1800220e+000
  2.9200000e+002 -1.2197757e+002 -2.2846012e+000
  2.9600000e+002 -1.2107316e+002 -2.3534377e+000
  3.0000000e+002 -1.2024224e+002 -2.0466084e+000
  3.0400000e+002 -1.1989719e+002 -2.5077610e+000
  3.0800000e+002 -1.1930299e+002 -3.0193834e+000
  3.1200000e+002 -1.1953276e+002 -2.8649449e+000
  3.1600000e+002 -1.1943578e+002 -2.7586644e+000
  3.2000000e+002 -1.1876180e+002 -2.3243740e+000
  3.2400000e+002 -1.1807619e+002 -2.4942980e+000
  3.2800000e+002 -1.1702097e+002 -4.3041792e+000
  3.3200000e+002 -1.1803815e+002 -6.1506071e+000
  3.3600000e+002 -1.2026247e+002 -6.0273542e+000
  3.4000000e+002 -1.2074532e+002 -4.1675444e+000
  3.4400000e+002 -1.2012343e+002 -4.2181315e+000
  3.4800000e+002 -1.1970213e+002 -4.7039890e+000
  3.5200000e+002 -1.1956062e+002 -4.4510660e+000
  3.5600000e+002 -1.1953548e+002 -4.0333672e+000
  3.6000000e+002 -1.1943810e+002 -3.7499502e+000
  3.6400000e+002 -1.1955291e+002 -4.1464896e+000
  3.6800000e+002 -1.1976168e+002 -3.9862008e+000
  3.7200000e+002 -1.2010601e+002 -4.2940083e+000
  3.7600000e+002 -1.1960357e+002 -4.0293565e+000
  3.8000000e+002 -1.1909124e+002 -3.2862906e+000
  3.8400000e+002 -1.1898704e+002 -3.6417603e+000
  3.8800000e+002 -1.1857141e+002 -3.8103955e+000
  3.9200000e+002 -1.1818075e+002 -3.1735120e+000
  3.9600000e+002 -1.1801583e+002 -3.8009214e+000
  4.0000000e+002 -1.1780109e+002 -3.7476482e+000
  4.0400000e+002 -1.1740534e+002 -3.4829431e+000
  4.0800000e+002 -1.1740334e+002 -3.5459623e+000
  4.1200000e+002 -1.1765885e+002 -3.4160411e+000
  4.1600000e+002 -1.1763189e+002 -3.8068981e+000
  4.2000000e+002 -1.1662418e+002 -4.1540561e+000
  4.2400000e+002 -1.1605185e+002 -3.9619169e+000
  4.2800000e+002 -1.1620969e+002 -4.3363223e+000
  4.3200000e+002 -1.1605259e+002 -4.2807307e+000
  4.3600000e+002 -1.1551916e+002 -4.1482654e+000
  4.4000000e+002 -1.1516346e+002 -4.5777464e+000
  4.4400000e+002 -1.1467968e+002 -4.8369980e+000
  4.4800000e+002 -1.1444863e+002 -5.5199614e+000
  4.5200000e+002 -1.1459707e+002 -5.9624019e+000
  4.5600000e+002 -1.1454533e+002 -5.8057084e+000
  4.6000000e+002 -1.1421400e+002 -5.5632958e+000
  4.6400000e+002 -1.1387450e+002 -5.8923130e+000
  4.6800000e+002 -1.1314590e+002 -6.5360756e+000
  4.7200000e+002 -1.1291061e+002 -6.6988854e+000
  4.7600000e+002 -1.1238122e+002 -7.3004003e+000
  4.8000000e+002 -1.1188021e+002 -7.3563409e+000
  4.8400000e+002 -1.1222282e+002 -7.6903424e+000
  4.8800000e+002 -1.1194650e+002 -8.3727160e+000
  4.9200000e+002 -1.1145834e+002 -8.6470490e+000
  4.9600000e+002 -1.1100381e+002 -8.8396626e+000
  5.0000000e+002 -1.1065014e+002 -9.8664875e+000
  5.0400000e+002 -1.1037734e+002 -1.0517180e+001
  5.0800000e+002 -1.1000046e+002 -1.0950704e+001
  5.1200000e+002 -1.0956004e+002 -1.1077885e+001
  5.1600000e+002 -1.0918661e+002 -1.2534669e+001
  5.2000000e+002 -1.0917440e+002 -1.3515638e+001
  5.2400000e+002 -1.0881227e+002 -1.4092068e+001
  5.2800000e+002 -1.0917725e+002 -1.4324264e+001
  5.3200000e+002 -1.0890124e+002 -1.5409580e+001
  5.3600000e+002 -1.0870163e+002 -1.6950106e+001
  5.4000000e+002 -1.0882551e+002 -1.7939976e+001
  5.4400000e+002 -1.0894823e+002 -1.9313751e+001
  5.4800000e+002 -1.0936382e+002 -2.0442314e+001
  5.5200000e+002 -1.0973363e+002 -2.1487206e+001
  5.5600000e+002 -1.1022563e+002 -2.3069197e+001
  5.6000000e+002 -1.1144762e+002 -2.3952618e+001
  5.6400000e+002 -1.1227639e+002 -2.5448778e+001
  5.6800000e+002 -1.1317499e+002 -2.5960987e+001
  5.7200000e+002 -1.1411945e+002 -2.6959246e+001
  5.7600000e+002 -1.1527180e+002 -2.8130674e+001
  5.8000000e+002 -1.1686983e+002 -2.8226633e+001
  5.8400000e+002 -1.1830431e+002 -2.8271095e+001
  5.8800000e+002 -1.1990417e+002 -2.9211884e+001
  5.9200000e+002 -1.2108226e+002 -2.9277063e+001
  5.9600000e+002 -1.2329649e+002 -2.9405375e+001
  6.0000000e+002 -1.2411433e+002 -2.8875032e+001
  6.0400000e+002 -1.2568573e+002 -2.8038290e+001
  6.0800000e+002 -1.2764450e+002 -2.7472786e+001
  6.1200000e+002 -1.2828282e+002 -2.6573170e+001
  6.1600000e+002 -1.2895306e+002 -2.5327103e+001
  6.2000000e+002 -1.2959840e+002 -2.4595699e+001
  6.2400000e+002 -1.2975179e+002 -2.3770096e+001
  6.2800000e+002 -1.3032123e+002 -2.3583202e+001
  6.3200000e+002 -1.3113554e+002 -2.2677185e+001
  6.3600000e+002 -1.3176591e+002 -2.1353804e+001
  6.4000000e+002 -1.3171753e+002 -2.0322224e+001
  6.4400000e+002 -1.3214542e+002 -1.9439270e+001
  6.4800000e+002 -1.3180801e+002 -1.9068920e+001
  6.5200000e+002 -1.3128185e+002 -1.8873884e+001
  6.5600000e+002 -1.3140732e+002 -1.7934818e+001
  6.6000000e+002 -1.3141388e+002 -1.6912142e+001
  6.6400000e+002 -1.3082671e+002 -1.6081703e+001
  6.6800000e+002 -1.3115739e+002 -1.5840764e+001
  6.7200000e+002 -1.3103076e+002 -1.5287780e+001
  6.7600000e+002 -1.3078186e+002 -1.5210861e+001
  6.8000000e+002 -1.3049266e+002 -1.4944166e+001
  6.8400000e+002 -1.2977663e+002 -1.4855540e+001
  6.8800000e+002 -1.2846951e+002 -1.4398235e+001
  6.9200000e+002 -1.2868959e+002 -1.3495336e+001
  6.9600000e+002 -1.2875534e+002 -1.3536860e+001
  7.0000000e+002 -1.2846027e+002 -1.3125158e+001
  7.0400000e+002 -1.2811032e+002 -1.2973188e+001
  7.0800000e+002 -1.2783888e+002 -1.3337160e+001
  7.1200000e+002 -1.2793136e+002 -1.3175135e+001
  7.1600000e+002 -1.2729987e+002 -1.3298479e+001
  7.2000000e+002 -1.2671411e+002 -1.2692450e+001
  7.2400000e+002 -1.2662075e+002 -1.3180074e+001
  7.2800000e+002 -1.2604346e+002 -1.3181483e+001
  7.3200000e+002 -1.2531991e+002 -1.2616025e+001
  7.3600000e+002 -1.2556297e+002 -1.3094449e+001
  7.4000000e+002 -1.2549945e+002 -1.2952099e+001
  7.4400000e+002 -1.2423775e+002 -1.3011259e+001
  7.4800000e+002 -1.2440157e+002 -1.3432756e+001
  7.5200000e+002 -1.2509011e+002 -1.2887176e+001
  7.5600000e+002 -1.2451083e+002 -1.3094450e+001
  7.6000000e+002 -1.2374058e+002 -1.3404969e+001
  7.6400000e+002 -1.2277239e+002 -1.4197606e+001
  7.6800000e+002 -1.2231531e+002 -1.4729438e+001
  7.7200000e+002 -1.2276946e+002 -1.4235003e+001
  7.7600000e+002 -1.2225957e+002 -1.4951618e+001
  7.8000000e+002 -1.2213511e+002 -1.5344699e+001
  7.8400000e+002 -1.2180278e+002 -1.6039286e+001
  7.8800000e+002 -1.2168134e+002 -1.6076578e+001
  7.9200000e+002 -1.2175433e+002 -1.6346273e+001
  7.9600000e+002 -1.2146828e+002 -1.6475401e+001
  8.0000000e+002 -1.2124549e+002 -1.6722141e+001
  8.0400000e+002 -1.2089908e+002 -1.7277328e+001
  8.0800000e+002 -1.2076031e+002 -1.7508524e+001
  8.1200000e+002 -1.2141464e+002 -1.8345110e+001
  8.1600000e+002 -1.2159914e+002 -1.8650291e+001
  8.2000000e+002 -1.2117373e+002 -1.8708397e+001
  8.2400000e+002 -1.2122034e+002 -1.9057531e+001
  8.2800000e+002 -1.2109089e+002 -1.9459257e+001
  8.3200000e+002 -1.2088610e+002 -1.9819359e+001
  8.3600000e+002 -1.2098185e+002 -2.0110371e+001
  8.4000000e+002 -1.2105863e+002 -1.9790646e+001
  8.4400000e+002 -1.2140250e+002 -2.0518391e+001
  8.4800000e+002 -1.2170471e+002 -2.0888777e+001
  8.5200000e+002 -1.2174943e+002 -2.1019257e+001
  8.5600000e+002 -1.2166336e+002 -2.1613005e+001
  8.6000000e+002 -1.2151430e+002 -2.1793901e+001
  8.6400000e+002 -1.2190716e+002 -2.2249788e+001
  8.6800000e+002 -1.2169154e+002 -2.2340000e+001
  8.7200000e+002 -1.2103612e+002 -2.2687078e+001
  8.7600000e+002 -1.2165704e+002 -2.3043034e+001
  8.8000000e+002 -1.2192371e+002 -2.3200724e+001
  8.8400000e+002 -1.2226424e+002 -2.3324583e+001
  8.8800000e+002 -1.2260260e+002 -2.4410807e+001
  8.9200000e+002 -1.2218207e+002 -2.4700703e+001
  8.9600000e+002 -1.2236180e+002 -2.3881792e+001
  9.0000000e+002 -1.2190199e+002 -2.4307699e+001
  9.0400000e+002 -1.2166722e+002 -2.4858244e+001
  9.0800000e+002 -1.2179332e+002 -2.5955215e+001
  9.1200000e+002 -1.2205437e+002 -2.5917414e+001
  9.1600000e+002 -1.2118039e+002 -2.6584757e+001
  9.2000000e+002 -1.2160307e+002 -2.7377485e+001
  9.2400000e+002 -1.2187215e+002 -2.7434938e+001
  9.2800000e+002 -1.2171853e+002 -2.7894016e+001
  9.3200000e+002 -1.2139693e+002 -2.8482460e+001
  9.3600000e+002 -1.2151076e+002 -2.9454714e+001
  9.4000000e+002 -1.2163122e+002 -2.9256372e+001
  9.4400000e+002 -1.2191737e+002 -2.9804903e+001
  9.4800000e+002 -1.2164754e+002 -3.0227686e+001
  9.5200000e+002 -1.2144706e+002 -3.1793283e+001
  9.5600000e+002 -1.2193200e+002 -3.2776695e+001
  9.6000000e+002 -1.2269161e+002 -3.3194370e+001
  9.6400000e+002 -1.2310752e+002 -3.3810810e+001
  9.6800000e+002 -1.2309157e+002 -3.3959927e+001
  9.7200000e+002 -1.2376056e+002 -3.5190002e+001
  9.7600000e+002 -1.2351586e+002 -3.6862446e+001
  9.8000000e+002 -1.2398977e+002 -3.7731194e+001
  9.8400000e+002 -1.2458603e+002 -3.8647900e+001
  9.8800000e+002 -1.2556679e+002 -3.9013554e+001
  9.9200000e+002 -1.2628911e+002 -3.9930424e+001
  9.9600000e+002 -1.2644080e+002 -4.0940010e+001
  1.0000000e+003 -1.2696811e+002 -4.1872219e+001
  1.0040000e+003 -1.2821854e+002 -4.2862720e+001
  1.0080000e+003 -1.2931024e+002 -4.2806736e+001
  1.0120000e+003 -1.3017398e+002 -4.3573277e+001
  1.0160000e+003 -1.3079584e+002 -4.4735886e+001
  1.0200000e+003 -1.3267006e+002 -4.4694996e+001
  1.0240000e+003 -1.3386209e+002 -4.4883251e+001
  1.0280000e+003 -1.3481282e+002 -4.6119205e+001
  1.0320000e+003 -1.3641325e+002 -4.6424618e+001
  1.0360000e+003 -1.3804399e+002 -4.6135300e+001
  1.0400000e+003 -1.3901956e+002 -4.6199875e+001
  1.0440000e+003 -1.3967485e+002 -4.7046661e+001
  1.0480000e+003 -1.4180443e+002 -4.7046535e+001
  1.0520000e+003 -1.4309099e+002 -4.6397758e+001
  1.0560000e+003 -1.4459630e+002 -4.6511372e+001
  1.0600000e+003 -1.4554564e+002 -4.6736141e+001
  1.0640000e+003 -1.4719350e+002 -4.6274319e+001
  1.0680000e+003 -1.4790358e+002 -4.6035229e+001
  1.0720000e+003 -1.4861145e+002 -4.4600601e+001
  1.0760000e+003 -1.5054631e+002 -4.4163956e+001
  1.0800000e+003 -1.5161229e+002 -4.3880833e+001
  1.0840000e+003 -1.5276175e+002 -4.3155220e+001
  1.0880000e+003 -1.5400502e+002 -4.3141754e+001
  1.0920000e+003 -1.5401088e+002 -4.2000652e+001
  1.0960000e+003 -1.5529430e+002 -4.0917824e+001
  1.1000000e+003 -1.5589616e+002 -4.0528736e+001
  1.1040000e+003 -1.5665114e+002 -3.9173630e+001
  1.1080000e+003 -1.5718213e+002 -3.8424099e+001
  1.1120000e+003 -1.5815959e+002 -3.7963615e+001
  1.1160000e+003 -1.5886073e+002 -3.7445988e+001
  1.1200000e+003 -1.5985133e+002 -3.6964512e+001
  1.1240000e+003 -1.6049554e+002 -3.5628860e+001
  1.1280000e+003 -1.6020740e+002 -3.4742435e+001
  1.1320000e+003 -1.6068140e+002 -3.3375237e+001
  1.1360000e+003 -1.6130928e+002 -3.2286457e+001
  1.1400000e+003 -1.6201610e+002 -3.1364008e+001
  1.1440000e+003 -1.6242543e+002 -3.1279528e+001
  1.1480000e+003 -1.6190495e+002 -3.0626734e+001
  1.1520000e+003 -1.6161415e+002 -2.9390472e+001
  1.1560000e+003 -1.6157776e+002 -2.8640299e+001
  1.1600000e+003 -1.6202249e+002 -2.8169024e+001
  1.1640000e+003 -1.6281122e+002 -2.7133919e+001
  1.1680000e+003 -1.6330632e+002 -2.6388868e+001
  1.1720000e+003 -1.6320964e+002 -2.5700062e+001
  1.1760000e+003 -1.6303227e+002 -2.5074169e+001
  1.1800000e+003 -1.6294939e+002 -2.4052917e+001
  1.1840000e+003 -1.6267136e+002 -2.3237345e+001
  1.1880000e+003 -1.6290289e+002 -2.3437830e+001
  1.1920000e+003 -1.6262358e+002 -2.2877974e+001
  1.1960000e+003 -1.6249873e+002 -2.2294136e+001
  1.2000000e+003 -1.6249440e+002 -2.1795895e+001
  1.2040000e+003 -1.6290425e+002 -2.0006367e+001
  1.2080000e+003 -1.6302086e+002 -1.9694538e+001
  1.2120000e+003 -1.6299649e+002 -1.9138454e+001
  1.2160000e+003 -1.6230598e+002 -1.9065363e+001
  1.2200000e+003 -1.6182512e+002 -1.8391779e+001
  1.2240000e+003 -1.6142825e+002 -1.7683165e+001
  1.2280000e+003 -1.6084863e+002 -1.7691771e+001
  1.2320000e+003 -1.6052614e+002 -1.7509466e+001
  1.2360000e+003 -1.6054623e+002 -1.6742794e+001
  1.2400000e+003 -1.6012610e+002 -1.6260078e+001
  1.2440000e+003 -1.5999796e+002 -1.5926671e+001
  1.2480000e+003 -1.6086316e+002 -1.5670459e+001
  1.2520000e+003 -1.5975293e+002 -1.5222687e+001
  1.2560000e+003 -1.5920726e+002 -1.5279033e+001
  1.2600000e+003 -1.5894119e+002 -1.4457644e+001
  1.2640000e+003 -1.5919090e+002 -1.4422944e+001
  1.2680000e+003 -1.5935735e+002 -1.4872965e+001
  1.2720000e+003 -1.5919022e+002 -1.4720634e+001
  1.2760000e+003 -1.5890373e+002 -1.3795378e+001
  1.2800000e+003 -1.5779025e+002 -1.3974060e+001
  1.2840000e+003 -1.5793839e+002 -1.3675880e+001
  1.2880000e+003 -1.5829063e+002 -1.3349977e+001
  1.2920000e+003 -1.5796326e+002 -1.3206276e+001
  1.2960000e+003 -1.5756865e+002 -1.2401573e+001
  1.3000000e+003 -1.5739287e+002 -1.2790393e+001
  1.3040000e+003 -1.5745912e+002 -1.2963630e+001
  1.3080000e+003 -1.5722308e+002 -1.2678206e+001
  1.3120000e+003 -1.5622345e+002 -1.2722249e+001
  1.3160000e+003 -1.5641599e+002 -1.2818007e+001
  1.3200000e+003 -1.5645053e+002 -1.2931689e+001
  1.3240000e+003 -1.5653676e+002 -1.2447903e+001
  1.3280000e+003 -1.5627078e+002 -1.2296578e+001
  1.3320000e+003 -1.5582808e+002 -1.1833278e+001
  1.3360000e+003 -1.5640796e+002 -1.1813677e+001
  1.3400000e+003 -1.5647119e+002 -1.1370133e+001
  1.3440000e+003 -1.5572182e+002 -1.1532939e+001
  1.3480000e+003 -1.5488382e+002 -1.1890808e+001
  1.3520000e+003 -1.5548413e+002 -1.1167758e+001
  1.3560000e+003 -1.5527863e+002 -1.1154021e+001
  1.3600000e+003 -1.5457896e+002 -1.1236311e+001
  1.3640000e+003 -1.5462944e+002 -1.0721905e+001
  1.3680000e+003 -1.5494591e+002 -1.0513058e+001
  1.3720000e+003 -1.5529898e+002 -1.1411321e+001
  1.3760000e+003 -1.5504628e+002 -1.1729263e+001
  1.3800000e+003 -1.5372652e+002 -1.0591452e+001
  1.3840000e+003 -1.5346808e+002 -1.0599933e+001
  1.3880000e+003 -1.5364156e+002 -1.0401937e+001
  1.3920000e+003 -1.5409520e+002 -1.0469618e+001
  1.3960000e+003 -1.5400809e+002 -1.0794760e+001
  1.4000000e+003 -1.5368896e+002 -1.0678038e+001
  1.4040000e+003 -1.5351851e+002 -1.0531773e+001
  1.4080000e+003 -1.5353783e+002 -1.0600884e+001
  1.4120000e+003 -1.5243854e+002 -1.0361547e+001
  1.4160000e+003 -1.5278395e+002 -1.0019883e+001
  1.4200000e+003 -1.5309856e+002 -1.0593561e+001
  1.4240000e+003 -1.5275403e+002 -1.0598120e+001
  1.4280000e+003 -1.5279303e+002 -1.0025921e+001
  1.4320000e+003 -1.5278658e+002 -1.0454691e+001
  1.4360000e+003 -1.5245091e+002 -1.0646315e+001
  1.4400000e+003 -1.5283217e+002 -1.1004852e+001
  1.4440000e+003 -1.5237006e+002 -1.0827835e+001
  1.4480000e+003 -1.5252133e+002 -1.0649672e+001
  1.4520000e+003 -1.5233714e+002 -1.1281518e+001
  1.4560000e+003 -1.5155847e+002 -1.1006688e+001
  1.4600000e+003 -1.5245522e+002 -1.0213234e+001
  1.4640000e+003 -1.5192809e+002 -1.0731902e+001
  1.4680000e+003 -1.5120630e+002 -1.1457883e+001
  1.4720000e+003 -1.5142734e+002 -1.1126895e+001
  1.4760000e+003 -1.5146167e+002 -1.1134585e+001
  1.4800000e+003 -1.5164717e+002 -1.1515760e+001
  1.4840000e+003 -1.5142155e+002 -1.1713306e+001
  1.4880000e+003 -1.5113206e+002 -1.1641568e+001
  1.4920000e+003 -1.5107382e+002 -1.1755485e+001
  1.4960000e+003 -1.5096797e+002 -1.1346389e+001
  1.5000000e+003 -1.5068887e+002 -1.1347064e+001
  1.5040000e+003 -1.5070944e+002 -1.1713817e+001
  1.5080000e+003 -1.5062463e+002 -1.1897164e+001
  1.5120000e+003 -1.5008775e+002 -1.2869532e+001
  1.5160000e+003 -1.5074785e+002 -1.2844484e+001
  1.5200000e+003 -1.5098080e+002 -1.2346751e+001
  1.5240000e+003 -1.5069983e+002 -1.2404668e+001
  1.5280000e+003 -1.5051213e+002 -1.2582499e+001
  1.5320000e+003 -1.5021997e+002 -1.2826472e+001
  1.5360000e+003 -1.5038919e+002 -1.3421261e+001
  1.5400000e+003 -1.5047688e+002 -1.3695012e+001
  1.5440000e+003 -1.4985616e+002 -1.3680412e+001
  1.5480000e+003 -1.5014476e+002 -1.3965581e+001
  1.5520000e+003 -1.5059026e+002 -1.4075892e+001
  1.5560000e+003 -1.5000960e+002 -1.4487816e+001
  1.5600000e+003 -1.5022186e+002 -1.4942073e+001
  1.5640000e+003 -1.5079189e+002 -1.4771443e+001
  1.5680000e+003 -1.5062590e+002 -1.5169452e+001
  1.5720000e+003 -1.5123099e+002 -1.5738103e+001
  1.5760000e+003 -1.5163113e+002 -1.5414636e+001
  1.5800000e+003 -1.5148872e+002 -1.5322841e+001
  1.5840000e+003 -1.5143555e+002 -1.6117716e+001
  1.5880000e+003 -1.5189052e+002 -1.6813080e+001
  1.5920000e+003 -1.5205513e+002 -1.6704592e+001
  1.5960000e+003 -1.5255945e+002 -1.6223930e+001
  1.6000000e+003 -1.5245947e+002 -1.6224474e+001
