  0.0000000e+000 -6.8908310e-001  0.0000000e+000
  4.0000000e+000 -7.1595603e-001  3.1699446e-001
  8.0000000e+000 -1.7523945e+001 -1.8255222e+000
  1.2000000e+001 -6.5141144e+001 -2.1190903e+000
  1.6000000e+001 -1.2126191e+002 -8.5074635e+000
  2.0000000e+001 -1.2914871e+002 -1.1804986e+001
  2.4000000e+001 -1.2856877e+002 -1.0593884e+001
  2.8000000e+001 -1.2734061e+002 -7.8345594e+000
  3.2000000e+001 -1.2816658e+002 -9.5224018e+000
  3.6000000e+001 -1.2997548e+002 -8.8251390e+000
  4.0000000e+001 -1.2887907e+002 -6.9251413e+000
  4.4000000e+001 -1.2717799e+002 -6.5988488e+000
  4.8000000e+001 -1.2734322e+002 -6.7454944e+000
  5.2000000e+001 -1.2706882e+002 -6.0223832e+000
  5.6000000e+001 -1.2633523e+002 -5.7049136e+000
  6.0000000e+001 -1.2847783e+002 -5.2786589e+000
  6.4000000e+001 -1.2806404e+002 -4.1514812e+000
  6.8000000e+001 -1.2774100e+002 -2.1637337e+000
  7.2000000e+001 -1.2520712e+002 -1.0681843e+000
  7.6000000e+001 -1.2261420e+002 -2.4432151e+000
  8.0000000e+001 -1.2107288e+002 -6.7956729e+000
  8.4000000e+001 -1.2532599e+002 -8.1006985e+000
  8.8000000e+001 -1.2509888e+002 -4.5855923e+000
  9.2000000e+001 -1.2201530e+002 -7.6836901e+000
  9.6000000e+001 -1.2094719e+002 -1.3413384e+001
  1.0000000e+002 -1.3025266e+002 -1.6145178e+001
  1.0400000e+002 -1.3491293e+002 -1.0366417e+001
  1.0800000e+002 -1.3412602e+002 -1.0032064e+001
  1.1200000e+002 -1.3577769e+002 -6.2702208e+000
  1.1600000e+002 -1.3391592e+002 -4.2075191e+000
  1.2000000e+002 -1.3105524e+002 -2.8620515e+000
  1.2400000e+002 -1.3021155e+002 -3.0782053e+000
  1.2800000e+002 -1.2993773e+002 -3.7593393e+000
  1.3200000e+002 -1.2993965e+002 -3.9479618e+000
  1.3600000e+002 -1.2988687e+002 -4.4569426e+000
  1.4000000e+002 -1.2979642e+002 -4.7165608e+000
  1.4400000e+002 -1.2934106e+002 -4.2450495e+000
  1.4800000e+002 -1.2985832e+002 -4.1449060e+000
  1.5200000e+002 -1.2969438e+002 -4.1713157e+000
  1.5600000e+002 -1.2940685e+002 -3.3424881e+000
  1.6000000e+002 -1.2928540e+002 -2.5790532e+000
  1.6400000e+002 -1.2874866e+002 -4.5257473e+000
  1.6800000e+002 -1.2900777e+002 -5.6092486e+000
  1.7200000e+002 -1.2862610e+002 -3.8625963e+000
  1.7600000e+002 -1.2757280e+002 -3.9730306e+000
  1.8000000e+002 -1.2790888e+002 -4.2403460e+000
  1.8400000e+002 -1.2659998e+002 -5.3602986e+000
  1.8800000e+002 -1.2592936e+002 -7.2515297e+000
  1.9200000e+002 -1.2731257e+002 -1.0820844e+001
  1.9600000e+002 -1.3119083e+002 -1.1739104e+001
  2.0000000e+002 -1.3523805e+002 -5.6277037e+000
  2.0400000e+002 -1.3267122e+002 -4.4331808e+000
  2.0800000e+002 -1.3140211e+002 -4.4727335e+000
  2.1200000e+002 -1.3156276e+002 -4.8677340e+000
  2.1600000e+002 -1.3299373e+002 -5.3126721e+000
  2.2000000e+002 -1.3235852e+002 -3.3347943e+000
  2.2400000e+002 -1.3134138e+002 -3.1320193e+000
  2.2800000e+002 -1.3108125e+002 -2.3527837e+000
  2.3200000e+002 -1.3093365e+002 -1.8346033e+000
  2.3600000e+002 -1.3007997e+002 -2.4504423e+000
  2.4000000e+002 -1.2986667e+002 -2.8430798e+000
  2.4400000e+002 -1.2909515e+002 -3.2255170e+000
  2.4800000e+002 -1.2937366e+002 -3.3877187e+000
  2.5200000e+002 -1.2973642e+002 -3.4967833e+000
  2.5600000e+002 -1.2973050e+002 -3.1689427e+000
  2.6000000e+002 -1.2961633e+002 -2.8035796e+000
  2.6400000e+002 -1.2973267e+002 -2.8869905e+000
  2.6800000e+002 -1.2829532e+002 -3.3170640e+000
  2.7200000e+002 -1.2679575e+002 -5.2389216e+000
  2.7600000e+002 -1.2984003e+002 -7.0891933e+000
  2.8000000e+002 -1.3202942e+002 -5.0319705e+000
  2.8400000e+002 -1.3116142e+002 -4.1718082e+000
  2.8800000e+002 -1.3094649e+002 -4.4685163e+000
  2.9200000e+002 -1.3147646e+002 -3.5814521e+000
  2.9600000e+002 -1.2968591e+002 -1.7640948e+000
  3.0000000e+002 -1.2953862e+002 -1.0268186e+000
  3.0400000e+002 -1.2944838e+002 -2.0389645e+000
  3.0800000e+002 -1.2827975e+002 -2.9499111e+000
  3.1200000e+002 -1.2756042e+002 -3.5432401e+000
  3.1600000e+002 -1.2870607e+002 -3.7871740e+000
  3.2000000e+002 -1.2925211e+002 -2.6094155e+000
  3.2400000e+002 -1.2843607e+002 -2.1028733e+000
  3.2800000e+002 -1.2806039e+002 -2.9883280e+000
  3.3200000e+002 -1.2852090e+002 -2.8949766e+000
  3.3600000e+002 -1.2848996e+002 -2.6771598e+000
  3.4000000e+002 -1.2771093e+002 -2.6409426e+000
  3.4400000e+002 -1.2794406e+002 -2.6820083e+000
  3.4800000e+002 -1.2770304e+002 -2.8193996e+000
  3.5200000e+002 -1.2748419e+002 -3.2726901e+000
  3.5600000e+002 -1.2731210e+002 -3.5218389e+000
  3.6000000e+002 -1.2717674e+002 -3.9729648e+000
  3.6400000e+002 -1.2699854e+002 -3.2886469e+000
  3.6800000e+002 -1.2730889e+002 -3.9233310e+000
  3.7200000e+002 -1.2803903e+002 -3.7172310e+000
  3.7600000e+002 -1.2756495e+002 -2.9195943e+000
  3.8000000e+002 -1.2689257e+002 -3.0548770e+000
  3.8400000e+002 -1.2677595e+002 -3.2750146e+000
  3.8800000e+002 -1.2639902e+002 -3.4543629e+000
  3.9200000e+002 -1.2614753e+002 -3.4203956e+000
  3.9600000e+002 -1.2611957e+002 -4.1084085e+000
  4.0000000e+002 -1.2585636e+002 -3.9072847e+000
  4.0400000e+002 -1.2533159e+002 -4.4018335e+000
  4.0800000e+002 -1.2577363e+002 -4.6777472e+000
  4.1200000e+002 -1.2582445e+002 -4.3347483e+000
  4.1600000e+002 -1.2581554e+002 -4.0795164e+000
  4.2000000e+002 -1.2570747e+002 -3.7354660e+000
  4.2400000e+002 -1.2537622e+002 -3.9049273e+000
  4.2800000e+002 -1.2431430e+002 -4.0911775e+000
  4.3200000e+002 -1.2390598e+002 -4.5106964e+000
  4.3600000e+002 -1.2417097e+002 -4.0399370e+000
  4.4000000e+002 -1.2404268e+002 -4.4157262e+000
  4.4400000e+002 -1.2391932e+002 -4.8923831e+000
  4.4800000e+002 -1.2292902e+002 -4.6726022e+000
  4.5200000e+002 -1.2216061e+002 -4.7644329e+000
  4.5600000e+002 -1.2282524e+002 -5.1869850e+000
  4.6000000e+002 -1.2293912e+002 -5.7099590e+000
  4.6400000e+002 -1.2264271e+002 -5.9803905e+000
  4.6800000e+002 -1.2197954e+002 -6.0459046e+000
  4.7200000e+002 -1.2060921e+002 -6.3139296e+000
  4.7600000e+002 -1.2071238e+002 -6.8046780e+000
  4.8000000e+002 -1.2046276e+002 -6.9448600e+000
  4.8400000e+002 -1.2054887e+002 -7.0104637e+000
  4.8800000e+002 -1.2034382e+002 -7.7879643e+000
  4.9200000e+002 -1.1989292e+002 -8.1501989e+000
  4.9600000e+002 -1.1933152e+002 -8.1647234e+000
  5.0000000e+002 -1.1875343e+002 -9.0895691e+000
  5.0400000e+002 -1.1829734e+002 -9.5459728e+000
  5.0800000e+002 -1.1800082e+002 -9.6325369e+000
  5.1200000e+002 -1.1804534e+002 -9.7048903e+000
  5.1600000e+002 -1.1777904e+002 -1.0709159e+001
  5.2000000e+002 -1.1667137e+002 -1.1701805e+001
  5.2400000e+002 -1.1648663e+002 -1.2131786e+001
  5.2800000e+002 -1.1584930e+002 -1.2945714e+001
  5.3200000e+002 -1.1547453e+002 -1.3644581e+001
  5.3600000e+002 -1.1544927e+002 -1.3798475e+001
  5.4000000e+002 -1.1511138e+002 -1.5085756e+001
  5.4400000e+002 -1.1450120e+002 -1.5857234e+001
  5.4800000e+002 -1.1378374e+002 -1.6777960e+001
  5.5200000e+002 -1.1326025e+002 -1.7684647e+001
  5.5600000e+002 -1.1271043e+002 -1.8265211e+001
  5.6000000e+002 -1.1265261e+002 -1.9956322e+001
  5.6400000e+002 -1.1235875e+002 -2.1916292e+001
  5.6800000e+002 -1.1186915e+002 -2.3335476e+001
  5.7200000e+002 -1.1171719e+002 -2.4805269e+001
  5.7600000e+002 -1.1180880e+002 -2.6107069e+001
  5.8000000e+002 -1.1292419e+002 -2.7654055e+001
  5.8400000e+002 -1.1318591e+002 -2.9604826e+001
  5.8800000e+002 -1.1259952e+002 -3.1562860e+001
  5.9200000e+002 -1.1318649e+002 -3.2949310e+001
  5.9600000e+002 -1.1421147e+002 -3.4960968e+001
  6.0000000e+002 -1.1481502e+002 -3.6838795e+001
  6.0400000e+002 -1.1661806e+002 -3.8612801e+001
  6.0800000e+002 -1.1760790e+002 -4.0878342e+001
  6.1200000e+002 -1.1899151e+002 -4.2653831e+001
  6.1600000e+002 -1.2115845e+002 -4.4576931e+001
  6.2000000e+002 -1.2246485e+002 -4.6460049e+001
  6.2400000e+002 -1.2489626e+002 -4.7488514e+001
  6.2800000e+002 -1.2775742e+002 -4.8655926e+001
  6.3200000e+002 -1.3077109e+002 -4.9739815e+001
  6.3600000e+002 -1.3274493e+002 -5.0363510e+001
  6.4000000e+002 -1.3535995e+002 -5.1004925e+001
  6.4400000e+002 -1.3804242e+002 -5.1391659e+001
  6.4800000e+002 -1.4123169e+002 -5.0843819e+001
  6.5200000e+002 -1.4358415e+002 -5.0300632e+001
  6.5600000e+002 -1.4647954e+002 -5.0175270e+001
  6.6000000e+002 -1.4893459e+002 -4.9247524e+001
  6.6400000e+002 -1.5137218e+002 -4.7440346e+001
  6.6800000e+002 -1.5330023e+002 -4.6870831e+001
  6.7200000e+002 -1.5499994e+002 -4.5714882e+001
  6.7600000e+002 -1.5652570e+002 -4.4494095e+001
  6.8000000e+002 -1.5815642e+002 -4.3277275e+001
  6.8400000e+002 -1.6012242e+002 -4.0643002e+001
  6.8800000e+002 -1.6144597e+002 -3.8728664e+001
  6.9200000e+002 -1.6185391e+002 -3.7069527e+001
  6.9600000e+002 -1.6279994e+002 -3.5586193e+001
  7.0000000e+002 -1.6325603e+002 -3.3500755e+001
  7.0400000e+002 -1.6405135e+002 -3.2366741e+001
  7.0800000e+002 -1.6395430e+002 -3.1251169e+001
  7.1200000e+002 -1.6469743e+002 -2.9778126e+001
  7.1600000e+002 -1.6508630e+002 -2.8487663e+001
  7.2000000e+002 -1.6551186e+002 -2.7024811e+001
  7.2400000e+002 -1.6567946e+002 -2.6474949e+001
  7.2800000e+002 -1.6531480e+002 -2.4397312e+001
  7.3200000e+002 -1.6570801e+002 -2.2786646e+001
  7.3600000e+002 -1.6538519e+002 -2.2464853e+001
  7.4000000e+002 -1.6522047e+002 -2.1083366e+001
  7.4400000e+002 -1.6662781e+002 -2.0018818e+001
  7.4800000e+002 -1.6564572e+002 -1.8703470e+001
  7.5200000e+002 -1.6474167e+002 -1.7737196e+001
  7.5600000e+002 -1.6476636e+002 -1.7286779e+001
  7.6000000e+002 -1.6452409e+002 -1.6426611e+001
  7.6400000e+002 -1.6466016e+002 -1.5468312e+001
  7.6800000e+002 -1.6488126e+002 -1.4687819e+001
  7.7200000e+002 -1.6479553e+002 -1.4151997e+001
  7.7600000e+002 -1.6385922e+002 -1.3877028e+001
  7.8000000e+002 -1.6323021e+002 -1.2654774e+001
  7.8400000e+002 -1.6330415e+002 -1.2466864e+001
  7.8800000e+002 -1.6210370e+002 -1.2429393e+001
  7.9200000e+002 -1.6209248e+002 -1.1446036e+001
  7.9600000e+002 -1.6233633e+002 -1.1242964e+001
  8.0000000e+002 -1.6206189e+002 -1.0239670e+001
  8.0400000e+002 -1.6140910e+002 -9.9197149e+000
  8.0800000e+002 -1.6074940e+002 -9.3482704e+000
  8.1200000e+002 -1.6112627e+002 -9.5172386e+000
  8.1600000e+002 -1.6142584e+002 -9.0663118e+000
  8.2000000e+002 -1.6093077e+002 -8.9308634e+000
  8.2400000e+002 -1.6029845e+002 -8.6348591e+000
  8.2800000e+002 -1.6003789e+002 -8.8393726e+000
  8.3200000e+002 -1.6029199e+002 -8.4810009e+000
  8.3600000e+002 -1.6011201e+002 -7.4278822e+000
  8.4000000e+002 -1.5961504e+002 -6.9492064e+000
  8.4400000e+002 -1.5888913e+002 -6.5628281e+000
  8.4800000e+002 -1.5877151e+002 -6.5648060e+000
  8.5200000e+002 -1.5884097e+002 -5.6450152e+000
  8.5600000e+002 -1.5881255e+002 -5.3774366e+000
  8.6000000e+002 -1.5868747e+002 -6.4925380e+000
  8.6400000e+002 -1.5800829e+002 -6.2787714e+000
  8.6800000e+002 -1.5818306e+002 -5.1477137e+000
  8.7200000e+002 -1.5839812e+002 -5.4417448e+000
  8.7600000e+002 -1.5792831e+002 -5.0323830e+000
  8.8000000e+002 -1.5753471e+002 -4.6918159e+000
  8.8400000e+002 -1.5752303e+002 -4.3117633e+000
  8.8800000e+002 -1.5687306e+002 -3.9180202e+000
  8.9200000e+002 -1.5698875e+002 -4.0978966e+000
  8.9600000e+002 -1.5666035e+002 -3.8757126e+000
  9.0000000e+002 -1.5734349e+002 -3.9858391e+000
  9.0400000e+002 -1.5685457e+002 -3.3011804e+000
  9.0800000e+002 -1.5664233e+002 -2.4578371e+000
  9.1200000e+002 -1.5664984e+002 -2.8518708e+000
  9.1600000e+002 -1.5619261e+002 -3.0737534e+000
  9.2000000e+002 -1.5655090e+002 -2.9304612e+000
  9.2400000e+002 -1.5682828e+002 -2.9961689e+000
  9.2800000e+002 -1.5702950e+002 -2.4995143e+000
  9.3200000e+002 -1.5679057e+002 -2.1405842e+000
  9.3600000e+002 -1.5616183e+002 -2.6038797e+000
  9.4000000e+002 -1.5587872e+002 -2.2796164e+000
  9.4400000e+002 -1.5546681e+002 -2.0498025e+000
  9.4800000e+002 -1.5551706e+002 -2.3060756e+000
  9.5200000e+002 -1.5573940e+002 -2.1445787e+000
  9.5600000e+002 -1.5565569e+002 -1.7555931e+000
  9.6000000e+002 -1.5521021e+002 -1.3735807e+000
  9.6400000e+002 -1.5499150e+002 -1.5190269e+000
  9.6800000e+002 -1.5476929e+002 -1.4944036e+000
  9.7200000e+002 -1.5385158e+002 -1.5640619e+000
  9.7600000e+002 -1.5455698e+002 -1.7023638e+000
  9.8000000e+002 -1.5485620e+002 -1.3930590e+000
  9.8400000e+002 -1.5404037e+002 -1.3152614e+000
  9.8800000e+002 -1.5384314e+002 -1.6270894e+000
  9.9200000e+002 -1.5378453e+002 -1.5476041e+000
  9.9600000e+002 -1.5371835e+002 -1.3529071e+000
  1.0000000e+003 -1.5340245e+002 -1.5878694e+000
  1.0040000e+003 -1.5424013e+002 -1.4958569e+000
  1.0080000e+003 -1.5412885e+002 -1.1229328e+000
  1.0120000e+003 -1.5388152e+002 -1.1981398e+000
  1.0160000e+003 -1.5410251e+002 -7.8471375e-001
  1.0200000e+003 -1.5413892e+002 -1.0091015e+000
  1.0240000e+003 -1.5361528e+002 -4.9342003e-001
  1.0280000e+003 -1.5406233e+002 -3.8645810e-001
  1.0320000e+003 -1.5379224e+002 -4.3567154e-001
  1.0360000e+003 -1.5393794e+002 -6.2332529e-001
  1.0400000e+003 -1.5456206e+002 -4.1004637e-001
  1.0440000e+003 -1.5437178e+002 -1.5037295e-001
  1.0480000e+003 -1.5388033e+002 -3.7752759e-001
  1.0520000e+003 -1.5376062e+002 -4.8229638e-001
  1.0560000e+003 -1.5357327e+002 -2.1326250e-001
  1.0600000e+003 -1.5387288e+002 -3.0618203e-001
  1.0640000e+003 -1.5382767e+002 -9.6634880e-002
  1.0680000e+003 -1.5345010e+002 -8.1459641e-002
  1.0720000e+003 -1.5341733e+002 -4.8639578e-001
  1.0760000e+003 -1.5381509e+002 -8.4205037e-001
  1.0800000e+003 -1.5357857e+002 -8.5182661e-001
  1.0840000e+003 -1.5368526e+002  4.1675150e-001
  1.0880000e+003 -1.5283595e+002  6.7299910e-002
  1.0920000e+003 -1.5301373e+002 -4.8969945e-001
  1.0960000e+003 -1.5293153e+002  3.6350644e-001
  1.1000000e+003 -1.5291205e+002  2.0256814e-001
  1.1040000e+003 -1.5230331e+002 -3.3632672e-001
  1.1080000e+003 -1.5277742e+002 -3.3622780e-003
  1.1120000e+003 -1.5295778e+002 -1.9604196e-001
  1.1160000e+003 -1.5290540e+002 -6.7409940e-002
  1.1200000e+003 -1.5275134e+002  9.0788817e-001
  1.1240000e+003 -1.5266275e+002  1.0726186e+000
  1.1280000e+003 -1.5303555e+002  8.5186779e-001
  1.1320000e+003 -1.5274777e+002  3.9495957e-001
  1.1360000e+003 -1.5323196e+002  2.2681297e-001
  1.1400000e+003 -1.5359184e+002 -2.1863429e-001
  1.1440000e+003 -1.5328981e+002 -1.4452013e-001
  1.1480000e+003 -1.5321263e+002 -3.6577806e-001
  1.1520000e+003 -1.5305956e+002  1.9596411e-001
  1.1560000e+003 -1.5287596e+002  4.2816108e-001
  1.1600000e+003 -1.5321033e+002  5.9957087e-001
  1.1640000e+003 -1.5291968e+002  7.7940989e-001
  1.1680000e+003 -1.5272884e+002  6.9803274e-001
  1.1720000e+003 -1.5316284e+002  1.1439751e+000
  1.1760000e+003 -1.5292606e+002  1.3782490e+000
  1.1800000e+003 -1.5249225e+002  1.3684921e+000
  1.1840000e+003 -1.5209804e+002  1.7235564e+000
  1.1880000e+003 -1.5205919e+002  1.6260757e+000
  1.1920000e+003 -1.5217337e+002  1.4659663e+000
  1.1960000e+003 -1.5208711e+002  1.6607172e+000
  1.2000000e+003 -1.5173264e+002  1.9835753e+000
  1.2040000e+003 -1.5202145e+002  1.7152783e+000
  1.2080000e+003 -1.5221767e+002  5.3930998e-001
  1.2120000e+003 -1.5211459e+002  1.3063377e+000
  1.2160000e+003 -1.5215482e+002  2.1315498e+000
  1.2200000e+003 -1.5192326e+002  1.9159878e+000
  1.2240000e+003 -1.5169292e+002  1.6959001e+000
  1.2280000e+003 -1.5138509e+002  1.6875279e+000
  1.2320000e+003 -1.5173260e+002  2.0449371e+000
  1.2360000e+003 -1.5204974e+002  2.2915001e+000
  1.2400000e+003 -1.5175131e+002  2.0207105e+000
  1.2440000e+003 -1.5164931e+002  1.4671072e+000
  1.2480000e+003 -1.5138664e+002  1.8662484e+000
  1.2520000e+003 -1.5159877e+002  1.9321849e+000
  1.2560000e+003 -1.5142809e+002  1.7309164e+000
  1.2600000e+003 -1.5086214e+002  1.5802931e+000
  1.2640000e+003 -1.5163315e+002  1.7751571e+000
  1.2680000e+003 -1.5193559e+002  2.1953921e+000
  1.2720000e+003 -1.5160175e+002  2.1167924e+000
  1.2760000e+003 -1.5083691e+002  1.6550570e+000
  1.2800000e+003 -1.5076614e+002  1.8063781e+000
  1.2840000e+003 -1.5138957e+002  2.0202618e+000
  1.2880000e+003 -1.5139160e+002  2.1402960e+000
  1.2920000e+003 -1.5181349e+002  2.1635816e+000
  1.2960000e+003 -1.5209317e+002  2.1791077e+000
  1.3000000e+003 -1.5127908e+002  2.0041950e+000
  1.3040000e+003 -1.5131329e+002  2.5769229e+000
  1.3080000e+003 -1.5137410e+002  2.3494384e+000
  1.3120000e+003 -1.5141620e+002  2.2258241e+000
  1.3160000e+003 -1.5149551e+002  2.3390605e+000
  1.3200000e+003 -1.5120058e+002  2.0343101e+000
  1.3240000e+003 -1.5097557e+002  2.2387733e+000
  1.3280000e+003 -1.5109070e+002  2.2074456e+000
  1.3320000e+003 -1.5099908e+002  2.0618033e+000
  1.3360000e+003 -1.5138863e+002  2.3904219e+000
  1.3400000e+003 -1.5119963e+002  2.3869829e+000
  1.3440000e+003 -1.5102556e+002  2.3323047e+000
  1.3480000e+003 -1.5128023e+002  2.3747451e+000
  1.3520000e+003 -1.5122777e+002  2.7327363e+000
  1.3560000e+003 -1.5120425e+002  2.8448489e+000
  1.3600000e+003 -1.5111446e+002  2.6657014e+000
  1.3640000e+003 -1.5139606e+002  2.2908158e+000
  1.3680000e+003 -1.5123187e+002  2.1079419e+000
  1.3720000e+003 -1.5133749e+002  2.0842948e+000
  1.3760000e+003 -1.5116432e+002  2.3824031e+000
  1.3800000e+003 -1.5128485e+002  2.9590199e+000
  1.3840000e+003 -1.5110550e+002  2.7794485e+000
  1.3880000e+003 -1.5077052e+002  2.7789972e+000
  1.3920000e+003 -1.5095728e+002  2.3853304e+000
  1.3960000e+003 -1.5137822e+002  2.7474356e+000
  1.4000000e+003 -1.5128333e+002  2.4527628e+000
  1.4040000e+003 -1.5113016e+002  2.5888126e+000
  1.4080000e+003 -1.5065474e+002  2.9062324e+000
  1.4120000e+003 -1.5069966e+002  2.7591789e+000
  1.4160000e+003 -1.5078105e+002  2.9406047e+000
  1.4200000e+003 -1.5072435e+002  2.9802549e+000
  1.4240000e+003 -1.5031726e+002  2.6129205e+000
  1.4280000e+003 -1.5040208e+002  2.4152029e+000
  1.4320000e+003 -1.5098920e+002  2.8825045e+000
  1.4360000e+003 -1.5052104e+002  2.5365715e+000
  1.4400000e+003 -1.5022533e+002  2.1260974e+000
  1.4440000e+003 -1.5042563e+002  2.4479599e+000
  1.4480000e+003 -1.5057588e+002  2.5888603e+000
  1.4520000e+003 -1.5096825e+002  2.8192816e+000
  1.4560000e+003 -1.5109372e+002  2.3777289e+000
  1.4600000e+003 -1.5046646e+002  2.6550217e+000
  1.4640000e+003 -1.5053906e+002  2.6485534e+000
  1.4680000e+003 -1.5056947e+002  2.5601075e+000
  1.4720000e+003 -1.5092238e+002  2.3786631e+000
  1.4760000e+003 -1.5085757e+002  2.4193664e+000
  1.4800000e+003 -1.5042067e+002  2.5989747e+000
  1.4840000e+003 -1.5057933e+002  2.5657330e+000
  1.4880000e+003 -1.5062318e+002  2.4239631e+000
  1.4920000e+003 -1.5023126e+002  2.3293858e+000
  1.4960000e+003 -1.5036237e+002  2.3366208e+000
  1.5000000e+003 -1.5084145e+002  2.1594269e+000
  1.5040000e+003 -1.5050240e+002  2.0890338e+000
  1.5080000e+003 -1.5040004e+002  2.1240604e+000
  1.5120000e+003 -1.5048209e+002  2.1953013e+000
  1.5160000e+003 -1.5046527e+002  2.4971817e+000
  1.5200000e+003 -1.5012222e+002  2.2839470e+000
  1.5240000e+003 -1.4998215e+002  2.2675538e+000
  1.5280000e+003 -1.5036986e+002  2.3105748e+000
  1.5320000e+003 -1.5051161e+002  2.2895806e+000
  1.5360000e+003 -1.5021771e+002  2.1246927e+000
  1.5400000e+003 -1.5028059e+002  2.2616949e+000
  1.5440000e+003 -1.5008910e+002  2.1327982e+000
  1.5480000e+003 -1.5029311e+002  2.6491125e+000
  1.5520000e+003 -1.5034904e+002  2.7367599e+000
  1.5560000e+003 -1.5022966e+002  2.0677440e+000
  1.5600000e+003 -1.5024013e+002  2.0766418e+000
  1.5640000e+003 -1.4997757e+002  1.8792325e+000
  1.5680000e+003 -1.5014201e+002  1.9014992e+000
  1.5720000e+003 -1.5042867e+002  2.1641693e+000
  1.5760000e+003 -1.5052599e+002  1.8893659e+000
  1.5800000e+003 -1.5034990e+002  1.5839764e+000
  1.5840000e+003 -1.4994672e+002  1.4539996e+000
  1.5880000e+003 -1.4970345e+002  1.6189474e+000
  1.5920000e+003 -1.4985843e+002  1.8465747e+000
  1.5960000e+003 -1.5024356e+002  1.5844799e+000
  1.6000000e+003 -1.5042763e+002  1.7611529e+000
