  0.0000000e+000 -2.4227343e+000  0.0000000e+000
  4.0000000e+000 -2.3937082e+000 -2.5551629e-001
  8.0000000e+000 -3.0656084e+001 -1.6963527e+000
  1.2000000e+001 -1.1683199e+002 -8.2851801e+000
  1.6000000e+001 -1.2404145e+002 -1.9235294e+001
  2.0000000e+001 -1.2352815e+002 -1.3655757e+001
  2.4000000e+001 -1.2448756e+002 -1.0221438e+001
  2.8000000e+001 -1.2488553e+002 -9.1851635e+000
  3.2000000e+001 -1.2444765e+002 -8.0415716e+000
  3.6000000e+001 -1.2291634e+002 -7.0372400e+000
  4.0000000e+001 -1.2097906e+002 -5.4372225e+000
  4.4000000e+001 -1.1986854e+002 -5.7659116e+000
  4.8000000e+001 -1.1835370e+002 -6.4607339e+000
  5.2000000e+001 -1.1812573e+002 -7.0125160e+000
  5.6000000e+001 -1.1927723e+002 -6.4795547e+000
  6.0000000e+001 -1.1950999e+002 -7.4820476e+000
  6.4000000e+001 -1.1810843e+002 -7.9901137e+000
  6.8000000e+001 -1.1970676e+002 -9.1715546e+000
  7.2000000e+001 -1.2043848e+002 -8.4581308e+000
  7.6000000e+001 -1.1884393e+002 -8.9238167e+000
  8.0000000e+001 -1.2066418e+002 -1.2738235e+001
  8.4000000e+001 -1.2556902e+002 -1.1300644e+001
  8.8000000e+001 -1.2467500e+002 -6.3596301e+000
  9.2000000e+001 -1.1925340e+002 -6.5675983e+000
  9.6000000e+001 -1.2049129e+002 -1.2999872e+001
  1.0000000e+002 -1.2941022e+002 -1.2511980e+001
  1.0400000e+002 -1.2920435e+002 -7.8314252e+000
  1.0800000e+002 -1.3080487e+002 -5.0475645e+000
  1.1200000e+002 -1.2877588e+002 -3.4865086e+000
  1.1600000e+002 -1.2753375e+002 -3.2858803e+000
  1.2000000e+002 -1.2701450e+002 -2.6174486e+000
  1.2400000e+002 -1.2564951e+002 -2.8280497e+000
  1.2800000e+002 -1.2539274e+002 -2.4821603e+000
  1.3200000e+002 -1.2538366e+002 -2.8108242e+000
  1.3600000e+002 -1.2443498e+002 -2.9968369e+000
  1.4000000e+002 -1.2350642e+002 -3.1663780e+000
  1.4400000e+002 -1.2409313e+002 -3.6320655e+000
  1.4800000e+002 -1.2339220e+002 -3.4707325e+000
  1.5200000e+002 -1.2358453e+002 -2.9120014e+000
  1.5600000e+002 -1.2296572e+002 -2.8557754e+000
  1.6000000e+002 -1.2256142e+002 -3.1456265e+000
  1.6400000e+002 -1.2248577e+002 -5.0080309e+000
  1.6800000e+002 -1.2384010e+002 -4.4391451e+000
  1.7200000e+002 -1.2292511e+002 -2.5736322e+000
  1.7600000e+002 -1.2166626e+002 -3.4611630e+000
  1.8000000e+002 -1.2037904e+002 -3.7869918e+000
  1.8400000e+002 -1.1974343e+002 -6.1629286e+000
  1.8800000e+002 -1.2264584e+002 -9.7851553e+000
  1.9200000e+002 -1.2691696e+002 -8.3083754e+000
  1.9600000e+002 -1.2780697e+002 -3.1164312e+000
  2.0000000e+002 -1.2682210e+002 -1.9443233e+000
  2.0400000e+002 -1.2546045e+002 -1.9572667e+000
  2.0800000e+002 -1.2476498e+002 -2.0843382e+000
  2.1200000e+002 -1.2476974e+002 -3.0234311e+000
  2.1600000e+002 -1.2490308e+002 -2.9566171e+000
  2.2000000e+002 -1.2551709e+002 -2.6608546e+000
  2.2400000e+002 -1.2519341e+002 -2.0989020e+000
  2.2800000e+002 -1.2515292e+002 -1.9084755e+000
  2.3200000e+002 -1.2422393e+002 -2.0811841e+000
  2.3600000e+002 -1.2399289e+002 -2.0764310e+000
  2.4000000e+002 -1.2371214e+002 -1.6475453e+000
  2.4400000e+002 -1.2327931e+002 -1.8701575e+000
  2.4800000e+002 -1.2343115e+002 -2.1545141e+000
  2.5200000e+002 -1.2393654e+002 -1.8385360e+000
  2.5600000e+002 -1.2312048e+002 -2.1516953e+000
  2.6000000e+002 -1.2226344e+002 -2.3498125e+000
  2.6400000e+002 -1.2174046e+002 -2.9015210e+000
  2.6800000e+002 -1.2256295e+002 -5.6905718e+000
  2.7200000e+002 -1.2493572e+002 -5.0947251e+000
  2.7600000e+002 -1.2426307e+002 -2.1955740e+000
  2.8000000e+002 -1.2395558e+002 -2.0916252e+000
  2.8400000e+002 -1.2434346e+002 -2.7624412e+000
  2.8800000e+002 -1.2510970e+002 -2.6738608e+000
  2.9200000e+002 -1.2446664e+002 -1.7616165e+000
  2.9600000e+002 -1.2433818e+002 -1.9126343e+000
  3.0000000e+002 -1.2402959e+002 -2.3475292e+000
  3.0400000e+002 -1.2430759e+002 -2.1583266e+000
  3.0800000e+002 -1.2368499e+002 -2.2004828e+000
  3.1200000e+002 -1.2331609e+002 -1.7949088e+000
  3.1600000e+002 -1.2358672e+002 -1.6583153e+000
  3.2000000e+002 -1.2448062e+002 -1.8729166e+000
  3.2400000e+002 -1.2428946e+002 -1.3765191e+000
  3.2800000e+002 -1.2404865e+002 -8.0653012e-001
  3.3200000e+002 -1.2326186e+002  3.4072685e-001
  3.3600000e+002 -1.2223809e+002  1.3785231e+000
  3.4000000e+002 -1.2158979e+002  1.7557085e-001
  3.4400000e+002 -1.2154068e+002 -1.0954334e+000
  3.4800000e+002 -1.2143641e+002 -1.5130211e+000
  3.5200000e+002 -1.2132048e+002 -1.2166792e+000
  3.5600000e+002 -1.2124705e+002 -1.4586225e+000
  3.6000000e+002 -1.2117459e+002 -1.8070070e+000
  3.6400000e+002 -1.2200826e+002 -2.1984737e+000
  3.6800000e+002 -1.2227585e+002 -2.2935095e+000
  3.7200000e+002 -1.2235037e+002 -2.6639969e+000
  3.7600000e+002 -1.2224646e+002 -2.3193440e+000
  3.8000000e+002 -1.2213936e+002 -1.4951884e+000
  3.8400000e+002 -1.2211382e+002 -1.6966662e+000
  3.8800000e+002 -1.2182874e+002 -2.0250487e+000
  3.9200000e+002 -1.2165706e+002 -2.0161097e+000
  3.9600000e+002 -1.2159894e+002 -1.6963702e+000
  4.0000000e+002 -1.2096249e+002 -1.6671050e+000
  4.0400000e+002 -1.2094050e+002 -1.8065152e+000
  4.0800000e+002 -1.2132766e+002 -2.0975645e+000
  4.1200000e+002 -1.2161876e+002 -2.4917114e+000
  4.1600000e+002 -1.2134716e+002 -2.1331193e+000
  4.2000000e+002 -1.2161190e+002 -1.8069315e+000
  4.2400000e+002 -1.2148296e+002 -2.1272235e+000
  4.2800000e+002 -1.2133080e+002 -2.6077313e+000
  4.3200000e+002 -1.2127613e+002 -1.9919232e+000
  4.3600000e+002 -1.2060217e+002 -1.8162367e+000
  4.4000000e+002 -1.2083109e+002 -1.8712885e+000
  4.4400000e+002 -1.2070695e+002 -1.9067917e+000
  4.4800000e+002 -1.2017645e+002 -1.9997872e+000
  4.5200000e+002 -1.2006947e+002 -2.4099681e+000
  4.5600000e+002 -1.1992483e+002 -2.4234612e+000
  4.6000000e+002 -1.2017547e+002 -2.5977287e+000
  4.6400000e+002 -1.2065930e+002 -2.3304541e+000
  4.6800000e+002 -1.2062999e+002 -2.3038752e+000
  4.7200000e+002 -1.2007352e+002 -1.9005443e+000
  4.7600000e+002 -1.1961103e+002 -1.4628446e+000
  4.8000000e+002 -1.1960598e+002 -1.8809797e+000
  4.8400000e+002 -1.1934705e+002 -1.9473414e+000
  4.8800000e+002 -1.1941418e+002 -1.5314357e+000
  4.9200000e+002 -1.1985303e+002 -1.7955669e+000
  4.9600000e+002 -1.1951406e+002 -2.3021355e+000
  5.0000000e+002 -1.1914768e+002 -1.9915124e+000
  5.0400000e+002 -1.1871894e+002 -1.8925142e+000
  5.0800000e+002 -1.1884393e+002 -1.4863536e+000
  5.1200000e+002 -1.1870879e+002 -1.6441275e+000
  5.1600000e+002 -1.1830064e+002 -2.3047440e+000
  5.2000000e+002 -1.1818073e+002 -2.9509704e+000
  5.2400000e+002 -1.1832336e+002 -2.3845146e+000
  5.2800000e+002 -1.1824828e+002 -1.9933950e+000
  5.3200000e+002 -1.1802879e+002 -2.0259244e+000
  5.3600000e+002 -1.1799607e+002 -2.4304438e+000
  5.4000000e+002 -1.1765771e+002 -2.3558691e+000
  5.4400000e+002 -1.1720888e+002 -2.3481138e+000
  5.4800000e+002 -1.1678713e+002 -2.1783555e+000
  5.5200000e+002 -1.1652025e+002 -2.4251890e+000
  5.5600000e+002 -1.1647352e+002 -2.4407368e+000
  5.6000000e+002 -1.1607495e+002 -3.0212555e+000
  5.6400000e+002 -1.1600372e+002 -3.0801229e+000
  5.6800000e+002 -1.1592189e+002 -2.8738816e+000
  5.7200000e+002 -1.1569810e+002 -2.7620313e+000
  5.7600000e+002 -1.1601940e+002 -3.2153537e+000
  5.8000000e+002 -1.1544191e+002 -3.4011431e+000
  5.8400000e+002 -1.1475804e+002 -3.3478608e+000
  5.8800000e+002 -1.1489531e+002 -3.3895648e+000
  5.9200000e+002 -1.1513076e+002 -3.6792483e+000
  5.9600000e+002 -1.1449630e+002 -3.9264143e+000
  6.0000000e+002 -1.1389171e+002 -3.9936178e+000
  6.0400000e+002 -1.1348042e+002 -4.0088205e+000
  6.0800000e+002 -1.1357854e+002 -4.0470352e+000
  6.1200000e+002 -1.1359589e+002 -4.2778440e+000
  6.1600000e+002 -1.1310313e+002 -4.6226249e+000
  6.2000000e+002 -1.1306548e+002 -5.0216837e+000
  6.2400000e+002 -1.1248412e+002 -5.0264883e+000
  6.2800000e+002 -1.1265355e+002 -5.1505556e+000
  6.3200000e+002 -1.1242227e+002 -5.0925560e+000
  6.3600000e+002 -1.1216969e+002 -5.6428714e+000
  6.4000000e+002 -1.1173769e+002 -5.8261724e+000
  6.4400000e+002 -1.1129472e+002 -5.6316495e+000
  6.4800000e+002 -1.1104056e+002 -5.7243233e+000
  6.5200000e+002 -1.1083590e+002 -6.0664487e+000
  6.5600000e+002 -1.1077959e+002 -6.2451310e+000
  6.6000000e+002 -1.1068091e+002 -6.5340128e+000
  6.6400000e+002 -1.1061993e+002 -6.8664355e+000
  6.6800000e+002 -1.1064254e+002 -7.0300031e+000
  6.7200000e+002 -1.1047366e+002 -7.2452364e+000
  6.7600000e+002 -1.1019988e+002 -7.5506754e+000
  6.8000000e+002 -1.0993874e+002 -7.4015098e+000
  6.8400000e+002 -1.0936207e+002 -7.4280124e+000
  6.8800000e+002 -1.0946110e+002 -7.5353980e+000
  6.9200000e+002 -1.0919671e+002 -7.5317545e+000
  6.9600000e+002 -1.0872060e+002 -7.8505998e+000
  7.0000000e+002 -1.0872951e+002 -8.2246981e+000
  7.0400000e+002 -1.0850816e+002 -8.2615566e+000
  7.0800000e+002 -1.0770722e+002 -8.4944010e+000
  7.1200000e+002 -1.0745248e+002 -8.9209881e+000
  7.1600000e+002 -1.0738570e+002 -9.1702843e+000
  7.2000000e+002 -1.0661864e+002 -9.3104458e+000
  7.2400000e+002 -1.0624080e+002 -9.4419985e+000
  7.2800000e+002 -1.0625853e+002 -9.5432692e+000
  7.3200000e+002 -1.0579262e+002 -9.9696712e+000
  7.3600000e+002 -1.0477470e+002 -1.0099274e+001
  7.4000000e+002 -1.0454589e+002 -1.0292105e+001
  7.4400000e+002 -1.0425550e+002 -1.0568172e+001
  7.4800000e+002 -1.0390511e+002 -1.0964065e+001
  7.5200000e+002 -1.0298399e+002 -1.1237318e+001
  7.5600000e+002 -1.0245039e+002 -1.1679705e+001
  7.6000000e+002 -1.0221278e+002 -1.2071233e+001
  7.6400000e+002 -1.0171285e+002 -1.2716334e+001
  7.6800000e+002 -1.0128774e+002 -1.3232975e+001
  7.7200000e+002 -1.0086681e+002 -1.3430294e+001
  7.7600000e+002 -1.0010186e+002 -1.4072888e+001
  7.8000000e+002 -9.9508507e+001 -1.4455979e+001
  7.8400000e+002 -9.9096161e+001 -1.5089686e+001
  7.8800000e+002 -9.8212097e+001 -1.6117302e+001
  7.9200000e+002 -9.7675072e+001 -1.6382513e+001
  7.9600000e+002 -9.6975258e+001 -1.7191990e+001
  8.0000000e+002 -9.6408264e+001 -1.7903141e+001
  8.0400000e+002 -9.5994751e+001 -1.8132195e+001
  8.0800000e+002 -9.5393929e+001 -1.9170467e+001
  8.1200000e+002 -9.4990791e+001 -2.0122118e+001
  8.1600000e+002 -9.4353622e+001 -2.1348621e+001
  8.2000000e+002 -9.3397911e+001 -2.1789307e+001
  8.2400000e+002 -9.2746407e+001 -2.2773325e+001
  8.2800000e+002 -9.2291534e+001 -2.4011681e+001
  8.3200000e+002 -9.1942680e+001 -2.5039635e+001
  8.3600000e+002 -9.1376450e+001 -2.6093502e+001
  8.4000000e+002 -9.0742012e+001 -2.7143541e+001
  8.4400000e+002 -8.9919266e+001 -2.8275898e+001
  8.4800000e+002 -8.9399704e+001 -3.0033241e+001
  8.5200000e+002 -8.8908882e+001 -3.1061323e+001
  8.5600000e+002 -8.8339287e+001 -3.2253098e+001
  8.6000000e+002 -8.7818253e+001 -3.4065838e+001
  8.6400000e+002 -8.6980103e+001 -3.5981628e+001
  8.6800000e+002 -8.6480522e+001 -3.7670204e+001
  8.7200000e+002 -8.6283592e+001 -3.8946823e+001
  8.7600000e+002 -8.6133461e+001 -4.0916142e+001
  8.8000000e+002 -8.5669540e+001 -4.2949532e+001
  8.8400000e+002 -8.5671684e+001 -4.5246410e+001
  8.8800000e+002 -8.5629288e+001 -4.6929874e+001
  8.9200000e+002 -8.5547234e+001 -4.8979191e+001
  8.9600000e+002 -8.5803497e+001 -5.1606964e+001
  9.0000000e+002 -8.5566742e+001 -5.3712074e+001
  9.0400000e+002 -8.6079185e+001 -5.6285332e+001
  9.0800000e+002 -8.6728081e+001 -5.9032181e+001
  9.1200000e+002 -8.6909302e+001 -6.1709023e+001
  9.1600000e+002 -8.7731377e+001 -6.3913307e+001
  9.2000000e+002 -8.8624062e+001 -6.7222252e+001
  9.2400000e+002 -8.9218018e+001 -6.9613937e+001
  9.2800000e+002 -9.0833443e+001 -7.2660118e+001
  9.3200000e+002 -9.2254265e+001 -7.5776482e+001
  9.3600000e+002 -9.4058495e+001 -7.8625748e+001
  9.4000000e+002 -9.6324722e+001 -8.1498878e+001
  9.4400000e+002 -9.8280594e+001 -8.3435326e+001
  9.4800000e+002 -1.0077267e+002 -8.6411507e+001
  9.5200000e+002 -1.0346573e+002 -8.9635460e+001
  9.5600000e+002 -1.0668742e+002 -9.1418625e+001
  9.6000000e+002 -1.0982025e+002 -9.4062599e+001
  9.6400000e+002 -1.1302398e+002 -9.5068909e+001
  9.6800000e+002 -1.1601504e+002 -9.6990616e+001
  9.7200000e+002 -1.2024185e+002 -9.9357025e+001
  9.7600000e+002 -1.2500997e+002 -1.0045734e+002
  9.8000000e+002 -1.2899100e+002 -1.0068786e+002
  9.8400000e+002 -1.3224362e+002 -1.0058664e+002
  9.8800000e+002 -1.3618756e+002 -1.0135963e+002
  9.9200000e+002 -1.4099911e+002 -1.0176013e+002
  9.9600000e+002 -1.4510771e+002 -1.0174035e+002
  1.0000000e+003 -1.4844911e+002 -1.0179427e+002
  1.0040000e+003 -1.5192508e+002 -1.0094750e+002
  1.0080000e+003 -1.5540929e+002 -9.8613998e+001
  1.0120000e+003 -1.5928209e+002 -9.6555397e+001
  1.0160000e+003 -1.6387872e+002 -9.4782722e+001
  1.0200000e+003 -1.6706734e+002 -9.3384712e+001
  1.0240000e+003 -1.6998549e+002 -9.0703873e+001
  1.0280000e+003 -1.7208583e+002 -8.8339523e+001
  1.0320000e+003 -1.7392538e+002 -8.6339478e+001
  1.0360000e+003 -1.7513313e+002 -8.3896591e+001
  1.0400000e+003 -1.7858514e+002 -8.1713249e+001
  1.0440000e+003 -1.8086157e+002 -7.8709251e+001
  1.0480000e+003 -1.8172583e+002 -7.6613602e+001
  1.0520000e+003 -1.8387814e+002 -7.3781746e+001
  1.0560000e+003 -1.8508295e+002 -7.1010971e+001
  1.0600000e+003 -1.8555029e+002 -6.8797447e+001
  1.0640000e+003 -1.8669830e+002 -6.6008560e+001
  1.0680000e+003 -1.8750070e+002 -6.4332497e+001
  1.0720000e+003 -1.8849174e+002 -6.2247944e+001
  1.0760000e+003 -1.8939581e+002 -6.0048000e+001
  1.0800000e+003 -1.8858284e+002 -5.7839844e+001
  1.0840000e+003 -1.8906224e+002 -5.5551361e+001
  1.0880000e+003 -1.8985435e+002 -5.3576771e+001
  1.0920000e+003 -1.8994215e+002 -5.1713055e+001
  1.0960000e+003 -1.8978571e+002 -4.9421280e+001
  1.1000000e+003 -1.8953038e+002 -4.8562012e+001
  1.1040000e+003 -1.9007613e+002 -4.6397881e+001
  1.1080000e+003 -1.8977357e+002 -4.4239262e+001
  1.1120000e+003 -1.8906239e+002 -4.3414223e+001
  1.1160000e+003 -1.8900957e+002 -4.1822693e+001
  1.1200000e+003 -1.8921092e+002 -4.0122929e+001
  1.1240000e+003 -1.8887622e+002 -3.9461353e+001
  1.1280000e+003 -1.8765840e+002 -3.8508541e+001
  1.1320000e+003 -1.8742531e+002 -3.5905941e+001
  1.1360000e+003 -1.8770837e+002 -3.4180283e+001
  1.1400000e+003 -1.8765633e+002 -3.3352028e+001
  1.1440000e+003 -1.8778293e+002 -3.2668236e+001
  1.1480000e+003 -1.8704463e+002 -3.2570286e+001
  1.1520000e+003 -1.8728984e+002 -3.1048687e+001
  1.1560000e+003 -1.8673253e+002 -2.9557219e+001
  1.1600000e+003 -1.8567528e+002 -2.8035088e+001
  1.1640000e+003 -1.8474631e+002 -2.7870724e+001
  1.1680000e+003 -1.8488210e+002 -2.7241430e+001
  1.1720000e+003 -1.8471480e+002 -2.5855778e+001
  1.1760000e+003 -1.8409854e+002 -2.5444851e+001
  1.1800000e+003 -1.8243298e+002 -2.5318913e+001
  1.1840000e+003 -1.8274223e+002 -2.4341269e+001
  1.1880000e+003 -1.8251050e+002 -2.3388102e+001
  1.1920000e+003 -1.8253307e+002 -2.2693228e+001
  1.1960000e+003 -1.8219659e+002 -2.1948025e+001
  1.2000000e+003 -1.8236584e+002 -2.2419819e+001
  1.2040000e+003 -1.8088589e+002 -2.1622267e+001
  1.2080000e+003 -1.8113765e+002 -2.0391798e+001
  1.2120000e+003 -1.8063899e+002 -2.0323130e+001
  1.2160000e+003 -1.8032713e+002 -1.9517729e+001
  1.2200000e+003 -1.8076616e+002 -1.8587606e+001
  1.2240000e+003 -1.7999306e+002 -1.8687939e+001
  1.2280000e+003 -1.7918468e+002 -1.7983639e+001
  1.2320000e+003 -1.7905414e+002 -1.7725655e+001
  1.2360000e+003 -1.7897359e+002 -1.7306900e+001
  1.2400000e+003 -1.7851582e+002 -1.6009163e+001
  1.2440000e+003 -1.7831927e+002 -1.6341360e+001
  1.2480000e+003 -1.7809044e+002 -1.6230614e+001
  1.2520000e+003 -1.7837589e+002 -1.5818298e+001
  1.2560000e+003 -1.7694142e+002 -1.5807487e+001
  1.2600000e+003 -1.7563060e+002 -1.6443277e+001
  1.2640000e+003 -1.7577936e+002 -1.6161333e+001
  1.2680000e+003 -1.7678053e+002 -1.3715028e+001
  1.2720000e+003 -1.7615176e+002 -1.3417868e+001
  1.2760000e+003 -1.7649809e+002 -1.3202799e+001
  1.2800000e+003 -1.7629373e+002 -1.3012823e+001
  1.2840000e+003 -1.7502185e+002 -1.3785458e+001
  1.2880000e+003 -1.7533372e+002 -1.2839570e+001
  1.2920000e+003 -1.7590939e+002 -1.3001613e+001
  1.2960000e+003 -1.7575444e+002 -1.2072812e+001
  1.3000000e+003 -1.7483188e+002 -1.2787837e+001
  1.3040000e+003 -1.7512106e+002 -1.1714245e+001
  1.3080000e+003 -1.7491667e+002 -1.1032911e+001
  1.3120000e+003 -1.7553348e+002 -1.0853366e+001
  1.3160000e+003 -1.7487683e+002 -1.0640861e+001
  1.3200000e+003 -1.7422282e+002 -9.9046097e+000
  1.3240000e+003 -1.7345590e+002 -9.8825350e+000
  1.3280000e+003 -1.7388463e+002 -1.0358783e+001
  1.3320000e+003 -1.7358810e+002 -9.6849537e+000
  1.3360000e+003 -1.7326985e+002 -9.6271849e+000
  1.3400000e+003 -1.7317194e+002 -1.0146886e+001
  1.3440000e+003 -1.7344588e+002 -9.9942303e+000
  1.3480000e+003 -1.7290666e+002 -9.0307703e+000
  1.3520000e+003 -1.7209822e+002 -1.0332464e+001
  1.3560000e+003 -1.7230545e+002 -9.9937525e+000
  1.3600000e+003 -1.7250934e+002 -7.9555869e+000
  1.3640000e+003 -1.7118916e+002 -8.1399183e+000
  1.3680000e+003 -1.7103030e+002 -9.0369844e+000
  1.3720000e+003 -1.7204034e+002 -7.0879874e+000
  1.3760000e+003 -1.7181812e+002 -7.4659362e+000
  1.3800000e+003 -1.7135147e+002 -7.1053653e+000
  1.3840000e+003 -1.7147160e+002 -6.4271064e+000
  1.3880000e+003 -1.7147313e+002 -7.2750511e+000
  1.3920000e+003 -1.7157332e+002 -6.8286662e+000
  1.3960000e+003 -1.7067696e+002 -5.9789124e+000
  1.4000000e+003 -1.6952844e+002 -5.4232235e+000
  1.4040000e+003 -1.6983244e+002 -5.5946712e+000
  1.4080000e+003 -1.7067896e+002 -6.3186331e+000
  1.4120000e+003 -1.6993248e+002 -5.9987535e+000
  1.4160000e+003 -1.6980458e+002 -5.6876945e+000
  1.4200000e+003 -1.6949907e+002 -4.8309646e+000
  1.4240000e+003 -1.6929837e+002 -6.7351379e+000
  1.4280000e+003 -1.6935263e+002 -7.5738463e+000
  1.4320000e+003 -1.6907439e+002 -5.7871842e+000
  1.4360000e+003 -1.6865137e+002 -5.3008819e+000
  1.4400000e+003 -1.6861574e+002 -5.0737891e+000
  1.4440000e+003 -1.6860429e+002 -5.2497077e+000
  1.4480000e+003 -1.6863110e+002 -4.7211442e+000
  1.4520000e+003 -1.6789177e+002 -5.3662815e+000
  1.4560000e+003 -1.6727046e+002 -5.3355551e+000
  1.4600000e+003 -1.6719868e+002 -5.0490360e+000
  1.4640000e+003 -1.6809517e+002 -4.4655690e+000
  1.4680000e+003 -1.6832632e+002 -5.7174816e+000
  1.4720000e+003 -1.6788632e+002 -5.5599580e+000
  1.4760000e+003 -1.6774904e+002 -4.9676695e+000
  1.4800000e+003 -1.6753209e+002 -4.4274902e+000
  1.4840000e+003 -1.6717070e+002 -4.1532946e+000
  1.4880000e+003 -1.6682611e+002 -4.3152313e+000
  1.4920000e+003 -1.6618031e+002 -3.9531829e+000
  1.4960000e+003 -1.6654533e+002 -4.6561522e+000
  1.5000000e+003 -1.6644777e+002 -4.4775681e+000
  1.5040000e+003 -1.6677995e+002 -4.8418965e+000
  1.5080000e+003 -1.6875032e+002 -7.8536820e+000
  1.5120000e+003 -1.6827907e+002 -5.9655051e+000
  1.5160000e+003 -1.6629166e+002 -4.9120603e+000
  1.5200000e+003 -1.6546490e+002 -5.5783844e+000
  1.5240000e+003 -1.6549738e+002 -4.8717594e+000
  1.5280000e+003 -1.6507437e+002 -3.8046694e+000
  1.5320000e+003 -1.6518320e+002 -4.4541831e+000
  1.5360000e+003 -1.6494899e+002 -4.1773214e+000
  1.5400000e+003 -1.6615201e+002 -4.2689662e+000
  1.5440000e+003 -1.6598393e+002 -4.8016977e+000
  1.5480000e+003 -1.6569960e+002 -3.9035888e+000
  1.5520000e+003 -1.6624113e+002 -3.0214248e+000
  1.5560000e+003 -1.6524138e+002 -3.2500236e+000
  1.5600000e+003 -1.6601817e+002 -4.3608112e+000
  1.5640000e+003 -1.6604277e+002 -5.6105309e+000
  1.5680000e+003 -1.6636285e+002 -7.6455579e+000
  1.5720000e+003 -1.6620961e+002 -5.2344470e+000
  1.5760000e+003 -1.6559520e+002 -3.5469134e+000
  1.5800000e+003 -1.6569547e+002 -4.5133657e+000
  1.5840000e+003 -1.6645857e+002 -5.4268327e+000
  1.5880000e+003 -1.6591924e+002 -5.6654663e+000
  1.5920000e+003 -1.6572321e+002 -5.1368299e+000
  1.5960000e+003 -1.6505186e+002 -4.6919389e+000
  1.6000000e+003 -1.6492914e+002 -4.2783880e+000
