  0.0000000e+000  8.2492867e+000  0.0000000e+000
  4.0000000e+000  7.8815637e+000 -2.5635743e-001
  8.0000000e+000 -1.1778290e+001 -3.1776803e+000
  1.2000000e+001 -5.4051491e+001 -1.7549762e+000
  1.6000000e+001 -1.0828457e+002 -1.8730776e+001
  2.0000000e+001 -1.3734090e+002 -1.9828220e+001
  2.4000000e+001 -1.4420839e+002 -1.1942680e+001
  2.8000000e+001 -1.4722163e+002 -1.2276375e+001
  3.2000000e+001 -1.4763580e+002 -6.6147242e+000
  3.6000000e+001 -1.4663460e+002 -6.1871953e+000
  4.0000000e+001 -1.4465662e+002 -7.5907965e+000
  4.4000000e+001 -1.4154910e+002 -7.6918449e+000
  4.8000000e+001 -1.3909868e+002 -7.8853741e+000
  5.2000000e+001 -1.4045909e+002 -8.1749487e+000
  5.6000000e+001 -1.3981729e+002 -7.3571177e+000
  6.0000000e+001 -1.3732397e+002 -6.8804526e+000
  6.4000000e+001 -1.3861157e+002 -9.8935127e+000
  6.8000000e+001 -1.4136418e+002 -8.9273148e+000
  7.2000000e+001 -1.3957549e+002 -7.5581298e+000
  7.6000000e+001 -1.3352899e+002 -7.7377400e+000
  8.0000000e+001 -1.2955653e+002 -1.7181219e+001
  8.4000000e+001 -1.4317004e+002 -2.6286348e+001
  8.8000000e+001 -1.5197688e+002 -1.7442947e+001
  9.2000000e+001 -1.4757037e+002 -9.0739679e+000
  9.6000000e+001 -1.4153418e+002 -1.7923933e+001
  1.0000000e+002 -1.5517093e+002 -1.8508320e+001
  1.0400000e+002 -1.5698236e+002 -1.1650362e+001
  1.0800000e+002 -1.5612677e+002 -6.3619967e+000
  1.1200000e+002 -1.5377274e+002 -4.9404020e+000
  1.1600000e+002 -1.5303098e+002 -3.8052244e+000
  1.2000000e+002 -1.5035208e+002 -3.1486917e+000
  1.2400000e+002 -1.4910704e+002 -3.2368329e+000
  1.2800000e+002 -1.4839120e+002 -3.4865842e+000
  1.3200000e+002 -1.4858508e+002 -3.8454900e+000
  1.3600000e+002 -1.4792384e+002 -3.9091353e+000
  1.4000000e+002 -1.4940225e+002 -2.4103882e+000
  1.4400000e+002 -1.4777074e+002 -3.4258158e+000
  1.4800000e+002 -1.4685100e+002 -3.0752661e+000
  1.5200000e+002 -1.4603976e+002 -2.9709880e+000
  1.5600000e+002 -1.4547675e+002 -2.7807150e+000
  1.6000000e+002 -1.4433714e+002 -2.4207437e+000
  1.6400000e+002 -1.4453848e+002 -4.8932610e+000
  1.6800000e+002 -1.4653474e+002 -4.3635292e+000
  1.7200000e+002 -1.4689479e+002 -2.7274513e+000
  1.7600000e+002 -1.4510402e+002 -4.3101764e+000
  1.8000000e+002 -1.4329309e+002 -4.6501546e+000
  1.8400000e+002 -1.4167183e+002 -7.2607803e+000
  1.8800000e+002 -1.4239284e+002 -1.0764623e+001
  1.9200000e+002 -1.4703249e+002 -1.2253779e+001
  1.9600000e+002 -1.5267706e+002 -8.8316689e+000
  2.0000000e+002 -1.5200273e+002 -5.0061173e+000
  2.0400000e+002 -1.4983829e+002 -4.8623762e+000
  2.0800000e+002 -1.4873116e+002 -3.2048550e+000
  2.1200000e+002 -1.4692952e+002 -2.8315039e+000
  2.1600000e+002 -1.4718251e+002 -3.9339666e+000
  2.2000000e+002 -1.5062859e+002 -3.8651154e+000
  2.2400000e+002 -1.5021796e+002 -3.3671784e+000
  2.2800000e+002 -1.4938792e+002 -2.0514944e+000
  2.3200000e+002 -1.4855406e+002 -1.1496083e+000
  2.3600000e+002 -1.4737299e+002 -1.3190819e+000
  2.4000000e+002 -1.4849109e+002 -1.8826520e+000
  2.4400000e+002 -1.4770285e+002 -2.8276100e+000
  2.4800000e+002 -1.4680824e+002 -3.5105238e+000
  2.5200000e+002 -1.4717841e+002 -2.4647598e+000
  2.5600000e+002 -1.4659538e+002 -2.4136300e+000
  2.6000000e+002 -1.4647412e+002 -1.8151349e+000
  2.6400000e+002 -1.4514401e+002 -2.0080280e+000
  2.6800000e+002 -1.4444861e+002 -5.8260417e+000
  2.7200000e+002 -1.4751788e+002 -7.2218952e+000
  2.7600000e+002 -1.4991777e+002 -4.7949991e+000
  2.8000000e+002 -1.4993120e+002 -2.4453166e+000
  2.8400000e+002 -1.4947244e+002 -1.7386402e+000
  2.8800000e+002 -1.4739740e+002 -6.2864237e-002
  2.9200000e+002 -1.4626248e+002 -2.5941238e+000
  2.9600000e+002 -1.4809447e+002 -3.1992276e+000
  3.0000000e+002 -1.4810042e+002 -2.2697484e+000
  3.0400000e+002 -1.4827563e+002 -2.5021174e+000
  3.0800000e+002 -1.4726411e+002 -2.1577315e+000
  3.1200000e+002 -1.4640788e+002 -1.5054590e+000
  3.1600000e+002 -1.4619991e+002 -1.8808106e+000
  3.2000000e+002 -1.4627631e+002 -2.5652392e+000
  3.2400000e+002 -1.4754887e+002 -1.9109356e+000
  3.2800000e+002 -1.4653555e+002 -1.4319990e+000
  3.3200000e+002 -1.4589381e+002 -1.3618903e+000
  3.3600000e+002 -1.4536436e+002 -3.4856582e+000
  3.4000000e+002 -1.4504478e+002 -3.4220955e+000
  3.4400000e+002 -1.4452747e+002 -4.0545440e+000
  3.4800000e+002 -1.4493565e+002 -4.3727412e+000
  3.5200000e+002 -1.4348833e+002 -3.1879692e+000
  3.5600000e+002 -1.4450209e+002 -3.7841582e+000
  3.6000000e+002 -1.4517090e+002 -4.3547606e+000
  3.6400000e+002 -1.4441563e+002 -5.2725267e+000
  3.6800000e+002 -1.4509009e+002 -5.1816487e+000
  3.7200000e+002 -1.4437889e+002 -4.9698591e+000
  3.7600000e+002 -1.4410260e+002 -5.6734228e+000
  3.8000000e+002 -1.4420360e+002 -6.1957660e+000
  3.8400000e+002 -1.4486972e+002 -6.7855268e+000
  3.8800000e+002 -1.4545908e+002 -5.7088332e+000
  3.9200000e+002 -1.4458247e+002 -6.3124037e+000
  3.9600000e+002 -1.4406740e+002 -5.8857856e+000
  4.0000000e+002 -1.4340839e+002 -7.2796049e+000
  4.0400000e+002 -1.4347028e+002 -8.7690420e+000
  4.0800000e+002 -1.4465288e+002 -8.0841284e+000
  4.1200000e+002 -1.4359036e+002 -7.7539988e+000
  4.1600000e+002 -1.4352412e+002 -8.5761480e+000
  4.2000000e+002 -1.4336906e+002 -1.0134443e+001
  4.2400000e+002 -1.4358458e+002 -1.0974743e+001
  4.2800000e+002 -1.4369649e+002 -1.1667035e+001
  4.3200000e+002 -1.4565947e+002 -1.3162006e+001
  4.3600000e+002 -1.4592677e+002 -1.4131325e+001
  4.4000000e+002 -1.4668295e+002 -1.3667023e+001
  4.4400000e+002 -1.4781020e+002 -1.4449059e+001
  4.4800000e+002 -1.4845172e+002 -1.5077764e+001
  4.5200000e+002 -1.4853738e+002 -1.6176716e+001
  4.5600000e+002 -1.4996568e+002 -1.6408567e+001
  4.6000000e+002 -1.5193073e+002 -1.5842545e+001
  4.6400000e+002 -1.5313829e+002 -1.5190650e+001
  4.6800000e+002 -1.5408360e+002 -1.4764027e+001
  4.7200000e+002 -1.5516469e+002 -1.3435215e+001
  4.7600000e+002 -1.5571170e+002 -1.3717838e+001
  4.8000000e+002 -1.5678500e+002 -1.4465814e+001
  4.8400000e+002 -1.5816237e+002 -1.3837241e+001
  4.8800000e+002 -1.5904913e+002 -1.2281395e+001
  4.9200000e+002 -1.5904472e+002 -1.0044008e+001
  4.9600000e+002 -1.5911876e+002 -8.7520533e+000
  5.0000000e+002 -1.5954916e+002 -8.1755648e+000
  5.0400000e+002 -1.5909190e+002 -7.7069316e+000
  5.0800000e+002 -1.5845819e+002 -7.5717697e+000
  5.1200000e+002 -1.5883136e+002 -6.8306966e+000
  5.1600000e+002 -1.5855362e+002 -5.9854631e+000
  5.2000000e+002 -1.5831332e+002 -5.5538564e+000
  5.2400000e+002 -1.5881064e+002 -5.5160728e+000
  5.2800000e+002 -1.5869896e+002 -5.8919625e+000
  5.3200000e+002 -1.5939531e+002 -5.6913185e+000
  5.3600000e+002 -1.5883391e+002 -5.4843717e+000
  5.4000000e+002 -1.5857985e+002 -4.9044881e+000
  5.4400000e+002 -1.5965382e+002 -4.4183102e+000
  5.4800000e+002 -1.5923589e+002 -4.1265941e+000
  5.5200000e+002 -1.5911964e+002 -3.8855593e+000
  5.5600000e+002 -1.5864487e+002 -3.2663641e+000
  5.6000000e+002 -1.5883437e+002 -3.4088721e+000
  5.6400000e+002 -1.5690128e+002 -2.7130787e+000
  5.6800000e+002 -1.5670151e+002 -2.2097957e+000
  5.7200000e+002 -1.5778310e+002 -3.1584718e+000
  5.7600000e+002 -1.5867224e+002 -2.6714261e+000
  5.8000000e+002 -1.5774152e+002 -2.2787652e+000
  5.8400000e+002 -1.5815497e+002 -1.6148987e+000
  5.8800000e+002 -1.5845163e+002 -1.8793691e+000
  5.9200000e+002 -1.5840532e+002 -1.6660509e+000
  5.9600000e+002 -1.5779825e+002 -9.3290675e-001
  6.0000000e+002 -1.5650905e+002 -6.8098307e-001
  6.0400000e+002 -1.5649315e+002 -8.5569847e-001
  6.0800000e+002 -1.5664307e+002 -1.5058371e+000
  6.1200000e+002 -1.5617232e+002 -1.5543989e+000
  6.1600000e+002 -1.5694553e+002 -1.1632050e+000
  6.2000000e+002 -1.5726843e+002 -1.5114543e+000
  6.2400000e+002 -1.5739832e+002 -1.4370716e+000
  6.2800000e+002 -1.5697548e+002 -1.6156663e+000
  6.3200000e+002 -1.5728850e+002 -2.1832089e+000
  6.3600000e+002 -1.5678168e+002 -6.3810813e-001
  6.4000000e+002 -1.5723657e+002 -1.8900472e-001
  6.4400000e+002 -1.5773026e+002 -4.3883551e-002
  6.4800000e+002 -1.5738556e+002  5.4690540e-002
  6.5200000e+002 -1.5721004e+002  3.1768698e-001
  6.5600000e+002 -1.5640607e+002 -5.6959265e-001
  6.6000000e+002 -1.5621590e+002 -7.3703241e-001
  6.6400000e+002 -1.5735146e+002  2.0096907e-001
  6.6800000e+002 -1.5723438e+002 -5.1496738e-001
  6.7200000e+002 -1.5709782e+002 -2.4252227e-001
  6.7600000e+002 -1.5622685e+002 -8.3840162e-002
  6.8000000e+002 -1.5723308e+002  6.5754062e-001
  6.8400000e+002 -1.5648991e+002  2.0106092e-002
  6.8800000e+002 -1.5703941e+002 -1.6713208e-001
  6.9200000e+002 -1.5744081e+002 -3.9999166e-001
  6.9600000e+002 -1.5718257e+002 -3.2674870e-001
  7.0000000e+002 -1.5729938e+002  3.6346576e-001
  7.0400000e+002 -1.5718373e+002  3.5733752e-002
  7.0800000e+002 -1.5745964e+002 -5.2929205e-001
  7.1200000e+002 -1.5722206e+002 -6.3242632e-001
  7.1600000e+002 -1.5758217e+002 -1.2694203e+000
  7.2000000e+002 -1.5707384e+002 -1.0345658e+000
  7.2400000e+002 -1.5657330e+002 -6.1542952e-001
  7.2800000e+002 -1.5778300e+002 -6.7084725e-003
  7.3200000e+002 -1.5624425e+002 -8.0561841e-001
  7.3600000e+002 -1.5632065e+002 -1.1068277e-002
  7.4000000e+002 -1.5665663e+002 -3.8387871e-001
  7.4400000e+002 -1.5736203e+002 -2.2058806e-001
  7.4800000e+002 -1.5701904e+002  4.8147145e-001
  7.5200000e+002 -1.5626202e+002  8.4603089e-001
  7.5600000e+002 -1.5658852e+002 -4.5669878e-001
  7.6000000e+002 -1.5732587e+002 -9.5567948e-001
  7.6400000e+002 -1.5716930e+002  7.9423812e-004
  7.6800000e+002 -1.5648489e+002  1.4826233e+000
  7.7200000e+002 -1.5690265e+002  1.6548251e+000
  7.7600000e+002 -1.5683369e+002  6.7000145e-001
  7.8000000e+002 -1.5777199e+002  8.0220205e-001
  7.8400000e+002 -1.5788699e+002  9.4572079e-001
  7.8800000e+002 -1.5712199e+002  7.9839474e-001
  7.9200000e+002 -1.5684703e+002  9.8846531e-001
  7.9600000e+002 -1.5711214e+002  1.5361878e+000
  8.0000000e+002 -1.5756781e+002  1.4388354e+000
  8.0400000e+002 -1.5756787e+002  1.5058467e+000
  8.0800000e+002 -1.5753000e+002  1.1139333e+000
  8.1200000e+002 -1.5687114e+002  1.5162506e+000
  8.1600000e+002 -1.5640703e+002  1.6688193e+000
  8.2000000e+002 -1.5703558e+002  2.0959845e+000
  8.2400000e+002 -1.5749838e+002  2.1544251e+000
  8.2800000e+002 -1.5655090e+002  1.7369097e+000
  8.3200000e+002 -1.5704681e+002  1.4712700e+000
  8.3600000e+002 -1.5744965e+002  1.2941836e+000
  8.4000000e+002 -1.5658144e+002  2.0155299e+000
  8.4400000e+002 -1.5745921e+002  2.3280225e+000
  8.4800000e+002 -1.5751805e+002  1.5489430e+000
  8.5200000e+002 -1.5697772e+002  1.8772631e+000
  8.5600000e+002 -1.5745955e+002  2.2314999e+000
  8.6000000e+002 -1.5730893e+002  2.0348499e+000
  8.6400000e+002 -1.5793871e+002  1.4442234e+000
  8.6800000e+002 -1.5841306e+002  1.5078325e+000
  8.7200000e+002 -1.5733136e+002  1.1926618e+000
  8.7600000e+002 -1.5753258e+002  5.6915897e-001
  8.8000000e+002 -1.5758583e+002  9.7047806e-001
  8.8400000e+002 -1.5739606e+002  2.1563871e+000
  8.8800000e+002 -1.5770102e+002  1.7517478e+000
  8.9200000e+002 -1.5825104e+002  2.1931748e+000
  8.9600000e+002 -1.5827527e+002  2.0468080e+000
  9.0000000e+002 -1.5793217e+002  1.3864827e+000
  9.0400000e+002 -1.5813712e+002  8.7108201e-001
  9.0800000e+002 -1.5770279e+002  1.8236645e+000
  9.1200000e+002 -1.5771986e+002  2.2076335e+000
  9.1600000e+002 -1.5816566e+002  2.5507038e+000
  9.2000000e+002 -1.5824522e+002  2.1587203e+000
  9.2400000e+002 -1.5840279e+002  2.4101174e+000
  9.2800000e+002 -1.5859534e+002  2.4877470e+000
  9.3200000e+002 -1.5811411e+002  1.8622090e+000
  9.3600000e+002 -1.5811124e+002  1.7816025e+000
  9.4000000e+002 -1.5880286e+002  1.9393009e+000
  9.4400000e+002 -1.5826237e+002  2.5982540e+000
  9.4800000e+002 -1.5867357e+002  3.0453532e+000
  9.5200000e+002 -1.5825638e+002  3.4119864e+000
  9.5600000e+002 -1.5873140e+002  2.4690354e+000
  9.6000000e+002 -1.5876137e+002  2.4311626e+000
  9.6400000e+002 -1.5779532e+002  3.1746449e+000
  9.6800000e+002 -1.5823645e+002  2.3711998e+000
  9.7200000e+002 -1.5773140e+002  2.3540070e+000
  9.7600000e+002 -1.5730716e+002  2.5338886e+000
  9.8000000e+002 -1.5790266e+002  2.7438192e+000
  9.8400000e+002 -1.5802197e+002  2.3941865e+000
  9.8800000e+002 -1.5826936e+002  2.8138490e+000
  9.9200000e+002 -1.5761607e+002  2.7484703e+000
  9.9600000e+002 -1.5776485e+002  3.1022942e+000
  1.0000000e+003 -1.5854689e+002  3.3237290e+000
  1.0040000e+003 -1.5798639e+002  3.0936310e+000
  1.0080000e+003 -1.5843619e+002  2.8906009e+000
  1.0120000e+003 -1.5816602e+002  2.6677084e+000
  1.0160000e+003 -1.5823883e+002  3.1498485e+000
  1.0200000e+003 -1.5717516e+002  2.6818733e+000
  1.0240000e+003 -1.5764174e+002  2.8740623e+000
  1.0280000e+003 -1.5787050e+002  3.5751655e+000
  1.0320000e+003 -1.5774159e+002  2.5063553e+000
  1.0360000e+003 -1.5820683e+002  3.6318288e+000
  1.0400000e+003 -1.5823151e+002  3.3733416e+000
  1.0440000e+003 -1.5848238e+002  3.1148636e+000
  1.0480000e+003 -1.5853120e+002  3.1182685e+000
  1.0520000e+003 -1.5791957e+002  2.6409197e+000
  1.0560000e+003 -1.5830740e+002  2.7860320e+000
  1.0600000e+003 -1.5936215e+002  2.5262752e+000
  1.0640000e+003 -1.5871851e+002  2.6639693e+000
  1.0680000e+003 -1.5852765e+002  2.8125381e+000
  1.0720000e+003 -1.5890886e+002  3.3466134e+000
  1.0760000e+003 -1.5891365e+002  3.4154727e+000
  1.0800000e+003 -1.5910356e+002  4.1972256e+000
  1.0840000e+003 -1.5935757e+002  3.6317518e+000
  1.0880000e+003 -1.5974741e+002  3.4790645e+000
  1.0920000e+003 -1.5990024e+002  3.5102382e+000
  1.0960000e+003 -1.5954446e+002  3.0121841e+000
  1.1000000e+003 -1.5827386e+002  3.3640056e+000
  1.1040000e+003 -1.5862210e+002  3.7448146e+000
  1.1080000e+003 -1.5929626e+002  3.6324148e+000
  1.1120000e+003 -1.5897253e+002  4.0594735e+000
  1.1160000e+003 -1.5847279e+002  3.7577705e+000
  1.1200000e+003 -1.6028349e+002  3.7879348e+000
  1.1240000e+003 -1.5944774e+002  4.8526030e+000
  1.1280000e+003 -1.5865228e+002  4.7546911e+000
  1.1320000e+003 -1.5910672e+002  3.3478467e+000
  1.1360000e+003 -1.5919293e+002  3.4314048e+000
  1.1400000e+003 -1.5976036e+002  3.5115466e+000
  1.1440000e+003 -1.6043083e+002  2.9098704e+000
  1.1480000e+003 -1.6024509e+002  3.2791514e+000
  1.1520000e+003 -1.5927809e+002  3.6805866e+000
  1.1560000e+003 -1.5869350e+002  3.8314812e+000
  1.1600000e+003 -1.5945149e+002  4.3989859e+000
  1.1640000e+003 -1.5981689e+002  4.1092429e+000
  1.1680000e+003 -1.5962065e+002  3.7926142e+000
  1.1720000e+003 -1.5912424e+002  3.6981242e+000
  1.1760000e+003 -1.5919341e+002  3.9181817e+000
  1.1800000e+003 -1.5997826e+002  3.4795322e+000
  1.1840000e+003 -1.5979707e+002  3.8135545e+000
  1.1880000e+003 -1.5993954e+002  3.6331334e+000
  1.1920000e+003 -1.5891039e+002  3.6751437e+000
  1.1960000e+003 -1.5960077e+002  3.6318994e+000
  1.2000000e+003 -1.5939723e+002  3.4941418e+000
  1.2040000e+003 -1.6015125e+002  3.1106288e+000
  1.2080000e+003 -1.6054453e+002  2.7130671e+000
  1.2120000e+003 -1.6067165e+002  3.1313038e+000
  1.2160000e+003 -1.6142763e+002  3.6788163e+000
  1.2200000e+003 -1.6048816e+002  3.9999259e+000
  1.2240000e+003 -1.5961285e+002  3.8046143e+000
  1.2280000e+003 -1.6011990e+002  4.0485902e+000
  1.2320000e+003 -1.6013193e+002  4.7660241e+000
  1.2360000e+003 -1.6077600e+002  4.5172362e+000
  1.2400000e+003 -1.6116211e+002  3.9461772e+000
  1.2440000e+003 -1.6142313e+002  4.0364342e+000
  1.2480000e+003 -1.6053021e+002  4.2473826e+000
  1.2520000e+003 -1.6097115e+002  4.0936961e+000
  1.2560000e+003 -1.6185335e+002  3.9606221e+000
  1.2600000e+003 -1.6091748e+002  4.0441914e+000
  1.2640000e+003 -1.6060016e+002  4.2211676e+000
  1.2680000e+003 -1.6096117e+002  4.6484933e+000
  1.2720000e+003 -1.6063933e+002  4.5963244e+000
  1.2760000e+003 -1.6187129e+002  4.5650358e+000
  1.2800000e+003 -1.6244832e+002  4.4623556e+000
  1.2840000e+003 -1.6147581e+002  4.7054257e+000
  1.2880000e+003 -1.6157805e+002  4.3914328e+000
  1.2920000e+003 -1.6161455e+002  4.9539757e+000
  1.2960000e+003 -1.6092172e+002  5.1900358e+000
  1.3000000e+003 -1.6123997e+002  4.5290642e+000
  1.3040000e+003 -1.6179915e+002  4.3596759e+000
  1.3080000e+003 -1.6188481e+002  4.4626288e+000
  1.3120000e+003 -1.6169429e+002  5.0946565e+000
  1.3160000e+003 -1.6213997e+002  4.8344178e+000
  1.3200000e+003 -1.6163107e+002  4.3363791e+000
  1.3240000e+003 -1.6180109e+002  4.1300907e+000
  1.3280000e+003 -1.6198154e+002  4.5250568e+000
  1.3320000e+003 -1.6222981e+002  5.4091864e+000
  1.3360000e+003 -1.6237791e+002  5.5577555e+000
  1.3400000e+003 -1.6305962e+002  5.2224584e+000
  1.3440000e+003 -1.6262158e+002  5.0313263e+000
  1.3480000e+003 -1.6227962e+002  5.2020378e+000
  1.3520000e+003 -1.6274265e+002  5.1354599e+000
  1.3560000e+003 -1.6150894e+002  5.8626184e+000
  1.3600000e+003 -1.6142197e+002  6.0331931e+000
  1.3640000e+003 -1.6248596e+002  5.3957925e+000
  1.3680000e+003 -1.6232358e+002  4.7435741e+000
  1.3720000e+003 -1.6260686e+002  5.3723850e+000
  1.3760000e+003 -1.6280164e+002  6.0585356e+000
  1.3800000e+003 -1.6257425e+002  6.0148792e+000
  1.3840000e+003 -1.6192229e+002  5.3574381e+000
  1.3880000e+003 -1.6161346e+002  4.9439983e+000
  1.3920000e+003 -1.6223567e+002  5.5073247e+000
  1.3960000e+003 -1.6263156e+002  5.9718146e+000
  1.4000000e+003 -1.6242392e+002  5.2600904e+000
  1.4040000e+003 -1.6273061e+002  5.5591273e+000
  1.4080000e+003 -1.6367534e+002  5.4821067e+000
  1.4120000e+003 -1.6365608e+002  5.7599692e+000
  1.4160000e+003 -1.6407414e+002  6.3851771e+000
  1.4200000e+003 -1.6314764e+002  6.3437057e+000
  1.4240000e+003 -1.6288084e+002  6.2231236e+000
  1.4280000e+003 -1.6355505e+002  5.6258845e+000
  1.4320000e+003 -1.6353316e+002  5.9309049e+000
  1.4360000e+003 -1.6318648e+002  5.9657397e+000
  1.4400000e+003 -1.6350032e+002  5.7564912e+000
  1.4440000e+003 -1.6393452e+002  5.8407059e+000
  1.4480000e+003 -1.6365997e+002  6.0489349e+000
  1.4520000e+003 -1.6381464e+002  5.9919658e+000
  1.4560000e+003 -1.6387564e+002  6.4402194e+000
  1.4600000e+003 -1.6417809e+002  6.8371072e+000
  1.4640000e+003 -1.6359019e+002  6.4896245e+000
  1.4680000e+003 -1.6331364e+002  5.9468594e+000
  1.4720000e+003 -1.6338551e+002  6.5026865e+000
  1.4760000e+003 -1.6429034e+002  6.5303764e+000
  1.4800000e+003 -1.6434668e+002  6.3063011e+000
  1.4840000e+003 -1.6423033e+002  6.2207127e+000
  1.4880000e+003 -1.6404053e+002  6.6716256e+000
  1.4920000e+003 -1.6402489e+002  6.5446200e+000
  1.4960000e+003 -1.6441457e+002  6.5229974e+000
  1.5000000e+003 -1.6467690e+002  6.5237646e+000
  1.5040000e+003 -1.6512648e+002  6.6084991e+000
  1.5080000e+003 -1.6470665e+002  6.5865197e+000
  1.5120000e+003 -1.6425867e+002  6.5614619e+000
  1.5160000e+003 -1.6487689e+002  6.5363569e+000
  1.5200000e+003 -1.6487198e+002  7.1027904e+000
  1.5240000e+003 -1.6496808e+002  6.7269063e+000
  1.5280000e+003 -1.6500522e+002  6.8763599e+000
  1.5320000e+003 -1.6457756e+002  6.7365360e+000
  1.5360000e+003 -1.6517436e+002  6.4730611e+000
  1.5400000e+003 -1.6577634e+002  6.6758504e+000
  1.5440000e+003 -1.6554800e+002  6.9258761e+000
  1.5480000e+003 -1.6548082e+002  7.4057040e+000
  1.5520000e+003 -1.6619740e+002  7.3515577e+000
  1.5560000e+003 -1.6618085e+002  7.2808666e+000
  1.5600000e+003 -1.6587790e+002  7.1468506e+000
  1.5640000e+003 -1.6624902e+002  7.5171432e+000
  1.5680000e+003 -1.6639218e+002  8.2856054e+000
  1.5720000e+003 -1.6657925e+002  7.3806024e+000
  1.5760000e+003 -1.6667596e+002  7.5159245e+000
  1.5800000e+003 -1.6624446e+002  7.8219709e+000
  1.5840000e+003 -1.6659109e+002  7.8679719e+000
  1.5880000e+003 -1.6708061e+002  8.2535114e+000
  1.5920000e+003 -1.6682886e+002  8.0825253e+000
  1.5960000e+003 -1.6716655e+002  7.5814762e+000
  1.6000000e+003 -1.6754749e+002  8.5809288e+000
