  0.0000000e+000 -3.0916100e+000  0.0000000e+000
  4.0000000e+000 -3.3103955e+000  2.5321364e-001
  8.0000000e+000 -5.7856526e+000 -1.9329427e+000
  1.2000000e+001 -6.1628010e+001  2.3197253e+000
  1.6000000e+001 -1.1029128e+002 -1.4483840e+001
  2.0000000e+001 -1.2982893e+002 -7.5696225e+000
  2.4000000e+001 -1.3075958e+002 -9.6277313e+000
  2.8000000e+001 -1.3122089e+002 -1.0998697e+001
  3.2000000e+001 -1.3277599e+002 -1.1245243e+001
  3.6000000e+001 -1.3095958e+002 -5.7527719e+000
  4.0000000e+001 -1.2886472e+002 -5.4763732e+000
  4.4000000e+001 -1.2614162e+002 -7.5429397e+000
  4.8000000e+001 -1.2660406e+002 -8.2290707e+000
  5.2000000e+001 -1.2738377e+002 -7.3076124e+000
  5.6000000e+001 -1.2742056e+002 -7.0937662e+000
  6.0000000e+001 -1.2794759e+002 -6.6352696e+000
  6.4000000e+001 -1.2772261e+002 -6.6445060e+000
  6.8000000e+001 -1.2656652e+002 -6.9455185e+000
  7.2000000e+001 -1.2575188e+002 -6.1917510e+000
  7.6000000e+001 -1.2353809e+002 -6.4308848e+000
  8.0000000e+001 -1.2098562e+002 -1.1401481e+001
  8.4000000e+001 -1.2652790e+002 -1.4408856e+001
  8.8000000e+001 -1.3021805e+002 -7.5730009e+000
  9.2000000e+001 -1.2647086e+002 -7.0999341e+000
  9.6000000e+001 -1.2624290e+002 -1.4724765e+001
  1.0000000e+002 -1.3804866e+002 -1.7183681e+001
  1.0400000e+002 -1.3897766e+002 -9.3087788e+000
  1.0800000e+002 -1.3633722e+002 -6.0561233e+000
  1.1200000e+002 -1.3528964e+002 -5.5515966e+000
  1.1600000e+002 -1.3447623e+002 -4.1780863e+000
  1.2000000e+002 -1.3256961e+002 -3.2054775e+000
  1.2400000e+002 -1.3197047e+002 -2.5888631e+000
  1.2800000e+002 -1.3164195e+002 -2.7711935e+000
  1.3200000e+002 -1.3111674e+002 -3.7085693e+000
  1.3600000e+002 -1.3070773e+002 -4.3418155e+000
  1.4000000e+002 -1.3005836e+002 -4.4316030e+000
  1.4400000e+002 -1.3035107e+002 -4.4840217e+000
  1.4800000e+002 -1.3091206e+002 -4.0835967e+000
  1.5200000e+002 -1.3058423e+002 -3.4019077e+000
  1.5600000e+002 -1.3014374e+002 -3.6870854e+000
  1.6000000e+002 -1.2971034e+002 -3.0149117e+000
  1.6400000e+002 -1.2906233e+002 -4.0973539e+000
  1.6800000e+002 -1.2963158e+002 -6.3125424e+000
  1.7200000e+002 -1.3044749e+002 -4.0117965e+000
  1.7600000e+002 -1.2911929e+002 -3.7356107e+000
  1.8000000e+002 -1.2722694e+002 -4.2226043e+000
  1.8400000e+002 -1.2570955e+002 -7.5147452e+000
  1.8800000e+002 -1.2947697e+002 -1.0246624e+001
  1.9200000e+002 -1.3421436e+002 -9.2860594e+000
  1.9600000e+002 -1.3565607e+002 -6.3612599e+000
  2.0000000e+002 -1.3462488e+002 -4.1255808e+000
  2.0400000e+002 -1.3373068e+002 -3.2439964e+000
  2.0800000e+002 -1.3267491e+002 -3.2363334e+000
  2.1200000e+002 -1.3191553e+002 -3.1831772e+000
  2.1600000e+002 -1.3132884e+002 -3.5984328e+000
  2.2000000e+002 -1.3261775e+002 -4.7024021e+000
  2.2400000e+002 -1.3252834e+002 -3.4395347e+000
  2.2800000e+002 -1.3141168e+002 -2.8594677e+000
  2.3200000e+002 -1.3129871e+002 -2.6497846e+000
  2.3600000e+002 -1.3129683e+002 -3.0930135e+000
  2.4000000e+002 -1.3033249e+002 -3.5264490e+000
  2.4400000e+002 -1.3035506e+002 -3.7884078e+000
  2.4800000e+002 -1.2972293e+002 -3.9885390e+000
  2.5200000e+002 -1.2939523e+002 -4.9169860e+000
  2.5600000e+002 -1.3017134e+002 -4.1877513e+000
  2.6000000e+002 -1.3017146e+002 -3.7626479e+000
  2.6400000e+002 -1.2942667e+002 -3.6709526e+000
  2.6800000e+002 -1.2814751e+002 -4.6293979e+000
  2.7200000e+002 -1.2928465e+002 -6.1605229e+000
  2.7600000e+002 -1.3170993e+002 -5.0861912e+000
  2.8000000e+002 -1.3086118e+002 -3.8285472e+000
  2.8400000e+002 -1.2933090e+002 -4.2726989e+000
  2.8800000e+002 -1.2884825e+002 -4.5470142e+000
  2.9200000e+002 -1.3093770e+002 -5.4876275e+000
  2.9600000e+002 -1.3157703e+002 -5.0148940e+000
  3.0000000e+002 -1.3141452e+002 -4.0579429e+000
  3.0400000e+002 -1.3102693e+002 -3.8155730e+000
  3.0800000e+002 -1.3047650e+002 -3.2879782e+000
  3.1200000e+002 -1.3013463e+002 -2.6866562e+000
  3.1600000e+002 -1.3031133e+002 -3.3539548e+000
  3.2000000e+002 -1.2964374e+002 -4.4142542e+000
  3.2400000e+002 -1.2963663e+002 -4.5405908e+000
  3.2800000e+002 -1.2983578e+002 -4.0500455e+000
  3.3200000e+002 -1.2969481e+002 -3.8190358e+000
  3.3600000e+002 -1.2850311e+002 -3.7987847e+000
  3.4000000e+002 -1.2877385e+002 -3.7164853e+000
  3.4400000e+002 -1.2908063e+002 -3.2535346e+000
  3.4800000e+002 -1.2846613e+002 -3.7248225e+000
  3.5200000e+002 -1.2752547e+002 -3.6086485e+000
  3.5600000e+002 -1.2718748e+002 -3.0303009e+000
  3.6000000e+002 -1.2697733e+002 -2.5361850e+000
  3.6400000e+002 -1.2636431e+002 -4.0011215e+000
  3.6800000e+002 -1.2652662e+002 -4.9384794e+000
  3.7200000e+002 -1.2627848e+002 -5.5225620e+000
  3.7600000e+002 -1.2656084e+002 -5.7257924e+000
  3.8000000e+002 -1.2690871e+002 -5.2630467e+000
  3.8400000e+002 -1.2734516e+002 -4.9977446e+000
  3.8800000e+002 -1.2717663e+002 -4.9195499e+000
  3.9200000e+002 -1.2653011e+002 -5.2770600e+000
  3.9600000e+002 -1.2574358e+002 -5.3573003e+000
  4.0000000e+002 -1.2542798e+002 -5.6418719e+000
  4.0400000e+002 -1.2461812e+002 -5.2160645e+000
  4.0800000e+002 -1.2399361e+002 -5.1772771e+000
  4.1200000e+002 -1.2490391e+002 -6.2588716e+000
  4.1600000e+002 -1.2536657e+002 -6.5390391e+000
  4.2000000e+002 -1.2469961e+002 -5.9362721e+000
  4.2400000e+002 -1.2384458e+002 -6.4203038e+000
  4.2800000e+002 -1.2352665e+002 -6.4080310e+000
  4.3200000e+002 -1.2299123e+002 -6.6562772e+000
  4.3600000e+002 -1.2204867e+002 -7.1092706e+000
  4.4000000e+002 -1.2147750e+002 -7.4102449e+000
  4.4400000e+002 -1.2234573e+002 -7.5500431e+000
  4.4800000e+002 -1.2171149e+002 -7.3572645e+000
  4.5200000e+002 -1.2153780e+002 -7.6193333e+000
  4.5600000e+002 -1.2098561e+002 -8.8528099e+000
  4.6000000e+002 -1.1951244e+002 -9.7883739e+000
  4.6400000e+002 -1.1919178e+002 -1.0575271e+001
  4.6800000e+002 -1.1901025e+002 -1.0934772e+001
  4.7200000e+002 -1.1953100e+002 -1.1417746e+001
  4.7600000e+002 -1.1940050e+002 -1.2483124e+001
  4.8000000e+002 -1.1877095e+002 -1.2732018e+001
  4.8400000e+002 -1.1836018e+002 -1.3259390e+001
  4.8800000e+002 -1.1791072e+002 -1.4209620e+001
  4.9200000e+002 -1.1742815e+002 -1.4899675e+001
  4.9600000e+002 -1.1683482e+002 -1.5319415e+001
  5.0000000e+002 -1.1701780e+002 -1.6062696e+001
  5.0400000e+002 -1.1674030e+002 -1.7581757e+001
  5.0800000e+002 -1.1666638e+002 -1.8689419e+001
  5.1200000e+002 -1.1597908e+002 -1.9575390e+001
  5.1600000e+002 -1.1550639e+002 -2.1262276e+001
  5.2000000e+002 -1.1618965e+002 -2.2479769e+001
  5.2400000e+002 -1.1639333e+002 -2.3205257e+001
  5.2800000e+002 -1.1556588e+002 -2.5187439e+001
  5.3200000e+002 -1.1661585e+002 -2.6777803e+001
  5.3600000e+002 -1.1754647e+002 -2.8776882e+001
  5.4000000e+002 -1.1740729e+002 -3.0240885e+001
  5.4400000e+002 -1.1739272e+002 -3.1452017e+001
  5.4800000e+002 -1.1846886e+002 -3.3626495e+001
  5.5200000e+002 -1.1921984e+002 -3.5183262e+001
  5.5600000e+002 -1.2048906e+002 -3.6774586e+001
  5.6000000e+002 -1.2201193e+002 -3.8189606e+001
  5.6400000e+002 -1.2275113e+002 -3.9224735e+001
  5.6800000e+002 -1.2526302e+002 -4.0973648e+001
  5.7200000e+002 -1.2757381e+002 -4.2604259e+001
  5.7600000e+002 -1.2923076e+002 -4.3523705e+001
  5.8000000e+002 -1.3051454e+002 -4.4084446e+001
  5.8400000e+002 -1.3262335e+002 -4.3844635e+001
  5.8800000e+002 -1.3489597e+002 -4.4338490e+001
  5.9200000e+002 -1.3785356e+002 -4.4861702e+001
  5.9600000e+002 -1.4028786e+002 -4.4694141e+001
  6.0000000e+002 -1.4174039e+002 -4.4721821e+001
  6.0400000e+002 -1.4404369e+002 -4.3818417e+001
  6.0800000e+002 -1.4665070e+002 -4.3370411e+001
  6.1200000e+002 -1.4743837e+002 -4.3104588e+001
  6.1600000e+002 -1.4898286e+002 -4.2637897e+001
  6.2000000e+002 -1.5000050e+002 -4.0464664e+001
  6.2400000e+002 -1.5188585e+002 -3.9491257e+001
  6.2800000e+002 -1.5387206e+002 -3.9611576e+001
  6.3200000e+002 -1.5436659e+002 -3.9738895e+001
  6.3600000e+002 -1.5520363e+002 -3.7154011e+001
  6.4000000e+002 -1.5653156e+002 -3.5221554e+001
  6.4400000e+002 -1.5811841e+002 -3.4891418e+001
  6.4800000e+002 -1.5890800e+002 -3.4398029e+001
  6.5200000e+002 -1.5869991e+002 -3.3120365e+001
  6.5600000e+002 -1.5998238e+002 -3.1185226e+001
  6.6000000e+002 -1.6058876e+002 -2.9831631e+001
  6.6400000e+002 -1.6096765e+002 -3.0049923e+001
  6.6800000e+002 -1.6123727e+002 -2.9540327e+001
  6.7200000e+002 -1.6246840e+002 -2.8383978e+001
  6.7600000e+002 -1.6249632e+002 -2.7125908e+001
  6.8000000e+002 -1.6279762e+002 -2.5014299e+001
  6.8400000e+002 -1.6323894e+002 -2.4261854e+001
  6.8800000e+002 -1.6227406e+002 -2.3512917e+001
  6.9200000e+002 -1.6285867e+002 -2.3533695e+001
  6.9600000e+002 -1.6341306e+002 -2.2584963e+001
  7.0000000e+002 -1.6399634e+002 -2.1271128e+001
  7.0400000e+002 -1.6335956e+002 -2.0254576e+001
  7.0800000e+002 -1.6252367e+002 -1.9809759e+001
  7.1200000e+002 -1.6309331e+002 -1.8287996e+001
  7.1600000e+002 -1.6341113e+002 -1.7319651e+001
  7.2000000e+002 -1.6211789e+002 -1.7040161e+001
  7.2400000e+002 -1.6277440e+002 -1.7089766e+001
  7.2800000e+002 -1.6228787e+002 -1.6896765e+001
  7.3200000e+002 -1.6278537e+002 -1.6033211e+001
  7.3600000e+002 -1.6216641e+002 -1.4453797e+001
  7.4000000e+002 -1.6279227e+002 -1.4180308e+001
  7.4400000e+002 -1.6372493e+002 -1.4015925e+001
  7.4800000e+002 -1.6296863e+002 -1.3291905e+001
  7.5200000e+002 -1.6260863e+002 -1.1916091e+001
  7.5600000e+002 -1.6313029e+002 -1.1475120e+001
  7.6000000e+002 -1.6303731e+002 -1.1416483e+001
  7.6400000e+002 -1.6215282e+002 -1.0854961e+001
  7.6800000e+002 -1.6139252e+002 -1.0857039e+001
  7.7200000e+002 -1.6163422e+002 -9.6787806e+000
  7.7600000e+002 -1.6102580e+002 -9.1524115e+000
  7.8000000e+002 -1.6073268e+002 -8.9547853e+000
  7.8400000e+002 -1.6063896e+002 -9.5529575e+000
  7.8800000e+002 -1.6076440e+002 -8.8708773e+000
  7.9200000e+002 -1.6083029e+002 -8.2175579e+000
  7.9600000e+002 -1.6029750e+002 -7.8853474e+000
  8.0000000e+002 -1.6037750e+002 -8.1680622e+000
  8.0400000e+002 -1.6046851e+002 -7.5380645e+000
  8.0800000e+002 -1.6019983e+002 -7.0397215e+000
  8.1200000e+002 -1.6046259e+002 -6.6388803e+000
  8.1600000e+002 -1.5969133e+002 -6.2097945e+000
  8.2000000e+002 -1.5916483e+002 -6.7169561e+000
  8.2400000e+002 -1.5930127e+002 -5.9996700e+000
  8.2800000e+002 -1.5878465e+002 -5.4704046e+000
  8.3200000e+002 -1.5845692e+002 -6.2170644e+000
  8.3600000e+002 -1.5834344e+002 -5.7406955e+000
  8.4000000e+002 -1.5864787e+002 -5.7772727e+000
  8.4400000e+002 -1.5866605e+002 -5.9087634e+000
  8.4800000e+002 -1.5793858e+002 -5.2643223e+000
  8.5200000e+002 -1.5837578e+002 -5.2360129e+000
  8.5600000e+002 -1.5811131e+002 -4.6162963e+000
  8.6000000e+002 -1.5828088e+002 -4.0321426e+000
  8.6400000e+002 -1.5802007e+002 -4.2762818e+000
  8.6800000e+002 -1.5743340e+002 -4.6819425e+000
  8.7200000e+002 -1.5801212e+002 -4.2045908e+000
  8.7600000e+002 -1.5816571e+002 -3.3179839e+000
  8.8000000e+002 -1.5705672e+002 -3.3564899e+000
  8.8400000e+002 -1.5685153e+002 -3.6434715e+000
  8.8800000e+002 -1.5708200e+002 -3.0798025e+000
  8.9200000e+002 -1.5737714e+002 -3.1378670e+000
  8.9600000e+002 -1.5710118e+002 -2.8695469e+000
  9.0000000e+002 -1.5628976e+002 -3.0506387e+000
  9.0400000e+002 -1.5601274e+002 -3.8913007e+000
  9.0800000e+002 -1.5590157e+002 -3.3001187e+000
  9.1200000e+002 -1.5654997e+002 -3.2935445e+000
  9.1600000e+002 -1.5656250e+002 -2.6844990e+000
  9.2000000e+002 -1.5558160e+002 -2.3535740e+000
  9.2400000e+002 -1.5565707e+002 -1.7596122e+000
  9.2800000e+002 -1.5615083e+002 -2.6717215e+000
  9.3200000e+002 -1.5595529e+002 -2.6599927e+000
  9.3600000e+002 -1.5540433e+002 -2.0888491e+000
  9.4000000e+002 -1.5500171e+002 -1.9331899e+000
  9.4400000e+002 -1.5543100e+002 -1.8975410e+000
  9.4800000e+002 -1.5557350e+002 -2.1514544e+000
  9.5200000e+002 -1.5598651e+002 -1.8605750e+000
  9.5600000e+002 -1.5526604e+002 -2.5747871e+000
  9.6000000e+002 -1.5538849e+002 -1.9088418e+000
  9.6400000e+002 -1.5515907e+002 -1.9853853e+000
  9.6800000e+002 -1.5510352e+002 -2.0225363e+000
  9.7200000e+002 -1.5483339e+002 -1.2144135e+000
  9.7600000e+002 -1.5478183e+002 -1.1606334e+000
  9.8000000e+002 -1.5476527e+002 -4.3318850e-001
  9.8400000e+002 -1.5456064e+002 -7.1023458e-001
  9.8800000e+002 -1.5519681e+002 -8.5742956e-001
  9.9200000e+002 -1.5495963e+002 -1.8417863e+000
  9.9600000e+002 -1.5419571e+002 -1.9616213e+000
  1.0000000e+003 -1.5442735e+002 -1.9290299e+000
  1.0040000e+003 -1.5418288e+002 -1.8725874e+000
  1.0080000e+003 -1.5355974e+002 -8.7229323e-001
  1.0120000e+003 -1.5447261e+002 -9.8483491e-001
  1.0160000e+003 -1.5439464e+002 -9.7027385e-001
  1.0200000e+003 -1.5378114e+002 -1.2241327e+000
  1.0240000e+003 -1.5391821e+002 -7.2954720e-001
  1.0280000e+003 -1.5424324e+002 -6.3268125e-001
  1.0320000e+003 -1.5378995e+002 -1.2608451e+000
  1.0360000e+003 -1.5470274e+002 -1.0856333e+000
  1.0400000e+003 -1.5532614e+002 -1.1392719e+000
  1.0440000e+003 -1.5479079e+002 -9.6102548e-001
  1.0480000e+003 -1.5474060e+002 -1.3222659e+000
  1.0520000e+003 -1.5459953e+002 -1.3583026e+000
  1.0560000e+003 -1.5501060e+002 -8.6972725e-001
  1.0600000e+003 -1.5437238e+002 -9.2729580e-001
  1.0640000e+003 -1.5331215e+002 -8.2848519e-001
  1.0680000e+003 -1.5426834e+002 -9.5549142e-001
  1.0720000e+003 -1.5368338e+002 -4.9212772e-002
  1.0760000e+003 -1.5342662e+002  1.0807596e-001
  1.0800000e+003 -1.5344759e+002 -3.1208402e-001
  1.0840000e+003 -1.5401871e+002 -5.8771276e-001
  1.0880000e+003 -1.5394925e+002 -1.1434640e-001
  1.0920000e+003 -1.5392839e+002 -8.1996769e-002
  1.0960000e+003 -1.5395477e+002 -4.6038136e-001
  1.1000000e+003 -1.5378122e+002 -3.9626935e-001
  1.1040000e+003 -1.5385893e+002 -4.6282881e-001
  1.1080000e+003 -1.5376483e+002  5.3810336e-002
  1.1120000e+003 -1.5393901e+002 -1.5277447e-001
  1.1160000e+003 -1.5396667e+002 -5.9686815e-003
  1.1200000e+003 -1.5353665e+002  2.1717274e-001
  1.1240000e+003 -1.5331805e+002  3.6777994e-001
  1.1280000e+003 -1.5283676e+002  2.2035146e-001
  1.1320000e+003 -1.5302440e+002  4.4893864e-001
  1.1360000e+003 -1.5351532e+002  3.8147029e-001
  1.1400000e+003 -1.5398648e+002  7.0100594e-001
  1.1440000e+003 -1.5343893e+002  6.0067099e-001
  1.1480000e+003 -1.5344740e+002  8.1282014e-001
  1.1520000e+003 -1.5378105e+002  7.5826859e-001
  1.1560000e+003 -1.5325829e+002  4.6041793e-001
  1.1600000e+003 -1.5305728e+002  5.6834793e-001
  1.1640000e+003 -1.5311748e+002  1.7610866e+000
  1.1680000e+003 -1.5332690e+002  1.2957684e+000
  1.1720000e+003 -1.5335309e+002  1.2067164e+000
  1.1760000e+003 -1.5408438e+002  9.3072176e-001
  1.1800000e+003 -1.5360143e+002  1.2603029e+000
  1.1840000e+003 -1.5296031e+002  8.8172686e-001
  1.1880000e+003 -1.5257481e+002  9.0626371e-001
  1.1920000e+003 -1.5295833e+002  1.1885300e+000
  1.1960000e+003 -1.5274474e+002  1.6306591e+000
  1.2000000e+003 -1.5271786e+002  1.5814743e+000
  1.2040000e+003 -1.5275984e+002  1.2242165e+000
  1.2080000e+003 -1.5291029e+002  8.7702268e-001
  1.2120000e+003 -1.5288094e+002  1.2382475e+000
  1.2160000e+003 -1.5194473e+002  1.3102330e+000
  1.2200000e+003 -1.5275560e+002  1.9504470e+000
  1.2240000e+003 -1.5334685e+002  1.6241739e+000
  1.2280000e+003 -1.5291342e+002  9.6983558e-001
  1.2320000e+003 -1.5225630e+002  9.9269629e-001
  1.2360000e+003 -1.5265320e+002  7.5311679e-001
  1.2400000e+003 -1.5215623e+002  1.4340856e+000
  1.2440000e+003 -1.5174409e+002  1.9160340e+000
  1.2480000e+003 -1.5301260e+002  9.3247950e-001
  1.2520000e+003 -1.5263136e+002  1.5715374e+000
  1.2560000e+003 -1.5255936e+002  1.2017040e+000
  1.2600000e+003 -1.5269756e+002  1.2081016e+000
  1.2640000e+003 -1.5280386e+002  1.5229677e+000
  1.2680000e+003 -1.5274248e+002  1.7708721e+000
  1.2720000e+003 -1.5163646e+002  1.6228613e+000
  1.2760000e+003 -1.5164200e+002  7.8605694e-001
  1.2800000e+003 -1.5238956e+002  6.2533671e-001
  1.2840000e+003 -1.5206647e+002  2.1525106e+000
  1.2880000e+003 -1.5225677e+002  1.9189656e+000
  1.2920000e+003 -1.5258630e+002  1.8583225e+000
  1.2960000e+003 -1.5241113e+002  1.9789842e+000
  1.3000000e+003 -1.5182561e+002  1.5524228e+000
  1.3040000e+003 -1.5165891e+002  1.5173236e+000
  1.3080000e+003 -1.5263451e+002  1.5876548e+000
  1.3120000e+003 -1.5224771e+002  1.5744869e+000
  1.3160000e+003 -1.5184154e+002  2.0340745e+000
  1.3200000e+003 -1.5199956e+002  1.8926421e+000
  1.3240000e+003 -1.5201295e+002  1.5359234e+000
  1.3280000e+003 -1.5200343e+002  1.8286293e+000
  1.3320000e+003 -1.5187247e+002  2.2958992e+000
  1.3360000e+003 -1.5162277e+002  2.0066671e+000
  1.3400000e+003 -1.5222327e+002  2.3584855e+000
  1.3440000e+003 -1.5190274e+002  1.9728481e+000
  1.3480000e+003 -1.5206667e+002  1.5950114e+000
  1.3520000e+003 -1.5218898e+002  1.7708840e+000
  1.3560000e+003 -1.5171283e+002  1.4923220e+000
  1.3600000e+003 -1.5161009e+002  1.5824565e+000
  1.3640000e+003 -1.5205931e+002  1.8773687e+000
  1.3680000e+003 -1.5155481e+002  1.4646544e+000
  1.3720000e+003 -1.5170334e+002  1.2415060e+000
  1.3760000e+003 -1.5151074e+002  1.3126397e+000
  1.3800000e+003 -1.5133641e+002  1.4718230e+000
  1.3840000e+003 -1.5163069e+002  1.3387122e+000
  1.3880000e+003 -1.5149513e+002  1.6719776e+000
  1.3920000e+003 -1.5168245e+002  2.3538318e+000
  1.3960000e+003 -1.5197134e+002  1.8647847e+000
  1.4000000e+003 -1.5125833e+002  1.7515996e+000
  1.4040000e+003 -1.5184030e+002  1.5128582e+000
  1.4080000e+003 -1.5245668e+002  1.5861840e+000
  1.4120000e+003 -1.5196100e+002  1.5440116e+000
  1.4160000e+003 -1.5182437e+002  2.0029054e+000
  1.4200000e+003 -1.5194075e+002  2.0635335e+000
  1.4240000e+003 -1.5172748e+002  1.8896976e+000
  1.4280000e+003 -1.5115802e+002  2.3258474e+000
  1.4320000e+003 -1.5104826e+002  2.1440079e+000
  1.4360000e+003 -1.5148999e+002  1.8449392e+000
  1.4400000e+003 -1.5075180e+002  2.1099133e+000
  1.4440000e+003 -1.5117462e+002  1.9732431e+000
  1.4480000e+003 -1.5129369e+002  1.6236558e+000
  1.4520000e+003 -1.5136848e+002  1.4787542e+000
  1.4560000e+003 -1.5126414e+002  1.4385875e+000
  1.4600000e+003 -1.5130757e+002  1.0260947e+000
  1.4640000e+003 -1.5120108e+002  1.1366578e+000
  1.4680000e+003 -1.5140018e+002  1.4484689e+000
  1.4720000e+003 -1.5169897e+002  1.8232902e+000
  1.4760000e+003 -1.5149396e+002  1.4400594e+000
  1.4800000e+003 -1.5109109e+002  1.2306349e+000
  1.4840000e+003 -1.5113922e+002  4.8936394e-001
  1.4880000e+003 -1.5107539e+002  7.9313463e-001
  1.4920000e+003 -1.5074968e+002  8.4574026e-001
  1.4960000e+003 -1.5041736e+002  9.2749542e-001
  1.5000000e+003 -1.5051668e+002  1.0836302e+000
  1.5040000e+003 -1.5096931e+002  6.8207806e-001
  1.5080000e+003 -1.5100720e+002  7.1830899e-001
  1.5120000e+003 -1.5062114e+002  1.1348193e+000
  1.5160000e+003 -1.5089838e+002  6.0301667e-001
  1.5200000e+003 -1.5114917e+002  3.3799678e-001
  1.5240000e+003 -1.5099222e+002  7.0265609e-001
  1.5280000e+003 -1.5056429e+002  6.4860469e-001
  1.5320000e+003 -1.5059726e+002  1.6286205e-001
  1.5360000e+003 -1.5128642e+002  2.3973043e-001
  1.5400000e+003 -1.5129951e+002  2.3045771e-002
  1.5440000e+003 -1.5121667e+002  5.2493948e-001
  1.5480000e+003 -1.5017131e+002  3.7701243e-001
  1.5520000e+003 -1.4981438e+002  5.8368707e-001
  1.5560000e+003 -1.4989862e+002 -1.0316990e-001
  1.5600000e+003 -1.5060252e+002  1.7722027e-001
  1.5640000e+003 -1.5073598e+002 -3.3190751e-001
  1.5680000e+003 -1.5052324e+002 -2.7817917e-001
  1.5720000e+003 -1.5060333e+002 -3.5622051e-001
  1.5760000e+003 -1.5069069e+002 -2.7834955e-001
  1.5800000e+003 -1.5083627e+002 -3.1192836e-001
  1.5840000e+003 -1.5096257e+002 -8.9667088e-001
  1.5880000e+003 -1.5096072e+002 -7.0297408e-001
  1.5920000e+003 -1.5094814e+002 -6.4221019e-001
  1.5960000e+003 -1.5066594e+002 -1.0763667e+000
  1.6000000e+003 -1.5076013e+002 -1.0507551e+000
