  0.0000000e+000  9.8916626e+000  0.0000000e+000
  4.0000000e+000  9.4103994e+000 -7.1461195e-001
  8.0000000e+000 -2.1155531e+001 -1.0926533e+001
  1.2000000e+001 -9.8890289e+001 -2.2734959e+001
  1.6000000e+001 -1.1995612e+002 -9.9663706e+000
  2.0000000e+001 -1.1853037e+002 -7.3804154e+000
  2.4000000e+001 -1.1705696e+002 -9.8839788e+000
  2.8000000e+001 -1.1733076e+002 -1.0334307e+001
  3.2000000e+001 -1.1792288e+002 -1.0621964e+001
  3.6000000e+001 -1.1941683e+002 -7.9593091e+000
  4.0000000e+001 -1.1731455e+002 -6.2937322e+000
  4.4000000e+001 -1.1630405e+002 -5.3185196e+000
  4.8000000e+001 -1.1534460e+002 -4.9846916e+000
  5.2000000e+001 -1.1501112e+002 -6.0169821e+000
  5.6000000e+001 -1.1534054e+002 -6.4002357e+000
  6.0000000e+001 -1.1654199e+002 -5.8891668e+000
  6.4000000e+001 -1.1655956e+002 -5.6063185e+000
  6.8000000e+001 -1.1588578e+002 -4.0899372e+000
  7.2000000e+001 -1.1432800e+002 -3.3852146e+000
  7.6000000e+001 -1.1328476e+002 -4.1303005e+000
  8.0000000e+001 -1.1056300e+002 -5.1778307e+000
  8.4000000e+001 -1.1092588e+002 -6.3149271e+000
  8.8000000e+001 -1.1053818e+002 -6.2779860e+000
  9.2000000e+001 -1.0824102e+002 -1.1576593e+001
  9.6000000e+001 -1.1180266e+002 -1.5512641e+001
  1.0000000e+002 -1.1862579e+002 -1.3775993e+001
  1.0400000e+002 -1.2012292e+002 -1.0907845e+001
  1.0800000e+002 -1.2188992e+002 -8.9580469e+000
  1.1200000e+002 -1.2246664e+002 -5.7334247e+000
  1.1600000e+002 -1.2151501e+002 -5.2093968e+000
  1.2000000e+002 -1.2097164e+002 -4.6103272e+000
  1.2400000e+002 -1.2006105e+002 -3.8560767e+000
  1.2800000e+002 -1.1911121e+002 -4.1514058e+000
  1.3200000e+002 -1.1932096e+002 -3.9505365e+000
  1.3600000e+002 -1.1976285e+002 -4.0085974e+000
  1.4000000e+002 -1.1947768e+002 -3.7905705e+000
  1.4400000e+002 -1.1923349e+002 -3.4864058e+000
  1.4800000e+002 -1.1869838e+002 -2.9907770e+000
  1.5200000e+002 -1.1861673e+002 -3.0915256e+000
  1.5600000e+002 -1.1783437e+002 -3.5175939e+000
  1.6000000e+002 -1.1763644e+002 -3.3421428e+000
  1.6400000e+002 -1.1690693e+002 -3.8425555e+000
  1.6800000e+002 -1.1858788e+002 -4.8888845e+000
  1.7200000e+002 -1.1907950e+002 -2.8654256e+000
  1.7600000e+002 -1.1781608e+002 -2.1683197e+000
  1.8000000e+002 -1.1634682e+002 -3.2525625e+000
  1.8400000e+002 -1.1456697e+002 -5.1922402e+000
  1.8800000e+002 -1.1578058e+002 -7.8689795e+000
  1.9200000e+002 -1.1940186e+002 -7.5812292e+000
  1.9600000e+002 -1.2144002e+002 -7.1597309e+000
  2.0000000e+002 -1.2175598e+002 -5.0337138e+000
  2.0400000e+002 -1.2021339e+002 -3.5521724e+000
  2.0800000e+002 -1.1951851e+002 -3.6639404e+000
  2.1200000e+002 -1.1951706e+002 -4.7217102e+000
  2.1600000e+002 -1.2078527e+002 -3.6973341e+000
  2.2000000e+002 -1.2021625e+002 -3.1338735e+000
  2.2400000e+002 -1.1972044e+002 -2.7826231e+000
  2.2800000e+002 -1.1942305e+002 -2.2181644e+000
  2.3200000e+002 -1.1917406e+002 -2.1253195e+000
  2.3600000e+002 -1.1846381e+002 -2.0401468e+000
  2.4000000e+002 -1.1775084e+002 -2.1934099e+000
  2.4400000e+002 -1.1704537e+002 -2.1767032e+000
  2.4800000e+002 -1.1715304e+002 -2.7326870e+000
  2.5200000e+002 -1.1812489e+002 -2.7380006e+000
  2.5600000e+002 -1.1801205e+002 -2.8546052e+000
  2.6000000e+002 -1.1668762e+002 -3.1970770e+000
  2.6400000e+002 -1.1587612e+002 -3.0400729e+000
  2.6800000e+002 -1.1519308e+002 -4.4792614e+000
  2.7200000e+002 -1.1573071e+002 -6.6432533e+000
  2.7600000e+002 -1.1889984e+002 -7.1590095e+000
  2.8000000e+002 -1.2100409e+002 -5.1075764e+000
  2.8400000e+002 -1.2022331e+002 -3.3328164e+000
  2.8800000e+002 -1.1961044e+002 -3.0244393e+000
  2.9200000e+002 -1.1946354e+002 -2.7590520e+000
  2.9600000e+002 -1.1897719e+002 -2.2450438e+000
  3.0000000e+002 -1.1834219e+002 -2.1359663e+000
  3.0400000e+002 -1.1803917e+002 -2.2476387e+000
  3.0800000e+002 -1.1812300e+002 -2.6823268e+000
  3.1200000e+002 -1.1771232e+002 -2.6104577e+000
  3.1600000e+002 -1.1719440e+002 -2.6695981e+000
  3.2000000e+002 -1.1691930e+002 -2.5276442e+000
  3.2400000e+002 -1.1650590e+002 -2.6818991e+000
  3.2800000e+002 -1.1597513e+002 -3.6091690e+000
  3.3200000e+002 -1.1548785e+002 -5.1558123e+000
  3.3600000e+002 -1.1695532e+002 -5.4579620e+000
  3.4000000e+002 -1.1764679e+002 -4.3698597e+000
  3.4400000e+002 -1.1814748e+002 -4.2017283e+000
  3.4800000e+002 -1.1808143e+002 -3.8622491e+000
  3.5200000e+002 -1.1793877e+002 -3.1977851e+000
  3.5600000e+002 -1.1776256e+002 -3.0815146e+000
  3.6000000e+002 -1.1737751e+002 -3.2606287e+000
  3.6400000e+002 -1.1676601e+002 -3.2875826e+000
  3.6800000e+002 -1.1729291e+002 -4.0380678e+000
  3.7200000e+002 -1.1776183e+002 -3.7926319e+000
  3.7600000e+002 -1.1765076e+002 -2.9840264e+000
  3.8000000e+002 -1.1683775e+002 -2.7409365e+000
  3.8400000e+002 -1.1652513e+002 -2.9843266e+000
  3.8800000e+002 -1.1625907e+002 -2.8670111e+000
  3.9200000e+002 -1.1614892e+002 -2.8693383e+000
  3.9600000e+002 -1.1618085e+002 -2.8458829e+000
  4.0000000e+002 -1.1553242e+002 -2.8971531e+000
  4.0400000e+002 -1.1579224e+002 -3.3774202e+000
  4.0800000e+002 -1.1579420e+002 -3.3585815e+000
  4.1200000e+002 -1.1520311e+002 -3.0976367e+000
  4.1600000e+002 -1.1527266e+002 -2.8197043e+000
  4.2000000e+002 -1.1548309e+002 -2.9036524e+000
  4.2400000e+002 -1.1541615e+002 -2.9993286e+000
  4.2800000e+002 -1.1491100e+002 -3.1664324e+000
  4.3200000e+002 -1.1491544e+002 -3.0019181e+000
  4.3600000e+002 -1.1480938e+002 -2.8926191e+000
  4.4000000e+002 -1.1476769e+002 -3.0857444e+000
  4.4400000e+002 -1.1429699e+002 -3.2262869e+000
  4.4800000e+002 -1.1409641e+002 -3.5513172e+000
  4.5200000e+002 -1.1379655e+002 -3.8978126e+000
  4.5600000e+002 -1.1380202e+002 -3.8078315e+000
  4.6000000e+002 -1.1352684e+002 -3.9085643e+000
  4.6400000e+002 -1.1323531e+002 -3.9866910e+000
  4.6800000e+002 -1.1298701e+002 -3.8236377e+000
  4.7200000e+002 -1.1298438e+002 -4.3144436e+000
  4.7600000e+002 -1.1281549e+002 -4.3000579e+000
  4.8000000e+002 -1.1245727e+002 -4.3207302e+000
  4.8400000e+002 -1.1217629e+002 -4.7729106e+000
  4.8800000e+002 -1.1192205e+002 -4.8610249e+000
  4.9200000e+002 -1.1198403e+002 -4.4509134e+000
  4.9600000e+002 -1.1172615e+002 -4.6611161e+000
  5.0000000e+002 -1.1093967e+002 -5.1954975e+000
  5.0400000e+002 -1.1088507e+002 -5.4150114e+000
  5.0800000e+002 -1.1078012e+002 -5.7069163e+000
  5.1200000e+002 -1.1034062e+002 -6.0509191e+000
  5.1600000e+002 -1.1002704e+002 -6.0745158e+000
  5.2000000e+002 -1.0978258e+002 -6.1249161e+000
  5.2400000e+002 -1.0964164e+002 -6.5895867e+000
  5.2800000e+002 -1.0962829e+002 -7.0722375e+000
  5.3200000e+002 -1.0919648e+002 -7.5928435e+000
  5.3600000e+002 -1.0913583e+002 -8.1136093e+000
  5.4000000e+002 -1.0892679e+002 -8.2739735e+000
  5.4400000e+002 -1.0901173e+002 -8.4097509e+000
  5.4800000e+002 -1.0882345e+002 -8.8900557e+000
  5.5200000e+002 -1.0855715e+002 -8.8789816e+000
  5.5600000e+002 -1.0832821e+002 -9.0074930e+000
  5.6000000e+002 -1.0763143e+002 -8.9744177e+000
  5.6400000e+002 -1.0745135e+002 -9.4678879e+000
  5.6800000e+002 -1.0736181e+002 -9.9222431e+000
  5.7200000e+002 -1.0706558e+002 -1.0193117e+001
  5.7600000e+002 -1.0694877e+002 -1.0321529e+001
  5.8000000e+002 -1.0644582e+002 -1.1037547e+001
  5.8400000e+002 -1.0569985e+002 -1.1633018e+001
  5.8800000e+002 -1.0522806e+002 -1.2232198e+001
  5.9200000e+002 -1.0517233e+002 -1.2332354e+001
  5.9600000e+002 -1.0473270e+002 -1.3062273e+001
  6.0000000e+002 -1.0442649e+002 -1.3633544e+001
  6.0400000e+002 -1.0388106e+002 -1.4375563e+001
  6.0800000e+002 -1.0319933e+002 -1.5083058e+001
  6.1200000e+002 -1.0261375e+002 -1.6113369e+001
  6.1600000e+002 -1.0227720e+002 -1.7187637e+001
  6.2000000e+002 -1.0198599e+002 -1.8047411e+001
  6.2400000e+002 -1.0196896e+002 -1.9501879e+001
  6.2800000e+002 -1.0159455e+002 -2.0654818e+001
  6.3200000e+002 -1.0118404e+002 -2.1759686e+001
  6.3600000e+002 -1.0107239e+002 -2.3017515e+001
  6.4000000e+002 -1.0101842e+002 -2.5176064e+001
  6.4400000e+002 -1.0097905e+002 -2.6374454e+001
  6.4800000e+002 -1.0141536e+002 -2.8269693e+001
  6.5200000e+002 -1.0215128e+002 -3.0042479e+001
  6.5600000e+002 -1.0265996e+002 -3.1447910e+001
  6.6000000e+002 -1.0311120e+002 -3.3161644e+001
  6.6400000e+002 -1.0394723e+002 -3.5162945e+001
  6.6800000e+002 -1.0545421e+002 -3.7522758e+001
  6.7200000e+002 -1.0668311e+002 -3.9103008e+001
  6.7600000e+002 -1.0858651e+002 -4.0647854e+001
  6.8000000e+002 -1.1059914e+002 -4.2527977e+001
  6.8400000e+002 -1.1290267e+002 -4.3777206e+001
  6.8800000e+002 -1.1513451e+002 -4.4613281e+001
  6.9200000e+002 -1.1821844e+002 -4.5366501e+001
  6.9600000e+002 -1.2091730e+002 -4.5905331e+001
  7.0000000e+002 -1.2316832e+002 -4.5903206e+001
  7.0400000e+002 -1.2607458e+002 -4.5151772e+001
  7.0800000e+002 -1.2813261e+002 -4.4537357e+001
  7.1200000e+002 -1.3067986e+002 -4.3898754e+001
  7.1600000e+002 -1.3276099e+002 -4.3219189e+001
  7.2000000e+002 -1.3467509e+002 -4.2271500e+001
  7.2400000e+002 -1.3693837e+002 -4.0640282e+001
  7.2800000e+002 -1.3836708e+002 -3.8828785e+001
  7.3200000e+002 -1.4028433e+002 -3.7331886e+001
  7.3600000e+002 -1.4160428e+002 -3.6312042e+001
  7.4000000e+002 -1.4260999e+002 -3.4508331e+001
  7.4400000e+002 -1.4357625e+002 -3.2516674e+001
  7.4800000e+002 -1.4348334e+002 -3.0737570e+001
  7.5200000e+002 -1.4396521e+002 -2.9680702e+001
  7.5600000e+002 -1.4450090e+002 -2.7598356e+001
  7.6000000e+002 -1.4435179e+002 -2.5836298e+001
  7.6400000e+002 -1.4467696e+002 -2.4757574e+001
  7.6800000e+002 -1.4425992e+002 -2.4129023e+001
  7.7200000e+002 -1.4397224e+002 -2.2432640e+001
  7.7600000e+002 -1.4409067e+002 -2.1207384e+001
  7.8000000e+002 -1.4348523e+002 -2.0319504e+001
  7.8400000e+002 -1.4333618e+002 -1.9345991e+001
  7.8800000e+002 -1.4264549e+002 -1.7903000e+001
  7.9200000e+002 -1.4253380e+002 -1.7158539e+001
  7.9600000e+002 -1.4292172e+002 -1.6383720e+001
  8.0000000e+002 -1.4252065e+002 -1.5566806e+001
  8.0400000e+002 -1.4168416e+002 -1.5136757e+001
  8.0800000e+002 -1.4080641e+002 -1.5045190e+001
  8.1200000e+002 -1.4006654e+002 -1.4364319e+001
  8.1600000e+002 -1.4026498e+002 -1.3747064e+001
  8.2000000e+002 -1.4024457e+002 -1.3032140e+001
  8.2400000e+002 -1.3929538e+002 -1.2995989e+001
  8.2800000e+002 -1.3909023e+002 -1.2929686e+001
  8.3200000e+002 -1.3900385e+002 -1.1968005e+001
  8.3600000e+002 -1.3838820e+002 -1.1656864e+001
  8.4000000e+002 -1.3813913e+002 -1.1631468e+001
  8.4400000e+002 -1.3779482e+002 -1.0924250e+001
  8.4800000e+002 -1.3729582e+002 -1.1000729e+001
  8.5200000e+002 -1.3645229e+002 -1.1103176e+001
  8.5600000e+002 -1.3582562e+002 -1.0396280e+001
  8.6000000e+002 -1.3590645e+002 -1.0518602e+001
  8.6400000e+002 -1.3516972e+002 -1.0690670e+001
  8.6800000e+002 -1.3517670e+002 -1.0601623e+001
  8.7200000e+002 -1.3453670e+002 -9.9012089e+000
  8.7600000e+002 -1.3402023e+002 -9.3929358e+000
  8.8000000e+002 -1.3386143e+002 -9.5851822e+000
  8.8400000e+002 -1.3350124e+002 -1.0036931e+001
  8.8800000e+002 -1.3314893e+002 -1.0618923e+001
  8.9200000e+002 -1.3268820e+002 -1.0592423e+001
  8.9600000e+002 -1.3203526e+002 -1.0377486e+001
  9.0000000e+002 -1.3151938e+002 -1.0614768e+001
  9.0400000e+002 -1.3165826e+002 -1.0490519e+001
  9.0800000e+002 -1.3138823e+002 -1.0601808e+001
  9.1200000e+002 -1.3063278e+002 -1.0610979e+001
  9.1600000e+002 -1.3077541e+002 -1.0768931e+001
  9.2000000e+002 -1.3069669e+002 -1.0809597e+001
  9.2400000e+002 -1.3027620e+002 -1.1388476e+001
  9.2800000e+002 -1.3028746e+002 -1.2653744e+001
  9.3200000e+002 -1.2976614e+002 -1.2742478e+001
  9.3600000e+002 -1.2963640e+002 -1.2590399e+001
  9.4000000e+002 -1.2964204e+002 -1.2932138e+001
  9.4400000e+002 -1.2964087e+002 -1.3244171e+001
  9.4800000e+002 -1.2951013e+002 -1.3505414e+001
  9.5200000e+002 -1.2954089e+002 -1.4239636e+001
  9.5600000e+002 -1.2954495e+002 -1.4454726e+001
  9.6000000e+002 -1.2989507e+002 -1.4857762e+001
  9.6400000e+002 -1.3041254e+002 -1.5331016e+001
  9.6800000e+002 -1.3049538e+002 -1.5802823e+001
  9.7200000e+002 -1.3082544e+002 -1.6524307e+001
  9.7600000e+002 -1.3111827e+002 -1.6145851e+001
  9.8000000e+002 -1.3113342e+002 -1.5985929e+001
  9.8400000e+002 -1.3205412e+002 -1.6859648e+001
  9.8800000e+002 -1.3258398e+002 -1.7182007e+001
  9.9200000e+002 -1.3297369e+002 -1.7319389e+001
  9.9600000e+002 -1.3333020e+002 -1.7444166e+001
  1.0000000e+003 -1.3372702e+002 -1.7573685e+001
  1.0040000e+003 -1.3447276e+002 -1.7252562e+001
  1.0080000e+003 -1.3497340e+002 -1.6977442e+001
  1.0120000e+003 -1.3525099e+002 -1.6925541e+001
  1.0160000e+003 -1.3572679e+002 -1.6961853e+001
  1.0200000e+003 -1.3615742e+002 -1.6562815e+001
  1.0240000e+003 -1.3699945e+002 -1.6306021e+001
  1.0280000e+003 -1.3695107e+002 -1.5846569e+001
  1.0320000e+003 -1.3684215e+002 -1.5195996e+001
  1.0360000e+003 -1.3750754e+002 -1.4966516e+001
  1.0400000e+003 -1.3768463e+002 -1.4595343e+001
  1.0440000e+003 -1.3763235e+002 -1.4409133e+001
  1.0480000e+003 -1.3781067e+002 -1.4136429e+001
  1.0520000e+003 -1.3819930e+002 -1.2981703e+001
  1.0560000e+003 -1.3808476e+002 -1.2481761e+001
  1.0600000e+003 -1.3849464e+002 -1.2316051e+001
  1.0640000e+003 -1.3842209e+002 -1.2276209e+001
  1.0680000e+003 -1.3792159e+002 -1.1660283e+001
  1.0720000e+003 -1.3813148e+002 -1.0968637e+001
  1.0760000e+003 -1.3864507e+002 -1.0430761e+001
  1.0800000e+003 -1.3847012e+002 -1.0696309e+001
  1.0840000e+003 -1.3783298e+002 -1.1035511e+001
  1.0880000e+003 -1.3770438e+002 -1.0483625e+001
  1.0920000e+003 -1.3762062e+002 -1.0050416e+001
  1.0960000e+003 -1.3732799e+002 -9.8790798e+000
  1.1000000e+003 -1.3697151e+002 -9.3479366e+000
  1.1040000e+003 -1.3709705e+002 -8.7404385e+000
  1.1080000e+003 -1.3688637e+002 -8.3280821e+000
  1.1120000e+003 -1.3639116e+002 -8.3115778e+000
  1.1160000e+003 -1.3652167e+002 -7.9934225e+000
  1.1200000e+003 -1.3599789e+002 -7.9689350e+000
  1.1240000e+003 -1.3616417e+002 -8.1505756e+000
  1.1280000e+003 -1.3590334e+002 -8.0287819e+000
  1.1320000e+003 -1.3540082e+002 -7.3374286e+000
  1.1360000e+003 -1.3508514e+002 -7.6399250e+000
  1.1400000e+003 -1.3458095e+002 -7.4692407e+000
  1.1440000e+003 -1.3433076e+002 -7.5674524e+000
  1.1480000e+003 -1.3420865e+002 -7.2735491e+000
  1.1520000e+003 -1.3414313e+002 -7.2368965e+000
  1.1560000e+003 -1.3435570e+002 -7.0484695e+000
  1.1600000e+003 -1.3415796e+002 -6.8955884e+000
  1.1640000e+003 -1.3360056e+002 -7.0700736e+000
  1.1680000e+003 -1.3343819e+002 -6.9773846e+000
  1.1720000e+003 -1.3260559e+002 -7.0146799e+000
  1.1760000e+003 -1.3263231e+002 -7.0274229e+000
  1.1800000e+003 -1.3215244e+002 -6.9985638e+000
  1.1840000e+003 -1.3234013e+002 -7.3046932e+000
  1.1880000e+003 -1.3228545e+002 -7.5407376e+000
  1.1920000e+003 -1.3194431e+002 -7.4774795e+000
  1.1960000e+003 -1.3142491e+002 -7.4599576e+000
  1.2000000e+003 -1.3156599e+002 -7.3629704e+000
  1.2040000e+003 -1.3139656e+002 -7.0851254e+000
  1.2080000e+003 -1.3140013e+002 -7.4678078e+000
  1.2120000e+003 -1.3088228e+002 -7.2353454e+000
  1.2160000e+003 -1.3066414e+002 -7.3101325e+000
  1.2200000e+003 -1.3053413e+002 -7.3305969e+000
  1.2240000e+003 -1.3025920e+002 -7.3584318e+000
  1.2280000e+003 -1.2990747e+002 -7.7982564e+000
  1.2320000e+003 -1.2964833e+002 -7.7620239e+000
  1.2360000e+003 -1.2967456e+002 -7.8644991e+000
  1.2400000e+003 -1.2928485e+002 -7.9516850e+000
  1.2440000e+003 -1.2895558e+002 -7.9655190e+000
  1.2480000e+003 -1.2865469e+002 -7.8785343e+000
  1.2520000e+003 -1.2893051e+002 -7.7854776e+000
  1.2560000e+003 -1.2845549e+002 -8.1537437e+000
  1.2600000e+003 -1.2817764e+002 -7.9767876e+000
  1.2640000e+003 -1.2788821e+002 -8.0519867e+000
  1.2680000e+003 -1.2759540e+002 -8.4286022e+000
  1.2720000e+003 -1.2702330e+002 -8.3311462e+000
  1.2760000e+003 -1.2704391e+002 -8.8917208e+000
  1.2800000e+003 -1.2707622e+002 -8.7010937e+000
  1.2840000e+003 -1.2660198e+002 -8.3966503e+000
  1.2880000e+003 -1.2652187e+002 -8.8392687e+000
  1.2920000e+003 -1.2637273e+002 -9.1903734e+000
  1.2960000e+003 -1.2609187e+002 -9.4105883e+000
  1.3000000e+003 -1.2579771e+002 -9.4717636e+000
  1.3040000e+003 -1.2563454e+002 -9.5591383e+000
  1.3080000e+003 -1.2514964e+002 -9.9566946e+000
  1.3120000e+003 -1.2510262e+002 -9.9474287e+000
  1.3160000e+003 -1.2512365e+002 -9.9558449e+000
  1.3200000e+003 -1.2449931e+002 -1.0259735e+001
  1.3240000e+003 -1.2456248e+002 -1.0555906e+001
  1.3280000e+003 -1.2441509e+002 -1.0759998e+001
  1.3320000e+003 -1.2409924e+002 -1.1299789e+001
  1.3360000e+003 -1.2389735e+002 -1.1367713e+001
  1.3400000e+003 -1.2346432e+002 -1.1135471e+001
  1.3440000e+003 -1.2338057e+002 -1.1283092e+001
  1.3480000e+003 -1.2282863e+002 -1.1679288e+001
  1.3520000e+003 -1.2251817e+002 -1.1759953e+001
  1.3560000e+003 -1.2258226e+002 -1.2043396e+001
  1.3600000e+003 -1.2201820e+002 -1.2750022e+001
  1.3640000e+003 -1.2166685e+002 -1.2955549e+001
  1.3680000e+003 -1.2128569e+002 -1.3385591e+001
  1.3720000e+003 -1.2103719e+002 -1.3695075e+001
  1.3760000e+003 -1.2079191e+002 -1.3663385e+001
  1.3800000e+003 -1.2049131e+002 -1.4159259e+001
  1.3840000e+003 -1.2016583e+002 -1.4669343e+001
  1.3880000e+003 -1.1976642e+002 -1.5024734e+001
  1.3920000e+003 -1.1940471e+002 -1.5614714e+001
  1.3960000e+003 -1.1900288e+002 -1.5939158e+001
  1.4000000e+003 -1.1881565e+002 -1.6434114e+001
  1.4040000e+003 -1.1881490e+002 -1.6863907e+001
  1.4080000e+003 -1.1847710e+002 -1.7427073e+001
  1.4120000e+003 -1.1820769e+002 -1.8084362e+001
  1.4160000e+003 -1.1770008e+002 -1.8620949e+001
  1.4200000e+003 -1.1766104e+002 -1.9226624e+001
  1.4240000e+003 -1.1718944e+002 -2.0148636e+001
  1.4280000e+003 -1.1679979e+002 -2.0848780e+001
  1.4320000e+003 -1.1711400e+002 -2.1553343e+001
  1.4360000e+003 -1.1690720e+002 -2.2206450e+001
  1.4400000e+003 -1.1672096e+002 -2.2998596e+001
  1.4440000e+003 -1.1629970e+002 -2.4075151e+001
  1.4480000e+003 -1.1634109e+002 -2.4590668e+001
  1.4520000e+003 -1.1660875e+002 -2.4984343e+001
  1.4560000e+003 -1.1642720e+002 -2.5970020e+001
  1.4600000e+003 -1.1618902e+002 -2.6968361e+001
  1.4640000e+003 -1.1616195e+002 -2.8001823e+001
  1.4680000e+003 -1.1653123e+002 -2.8938679e+001
  1.4720000e+003 -1.1695880e+002 -2.9646635e+001
  1.4760000e+003 -1.1683081e+002 -3.0576414e+001
  1.4800000e+003 -1.1674557e+002 -3.1711491e+001
  1.4840000e+003 -1.1684863e+002 -3.2185631e+001
  1.4880000e+003 -1.1723897e+002 -3.2866241e+001
  1.4920000e+003 -1.1746614e+002 -3.3705414e+001
  1.4960000e+003 -1.1810896e+002 -3.4554272e+001
  1.5000000e+003 -1.1721471e+002 -3.5920006e+001
  1.5040000e+003 -1.1801218e+002 -3.6614880e+001
  1.5080000e+003 -1.1926968e+002 -3.7574554e+001
  1.5120000e+003 -1.1978074e+002 -3.8302467e+001
  1.5160000e+003 -1.2011695e+002 -3.9025051e+001
  1.5200000e+003 -1.2026099e+002 -3.9934246e+001
  1.5240000e+003 -1.2086327e+002 -4.0864910e+001
  1.5280000e+003 -1.2137737e+002 -4.1560867e+001
  1.5320000e+003 -1.2144598e+002 -4.2582607e+001
  1.5360000e+003 -1.2227187e+002 -4.3692371e+001
  1.5400000e+003 -1.2289841e+002 -4.4309532e+001
  1.5440000e+003 -1.2344683e+002 -4.4575104e+001
  1.5480000e+003 -1.2418227e+002 -4.5334824e+001
  1.5520000e+003 -1.2528714e+002 -4.6359741e+001
  1.5560000e+003 -1.2612151e+002 -4.6950214e+001
  1.5600000e+003 -1.2674587e+002 -4.7247967e+001
  1.5640000e+003 -1.2685815e+002 -4.8496918e+001
  1.5680000e+003 -1.2813055e+002 -4.9139534e+001
  1.5720000e+003 -1.2942883e+002 -4.9423336e+001
  1.5760000e+003 -1.3062120e+002 -4.9384541e+001
  1.5800000e+003 -1.3120021e+002 -4.9588490e+001
  1.5840000e+003 -1.3148386e+002 -5.0662971e+001
  1.5880000e+003 -1.3286140e+002 -5.0724998e+001
  1.5920000e+003 -1.3352739e+002 -5.1546322e+001
  1.5960000e+003 -1.3486357e+002 -5.1203880e+001
  1.6000000e+003 -1.3576549e+002 -5.2594498e+001
