  0.0000000e+000  8.7425137e+000  0.0000000e+000
  4.0000000e+000  8.4764538e+000 -4.4028053e-001
  8.0000000e+000 -4.9091045e+001 -1.0933221e+001
  1.2000000e+001 -1.4175575e+002 -3.5852879e+001
  1.6000000e+001 -1.5085858e+002 -1.5263307e+001
  2.0000000e+001 -1.5018889e+002 -8.3927164e+000
  2.4000000e+001 -1.4659732e+002 -1.1497135e+001
  2.8000000e+001 -1.4674249e+002 -1.4067689e+001
  3.2000000e+001 -1.4899065e+002 -9.7541904e+000
  3.6000000e+001 -1.4622884e+002 -6.5292449e+000
  4.0000000e+001 -1.4347542e+002 -6.2174201e+000
  4.4000000e+001 -1.4084515e+002 -7.1910276e+000
  4.8000000e+001 -1.4171886e+002 -8.8607388e+000
  5.2000000e+001 -1.4322884e+002 -8.1699381e+000
  5.6000000e+001 -1.4322112e+002 -7.1237111e+000
  6.0000000e+001 -1.4354413e+002 -7.2793512e+000
  6.4000000e+001 -1.4398586e+002 -6.3504210e+000
  6.8000000e+001 -1.4311676e+002 -4.2038622e+000
  7.2000000e+001 -1.4064717e+002 -2.3474779e+000
  7.6000000e+001 -1.3615298e+002 -2.9809787e+000
  8.0000000e+001 -1.2914388e+002 -8.7270393e+000
  8.4000000e+001 -1.3621606e+002 -2.1273006e+001
  8.8000000e+001 -1.5075392e+002 -1.3970162e+001
  9.2000000e+001 -1.4686848e+002 -8.0033760e+000
  9.6000000e+001 -1.4131461e+002 -9.7749376e+000
  1.0000000e+002 -1.4826337e+002 -1.2986780e+001
  1.0400000e+002 -1.4881180e+002 -6.3839746e+000
  1.0800000e+002 -1.4217708e+002 -7.0061345e+000
  1.1200000e+002 -1.4555455e+002 -1.6366461e+001
  1.1600000e+002 -1.5322313e+002 -1.0013980e+001
  1.2000000e+002 -1.5055727e+002 -3.8476653e+000
  1.2400000e+002 -1.4864578e+002 -4.4891996e+000
  1.2800000e+002 -1.4727281e+002 -4.4317245e+000
  1.3200000e+002 -1.4648982e+002 -4.4257751e+000
  1.3600000e+002 -1.4609045e+002 -4.4336720e+000
  1.4000000e+002 -1.4632578e+002 -4.1400352e+000
  1.4400000e+002 -1.4608719e+002 -3.9746232e+000
  1.4800000e+002 -1.4559579e+002 -3.9912889e+000
  1.5200000e+002 -1.4491090e+002 -3.9339807e+000
  1.5600000e+002 -1.4322223e+002 -4.7644625e+000
  1.6000000e+002 -1.4307147e+002 -6.9095526e+000
  1.6400000e+002 -1.4538791e+002 -7.2251773e+000
  1.6800000e+002 -1.4582706e+002 -7.8420224e+000
  1.7200000e+002 -1.4793658e+002 -6.3349376e+000
  1.7600000e+002 -1.4725392e+002 -5.0349693e+000
  1.8000000e+002 -1.4631364e+002 -4.6477275e+000
  1.8400000e+002 -1.4532422e+002 -4.4898806e+000
  1.8800000e+002 -1.4551050e+002 -5.0014377e+000
  1.9200000e+002 -1.4386955e+002 -6.5866899e+000
  1.9600000e+002 -1.4687981e+002 -9.8240576e+000
  2.0000000e+002 -1.5119742e+002 -7.2976422e+000
  2.0400000e+002 -1.4886037e+002 -4.2471094e+000
  2.0800000e+002 -1.4760347e+002 -3.9432602e+000
  2.1200000e+002 -1.4592426e+002 -3.8381574e+000
  2.1600000e+002 -1.4480035e+002 -6.2793078e+000
  2.2000000e+002 -1.4837402e+002 -1.0124210e+001
  2.2400000e+002 -1.5087413e+002 -6.6481838e+000
  2.2800000e+002 -1.5084102e+002 -4.7164822e+000
  2.3200000e+002 -1.5008192e+002 -3.2734053e+000
  2.3600000e+002 -1.4835551e+002 -3.1600680e+000
  2.4000000e+002 -1.4756796e+002 -3.5989709e+000
  2.4400000e+002 -1.4800388e+002 -3.7323554e+000
  2.4800000e+002 -1.4784424e+002 -4.7996712e+000
  2.5200000e+002 -1.4907236e+002 -5.0926275e+000
  2.5600000e+002 -1.4881786e+002 -3.0069973e+000
  2.6000000e+002 -1.4800687e+002 -2.9855893e+000
  2.6400000e+002 -1.4776053e+002 -3.4346170e+000
  2.6800000e+002 -1.4697066e+002 -3.1772733e+000
  2.7200000e+002 -1.4650029e+002 -4.1866727e+000
  2.7600000e+002 -1.4822185e+002 -7.1109376e+000
  2.8000000e+002 -1.5098238e+002 -6.8672962e+000
  2.8400000e+002 -1.5222841e+002 -3.2090318e+000
  2.8800000e+002 -1.5060153e+002 -1.4740798e+000
  2.9200000e+002 -1.4925946e+002 -1.5384487e+000
  2.9600000e+002 -1.4847112e+002 -1.8185613e+000
  3.0000000e+002 -1.4817143e+002 -2.0593340e+000
  3.0400000e+002 -1.4794061e+002 -2.2176015e+000
  3.0800000e+002 -1.4748994e+002 -2.6428874e+000
  3.1200000e+002 -1.4746529e+002 -3.9099255e+000
  3.1600000e+002 -1.4900755e+002 -3.7208533e+000
  3.2000000e+002 -1.4941051e+002 -2.5748842e+000
  3.2400000e+002 -1.4884329e+002 -2.2763836e+000
  3.2800000e+002 -1.4809514e+002 -2.9543960e+000
  3.3200000e+002 -1.4813272e+002 -2.8372939e+000
  3.3600000e+002 -1.4827960e+002 -2.7892034e+000
  3.4000000e+002 -1.4891241e+002 -2.7035937e+000
  3.4400000e+002 -1.4878084e+002 -2.4877832e+000
  3.4800000e+002 -1.4842314e+002 -2.2107172e+000
  3.5200000e+002 -1.4843607e+002 -1.8447297e+000
  3.5600000e+002 -1.4810901e+002 -1.7407817e+000
  3.6000000e+002 -1.4773341e+002 -1.9741149e+000
  3.6400000e+002 -1.4751752e+002 -2.1350720e+000
  3.6800000e+002 -1.4757153e+002 -2.6148691e+000
  3.7200000e+002 -1.4799416e+002 -2.6474519e+000
  3.7600000e+002 -1.4786736e+002 -2.4540095e+000
  3.8000000e+002 -1.4778511e+002 -2.1925163e+000
  3.8400000e+002 -1.4796214e+002 -1.8017660e+000
  3.8800000e+002 -1.4792641e+002 -2.1941383e+000
  3.9200000e+002 -1.4732416e+002 -1.9441595e+000
  3.9600000e+002 -1.4733856e+002 -1.9191892e+000
  4.0000000e+002 -1.4709460e+002 -2.2593694e+000
  4.0400000e+002 -1.4693567e+002 -2.7825720e+000
  4.0800000e+002 -1.4730530e+002 -3.4033160e+000
  4.1200000e+002 -1.4762517e+002 -3.1208227e+000
  4.1600000e+002 -1.4800188e+002 -2.6679955e+000
  4.2000000e+002 -1.4771037e+002 -2.4933531e+000
  4.2400000e+002 -1.4757057e+002 -2.4003713e+000
  4.2800000e+002 -1.4782494e+002 -2.2692413e+000
  4.3200000e+002 -1.4761159e+002 -2.4971533e+000
  4.3600000e+002 -1.4699783e+002 -2.5258512e+000
  4.4000000e+002 -1.4718336e+002 -2.3000433e+000
  4.4400000e+002 -1.4743892e+002 -1.7256472e+000
  4.4800000e+002 -1.4697902e+002 -2.0361872e+000
  4.5200000e+002 -1.4678799e+002 -2.0134821e+000
  4.5600000e+002 -1.4632321e+002 -2.3297513e+000
  4.6000000e+002 -1.4641368e+002 -2.8155150e+000
  4.6400000e+002 -1.4704790e+002 -2.8491571e+000
  4.6800000e+002 -1.4669403e+002 -2.2755620e+000
  4.7200000e+002 -1.4649452e+002 -1.8303069e+000
  4.7600000e+002 -1.4616713e+002 -2.2047784e+000
  4.8000000e+002 -1.4573572e+002 -2.2851620e+000
  4.8400000e+002 -1.4563052e+002 -2.5695024e+000
  4.8800000e+002 -1.4553021e+002 -3.0860856e+000
  4.9200000e+002 -1.4575581e+002 -3.5871820e+000
  4.9600000e+002 -1.4596539e+002 -3.6878417e+000
  5.0000000e+002 -1.4581250e+002 -3.4648631e+000
  5.0400000e+002 -1.4569101e+002 -3.3016691e+000
  5.0800000e+002 -1.4551335e+002 -3.3854308e+000
  5.1200000e+002 -1.4559880e+002 -3.5489488e+000
  5.1600000e+002 -1.4573367e+002 -4.1342540e+000
  5.2000000e+002 -1.4529878e+002 -4.6061268e+000
  5.2400000e+002 -1.4470190e+002 -4.5831952e+000
  5.2800000e+002 -1.4481819e+002 -4.6685348e+000
  5.3200000e+002 -1.4448665e+002 -4.8536625e+000
  5.3600000e+002 -1.4446796e+002 -5.2912993e+000
  5.4000000e+002 -1.4465585e+002 -5.8781295e+000
  5.4400000e+002 -1.4513101e+002 -6.1125021e+000
  5.4800000e+002 -1.4538824e+002 -6.1913724e+000
  5.5200000e+002 -1.4491429e+002 -6.7527237e+000
  5.5600000e+002 -1.4476427e+002 -7.2841177e+000
  5.6000000e+002 -1.4477448e+002 -7.5568748e+000
  5.6400000e+002 -1.4470616e+002 -8.0199127e+000
  5.6800000e+002 -1.4480728e+002 -8.2162495e+000
  5.7200000e+002 -1.4445151e+002 -8.5102348e+000
  5.7600000e+002 -1.4475128e+002 -9.5038872e+000
  5.8000000e+002 -1.4531090e+002 -9.9233837e+000
  5.8400000e+002 -1.4552148e+002 -1.0388714e+001
  5.8800000e+002 -1.4594652e+002 -1.1240520e+001
  5.9200000e+002 -1.4638029e+002 -1.1628503e+001
  5.9600000e+002 -1.4714006e+002 -1.2132666e+001
  6.0000000e+002 -1.4788005e+002 -1.2615803e+001
  6.0400000e+002 -1.4855272e+002 -1.3493294e+001
  6.0800000e+002 -1.4903253e+002 -1.3906821e+001
  6.1200000e+002 -1.4987349e+002 -1.4114264e+001
  6.1600000e+002 -1.5095311e+002 -1.4055804e+001
  6.2000000e+002 -1.5174995e+002 -1.3910786e+001
  6.2400000e+002 -1.5269908e+002 -1.4050298e+001
  6.2800000e+002 -1.5385361e+002 -1.3782247e+001
  6.3200000e+002 -1.5473622e+002 -1.3537054e+001
  6.3600000e+002 -1.5564932e+002 -1.3182882e+001
  6.4000000e+002 -1.5624605e+002 -1.2615649e+001
  6.4400000e+002 -1.5644408e+002 -1.1386738e+001
  6.4800000e+002 -1.5789676e+002 -1.1420286e+001
  6.5200000e+002 -1.5833304e+002 -1.0857422e+001
  6.5600000e+002 -1.5831036e+002 -1.0262323e+001
  6.6000000e+002 -1.5831046e+002 -9.9285278e+000
  6.6400000e+002 -1.5867996e+002 -9.3954191e+000
  6.6800000e+002 -1.5899062e+002 -8.6945066e+000
  6.7200000e+002 -1.5919164e+002 -8.2013063e+000
  6.7600000e+002 -1.5907796e+002 -7.5678029e+000
  6.8000000e+002 -1.5927643e+002 -7.0966697e+000
  6.8400000e+002 -1.5929866e+002 -6.9331536e+000
  6.8800000e+002 -1.5917973e+002 -6.5274148e+000
  6.9200000e+002 -1.5921544e+002 -6.2120442e+000
  6.9600000e+002 -1.5919977e+002 -5.9869862e+000
  7.0000000e+002 -1.5930692e+002 -5.6469650e+000
  7.0400000e+002 -1.5952794e+002 -5.4236159e+000
  7.0800000e+002 -1.5942802e+002 -4.7962151e+000
  7.1200000e+002 -1.5925154e+002 -4.5017242e+000
  7.1600000e+002 -1.5928078e+002 -4.4689822e+000
  7.2000000e+002 -1.5936513e+002 -4.0098472e+000
  7.2400000e+002 -1.5912141e+002 -3.8344293e+000
  7.2800000e+002 -1.5905701e+002 -3.3119678e+000
  7.3200000e+002 -1.5890947e+002 -3.4758492e+000
  7.3600000e+002 -1.5890363e+002 -2.9435515e+000
  7.4000000e+002 -1.5887021e+002 -2.6206117e+000
  7.4400000e+002 -1.5898148e+002 -2.7586172e+000
  7.4800000e+002 -1.5919881e+002 -2.3333755e+000
  7.5200000e+002 -1.5884378e+002 -2.2781353e+000
  7.5600000e+002 -1.5836212e+002 -2.0367219e+000
  7.6000000e+002 -1.5857278e+002 -2.0339842e+000
  7.6400000e+002 -1.5848473e+002 -1.6372440e+000
  7.6800000e+002 -1.5837379e+002 -1.2251928e+000
  7.7200000e+002 -1.5813733e+002 -1.4882786e+000
  7.7600000e+002 -1.5854646e+002 -1.3555269e+000
  7.8000000e+002 -1.5837888e+002 -1.3877738e+000
  7.8400000e+002 -1.5830594e+002 -1.2749927e+000
  7.8800000e+002 -1.5799284e+002 -1.0173473e+000
  7.9200000e+002 -1.5809187e+002 -1.0121853e+000
  7.9600000e+002 -1.5798019e+002 -8.5274512e-001
  8.0000000e+002 -1.5796452e+002 -5.3722310e-001
  8.0400000e+002 -1.5772134e+002 -2.5967139e-001
  8.0800000e+002 -1.5789456e+002 -3.2877788e-001
  8.1200000e+002 -1.5789015e+002 -5.2832413e-001
  8.1600000e+002 -1.5737766e+002 -7.4171424e-001
  8.2000000e+002 -1.5719566e+002 -2.1961519e-001
  8.2400000e+002 -1.5752679e+002 -4.8604444e-001
  8.2800000e+002 -1.5724379e+002 -3.1214055e-001
  8.3200000e+002 -1.5755710e+002 -1.0116568e-001
  8.3600000e+002 -1.5753528e+002 -2.4512007e-003
  8.4000000e+002 -1.5728664e+002 -3.1834215e-002
  8.4400000e+002 -1.5723000e+002 -1.7331247e-001
  8.4800000e+002 -1.5723145e+002 -9.9033780e-002
  8.5200000e+002 -1.5718375e+002  2.1693268e-001
  8.5600000e+002 -1.5725020e+002  2.1874224e-001
  8.6000000e+002 -1.5734898e+002  2.0650429e-001
  8.6400000e+002 -1.5726378e+002  7.2055891e-002
  8.6800000e+002 -1.5678932e+002  3.4824032e-001
  8.7200000e+002 -1.5670493e+002  6.7686744e-002
  8.7600000e+002 -1.5669684e+002  3.7248664e-002
  8.8000000e+002 -1.5696536e+002  2.8873973e-002
  8.8400000e+002 -1.5728871e+002  2.0695309e-001
  8.8800000e+002 -1.5746660e+002  5.0078970e-001
  8.9200000e+002 -1.5709743e+002  7.1257502e-001
  8.9600000e+002 -1.5705304e+002  8.7663299e-001
  9.0000000e+002 -1.5718028e+002  8.4116364e-001
  9.0400000e+002 -1.5704897e+002  5.2316660e-001
  9.0800000e+002 -1.5700473e+002  6.6640508e-001
  9.1200000e+002 -1.5684373e+002  9.7369981e-001
  9.1600000e+002 -1.5698373e+002  5.8564657e-001
  9.2000000e+002 -1.5734413e+002  8.3910143e-001
  9.2400000e+002 -1.5709935e+002  1.0494980e+000
  9.2800000e+002 -1.5726071e+002  1.0243217e+000
  9.3200000e+002 -1.5704320e+002  1.1679119e+000
  9.3600000e+002 -1.5702614e+002  1.1275985e+000
  9.4000000e+002 -1.5701491e+002  1.1165510e+000
  9.4400000e+002 -1.5670613e+002  1.1716949e+000
  9.4800000e+002 -1.5664424e+002  1.1555972e+000
  9.5200000e+002 -1.5685558e+002  1.3042922e+000
  9.5600000e+002 -1.5711685e+002  1.3350352e+000
  9.6000000e+002 -1.5711299e+002  9.9994808e-001
  9.6400000e+002 -1.5681161e+002  1.0544649e+000
  9.6800000e+002 -1.5695789e+002  1.6488867e+000
  9.7200000e+002 -1.5704704e+002  1.4507174e+000
  9.7600000e+002 -1.5692216e+002  1.2846254e+000
  9.8000000e+002 -1.5686673e+002  1.5532709e+000
  9.8400000e+002 -1.5706140e+002  1.3094548e+000
  9.8800000e+002 -1.5701503e+002  1.3293840e+000
  9.9200000e+002 -1.5700128e+002  1.5698735e+000
  9.9600000e+002 -1.5706374e+002  1.5841815e+000
  1.0000000e+003 -1.5713707e+002  1.4098077e+000
  1.0040000e+003 -1.5754463e+002  1.5399504e+000
  1.0080000e+003 -1.5681282e+002  1.3330765e+000
  1.0120000e+003 -1.5677136e+002  1.2836844e+000
  1.0160000e+003 -1.5707262e+002  1.4798975e+000
  1.0200000e+003 -1.5697981e+002  1.4030960e+000
  1.0240000e+003 -1.5721404e+002  1.3584144e+000
  1.0280000e+003 -1.5746498e+002  1.3477229e+000
  1.0320000e+003 -1.5741069e+002  1.2397069e+000
  1.0360000e+003 -1.5704449e+002  1.3804543e+000
  1.0400000e+003 -1.5695830e+002  2.2889211e+000
  1.0440000e+003 -1.5696458e+002  1.9330802e+000
  1.0480000e+003 -1.5724471e+002  2.0656822e+000
  1.0520000e+003 -1.5725183e+002  2.2716506e+000
  1.0560000e+003 -1.5712701e+002  1.9353350e+000
  1.0600000e+003 -1.5716826e+002  1.8464726e+000
  1.0640000e+003 -1.5738008e+002  2.0495145e+000
  1.0680000e+003 -1.5707007e+002  2.2603025e+000
  1.0720000e+003 -1.5730684e+002  2.1717429e+000
  1.0760000e+003 -1.5726001e+002  2.2331531e+000
  1.0800000e+003 -1.5725237e+002  2.1128728e+000
  1.0840000e+003 -1.5715800e+002  2.3513207e+000
  1.0880000e+003 -1.5703870e+002  2.4170599e+000
  1.0920000e+003 -1.5699786e+002  2.1216447e+000
  1.0960000e+003 -1.5734190e+002  2.2520475e+000
  1.1000000e+003 -1.5754749e+002  2.6570568e+000
  1.1040000e+003 -1.5752248e+002  2.4974227e+000
  1.1080000e+003 -1.5711758e+002  2.5589201e+000
  1.1120000e+003 -1.5719720e+002  2.5548880e+000
  1.1160000e+003 -1.5712239e+002  2.4369926e+000
  1.1200000e+003 -1.5718819e+002  2.3656564e+000
  1.1240000e+003 -1.5721245e+002  2.2704675e+000
  1.1280000e+003 -1.5713649e+002  2.1521661e+000
  1.1320000e+003 -1.5746373e+002  2.0056407e+000
  1.1360000e+003 -1.5732608e+002  2.0146964e+000
  1.1400000e+003 -1.5748819e+002  2.0962350e+000
  1.1440000e+003 -1.5716338e+002  2.1717589e+000
  1.1480000e+003 -1.5724486e+002  2.4907665e+000
  1.1520000e+003 -1.5752841e+002  2.4871449e+000
  1.1560000e+003 -1.5755392e+002  2.0665562e+000
  1.1600000e+003 -1.5752040e+002  2.2676148e+000
  1.1640000e+003 -1.5765001e+002  2.3892384e+000
  1.1680000e+003 -1.5750433e+002  2.4436049e+000
  1.1720000e+003 -1.5769720e+002  2.4416583e+000
  1.1760000e+003 -1.5798563e+002  2.4148638e+000
  1.1800000e+003 -1.5805199e+002  2.5596414e+000
  1.1840000e+003 -1.5750288e+002  2.4673240e+000
  1.1880000e+003 -1.5776009e+002  2.7191436e+000
  1.1920000e+003 -1.5786638e+002  2.6466932e+000
  1.1960000e+003 -1.5782436e+002  2.6779253e+000
  1.2000000e+003 -1.5763159e+002  2.6231780e+000
  1.2040000e+003 -1.5787761e+002  2.9499636e+000
  1.2080000e+003 -1.5774072e+002  2.7552822e+000
  1.2120000e+003 -1.5755522e+002  2.4715683e+000
  1.2160000e+003 -1.5759351e+002  2.2619431e+000
  1.2200000e+003 -1.5771025e+002  2.4036679e+000
  1.2240000e+003 -1.5778329e+002  2.5871360e+000
  1.2280000e+003 -1.5775856e+002  2.5966306e+000
  1.2320000e+003 -1.5798015e+002  2.9745045e+000
  1.2360000e+003 -1.5784689e+002  2.8652117e+000
  1.2400000e+003 -1.5789275e+002  2.9169724e+000
  1.2440000e+003 -1.5761252e+002  2.8461344e+000
  1.2480000e+003 -1.5785597e+002  2.9448721e+000
  1.2520000e+003 -1.5790544e+002  3.0302610e+000
  1.2560000e+003 -1.5754625e+002  3.0672352e+000
  1.2600000e+003 -1.5777194e+002  3.1166365e+000
  1.2640000e+003 -1.5805679e+002  3.0982866e+000
  1.2680000e+003 -1.5809097e+002  3.2437594e+000
  1.2720000e+003 -1.5801448e+002  3.1059413e+000
  1.2760000e+003 -1.5807700e+002  3.1296716e+000
  1.2800000e+003 -1.5807532e+002  3.1595712e+000
  1.2840000e+003 -1.5787653e+002  3.1968081e+000
  1.2880000e+003 -1.5788593e+002  3.2116687e+000
  1.2920000e+003 -1.5814066e+002  3.1563370e+000
  1.2960000e+003 -1.5815831e+002  2.9922824e+000
  1.3000000e+003 -1.5839117e+002  2.8888004e+000
  1.3040000e+003 -1.5813701e+002  3.0765505e+000
  1.3080000e+003 -1.5813933e+002  3.0425251e+000
  1.3120000e+003 -1.5828598e+002  2.8999283e+000
  1.3160000e+003 -1.5831242e+002  2.9534957e+000
  1.3200000e+003 -1.5806926e+002  3.1921227e+000
  1.3240000e+003 -1.5828500e+002  2.9887209e+000
  1.3280000e+003 -1.5822675e+002  3.1580436e+000
  1.3320000e+003 -1.5820848e+002  3.2096930e+000
  1.3360000e+003 -1.5818573e+002  3.2472341e+000
  1.3400000e+003 -1.5818190e+002  3.0478771e+000
  1.3440000e+003 -1.5856276e+002  3.4265263e+000
  1.3480000e+003 -1.5841112e+002  3.4836116e+000
  1.3520000e+003 -1.5846185e+002  3.4287558e+000
  1.3560000e+003 -1.5854745e+002  3.4603386e+000
  1.3600000e+003 -1.5866655e+002  3.7056868e+000
  1.3640000e+003 -1.5866161e+002  3.4493244e+000
  1.3680000e+003 -1.5851949e+002  3.4205117e+000
  1.3720000e+003 -1.5858313e+002  3.4661424e+000
  1.3760000e+003 -1.5867760e+002  3.5715768e+000
  1.3800000e+003 -1.5855034e+002  3.2522759e+000
  1.3840000e+003 -1.5852391e+002  3.3212831e+000
  1.3880000e+003 -1.5889075e+002  3.5276866e+000
  1.3920000e+003 -1.5876736e+002  3.4779439e+000
  1.3960000e+003 -1.5869000e+002  3.4421563e+000
  1.4000000e+003 -1.5854326e+002  3.5415134e+000
  1.4040000e+003 -1.5831050e+002  3.3464046e+000
  1.4080000e+003 -1.5859125e+002  3.5444934e+000
  1.4120000e+003 -1.5877458e+002  3.4201286e+000
  1.4160000e+003 -1.5842354e+002  3.2989199e+000
  1.4200000e+003 -1.5843086e+002  3.2788289e+000
  1.4240000e+003 -1.5849695e+002  3.3696239e+000
  1.4280000e+003 -1.5850964e+002  3.5039587e+000
  1.4320000e+003 -1.5872414e+002  3.3444264e+000
  1.4360000e+003 -1.5856035e+002  3.5820363e+000
  1.4400000e+003 -1.5816508e+002  3.3291161e+000
  1.4440000e+003 -1.5829977e+002  3.0215349e+000
  1.4480000e+003 -1.5870906e+002  2.8129909e+000
  1.4520000e+003 -1.5848004e+002  2.7756476e+000
  1.4560000e+003 -1.5869731e+002  3.0466323e+000
  1.4600000e+003 -1.5879300e+002  2.9716406e+000
  1.4640000e+003 -1.5872780e+002  2.8970387e+000
  1.4680000e+003 -1.5861519e+002  3.0316484e+000
  1.4720000e+003 -1.5855128e+002  2.9167261e+000
  1.4760000e+003 -1.5840393e+002  2.7068038e+000
  1.4800000e+003 -1.5863562e+002  2.6819148e+000
  1.4840000e+003 -1.5879721e+002  2.6316578e+000
  1.4880000e+003 -1.5919641e+002  2.9015176e+000
  1.4920000e+003 -1.5962213e+002  2.9127333e+000
  1.4960000e+003 -1.5922229e+002  2.4535608e+000
  1.5000000e+003 -1.5916216e+002  2.4079158e+000
  1.5040000e+003 -1.5930840e+002  2.4988375e+000
  1.5080000e+003 -1.5930103e+002  2.7306411e+000
  1.5120000e+003 -1.5948677e+002  2.5379753e+000
  1.5160000e+003 -1.5984621e+002  2.3619208e+000
  1.5200000e+003 -1.5971956e+002  2.3717742e+000
  1.5240000e+003 -1.5995074e+002  2.4255617e+000
  1.5280000e+003 -1.6018097e+002  2.6925075e+000
  1.5320000e+003 -1.6047734e+002  2.9271469e+000
  1.5360000e+003 -1.6054213e+002  3.0556266e+000
  1.5400000e+003 -1.5988062e+002  2.5816016e+000
  1.5440000e+003 -1.6002464e+002  2.4502757e+000
  1.5480000e+003 -1.6032106e+002  2.5491202e+000
  1.5520000e+003 -1.6061043e+002  2.5865774e+000
  1.5560000e+003 -1.6015182e+002  2.3205514e+000
  1.5600000e+003 -1.6041289e+002  2.5808277e+000
  1.5640000e+003 -1.6095625e+002  2.9766181e+000
  1.5680000e+003 -1.6087607e+002  3.0590706e+000
  1.5720000e+003 -1.6062239e+002  2.8479469e+000
  1.5760000e+003 -1.6078412e+002  2.4444489e+000
  1.5800000e+003 -1.6112054e+002  2.4585238e+000
  1.5840000e+003 -1.6118947e+002  2.7156594e+000
  1.5880000e+003 -1.6086948e+002  2.5790818e+000
  1.5920000e+003 -1.6092426e+002  2.4956727e+000
  1.5960000e+003 -1.6144576e+002  2.6157758e+000
  1.6000000e+003 -1.6127850e+002  2.6794667e+000
