  0.0000000e+000  5.2549434e+000  0.0000000e+000
  4.0000000e+000  5.5794158e+000 -3.4514403e-001
  8.0000000e+000 -2.9041773e+001  8.3664646e+000
  1.2000000e+001 -1.1946761e+002  2.1423924e+000
  1.6000000e+001 -1.4647591e+002 -1.4675341e+001
  2.0000000e+001 -1.4669525e+002 -8.9083347e+000
  2.4000000e+001 -1.3954343e+002 -7.5566416e+000
  2.8000000e+001 -1.4164221e+002 -1.1422958e+001
  3.2000000e+001 -1.4532967e+002 -1.1451740e+001
  3.6000000e+001 -1.4355374e+002 -8.8988037e+000
  4.0000000e+001 -1.4070279e+002 -7.7552681e+000
  4.4000000e+001 -1.3924086e+002 -8.1517897e+000
  4.8000000e+001 -1.3849242e+002 -9.2874908e+000
  5.2000000e+001 -1.3835255e+002 -1.1115028e+001
  5.6000000e+001 -1.3995930e+002 -1.1526698e+001
  6.0000000e+001 -1.3807617e+002 -1.2410379e+001
  6.4000000e+001 -1.3865958e+002 -1.3995540e+001
  6.8000000e+001 -1.4324968e+002 -1.4403121e+001
  7.2000000e+001 -1.4335214e+002 -1.1416496e+001
  7.6000000e+001 -1.4096909e+002 -1.0317566e+001
  8.0000000e+001 -1.3794644e+002 -1.4802446e+001
  8.4000000e+001 -1.4744647e+002 -1.6911808e+001
  8.8000000e+001 -1.4894171e+002 -1.0551749e+001
  9.2000000e+001 -1.4184207e+002 -1.1984250e+001
  9.6000000e+001 -1.4417520e+002 -2.0539619e+001
  1.0000000e+002 -1.5737729e+002 -1.3920675e+001
  1.0400000e+002 -1.5584460e+002 -9.0367222e+000
  1.0800000e+002 -1.5537714e+002 -5.3553991e+000
  1.1200000e+002 -1.5305954e+002 -4.0150690e+000
  1.1600000e+002 -1.5133815e+002 -2.3336420e+000
  1.2000000e+002 -1.4989818e+002 -2.0333846e+000
  1.2400000e+002 -1.4928979e+002 -2.1614971e+000
  1.2800000e+002 -1.4841087e+002 -2.2505765e+000
  1.3200000e+002 -1.4835239e+002 -2.1422565e+000
  1.3600000e+002 -1.4746365e+002 -2.8972287e+000
  1.4000000e+002 -1.4673463e+002 -3.5803936e+000
  1.4400000e+002 -1.4677153e+002 -3.4815712e+000
  1.4800000e+002 -1.4679059e+002 -3.2230880e+000
  1.5200000e+002 -1.4662672e+002 -3.4228346e+000
  1.5600000e+002 -1.4556818e+002 -3.3060727e+000
  1.6000000e+002 -1.4424170e+002 -3.8355584e+000
  1.6400000e+002 -1.4319151e+002 -6.3886108e+000
  1.6800000e+002 -1.4592140e+002 -6.2280493e+000
  1.7200000e+002 -1.4551135e+002 -3.9311054e+000
  1.7600000e+002 -1.4271268e+002 -3.8677840e+000
  1.8000000e+002 -1.3963089e+002 -6.6029344e+000
  1.8400000e+002 -1.4254251e+002 -1.4657893e+001
  1.8800000e+002 -1.5303702e+002 -1.3987140e+001
  1.9200000e+002 -1.5358527e+002 -7.0383816e+000
  1.9600000e+002 -1.5139078e+002 -4.2497654e+000
  2.0000000e+002 -1.4996506e+002 -3.2817769e+000
  2.0400000e+002 -1.4951205e+002 -2.9401026e+000
  2.0800000e+002 -1.4895473e+002 -3.7612736e+000
  2.1200000e+002 -1.4811446e+002 -3.3288119e+000
  2.1600000e+002 -1.4787155e+002 -3.8366344e+000
  2.2000000e+002 -1.4841202e+002 -3.0611169e+000
  2.2400000e+002 -1.4793237e+002 -2.1867712e+000
  2.2800000e+002 -1.4766528e+002 -1.9245335e+000
  2.3200000e+002 -1.4756760e+002 -2.3147967e+000
  2.3600000e+002 -1.4669383e+002 -2.3006964e+000
  2.4000000e+002 -1.4615485e+002 -2.4556942e+000
  2.4400000e+002 -1.4628899e+002 -3.1260555e+000
  2.4800000e+002 -1.4633180e+002 -3.1069453e+000
  2.5200000e+002 -1.4686526e+002 -3.2098300e+000
  2.5600000e+002 -1.4571335e+002 -3.1278822e+000
  2.6000000e+002 -1.4455734e+002 -3.6314986e+000
  2.6400000e+002 -1.4413425e+002 -5.8792033e+000
  2.6800000e+002 -1.4712830e+002 -6.9630504e+000
  2.7200000e+002 -1.4851521e+002 -4.2607393e+000
  2.7600000e+002 -1.4744991e+002 -4.0737295e+000
  2.8000000e+002 -1.4772200e+002 -5.0870533e+000
  2.8400000e+002 -1.4781606e+002 -4.2392864e+000
  2.8800000e+002 -1.4683902e+002 -3.3243713e+000
  2.9200000e+002 -1.4663959e+002 -3.0126343e+000
  2.9600000e+002 -1.4695233e+002 -3.5384533e+000
  3.0000000e+002 -1.4674168e+002 -3.6033106e+000
  3.0400000e+002 -1.4642012e+002 -3.7568882e+000
  3.0800000e+002 -1.4635156e+002 -3.3903515e+000
  3.1200000e+002 -1.4657747e+002 -3.1000283e+000
  3.1600000e+002 -1.4549605e+002 -3.8844569e+000
  3.2000000e+002 -1.4601180e+002 -4.4811416e+000
  3.2400000e+002 -1.4638336e+002 -3.3516147e+000
  3.2800000e+002 -1.4563593e+002 -2.8410983e+000
  3.3200000e+002 -1.4493610e+002 -3.7543650e+000
  3.3600000e+002 -1.4440346e+002 -4.0549088e+000
  3.4000000e+002 -1.4300836e+002 -5.0393963e+000
  3.4400000e+002 -1.4304106e+002 -5.8781009e+000
  3.4800000e+002 -1.4274390e+002 -6.0688329e+000
  3.5200000e+002 -1.4257736e+002 -6.8048968e+000
  3.5600000e+002 -1.4212892e+002 -7.7865605e+000
  3.6000000e+002 -1.4263319e+002 -8.8930864e+000
  3.6400000e+002 -1.4364432e+002 -9.7315025e+000
  3.6800000e+002 -1.4407567e+002 -1.0450582e+001
  3.7200000e+002 -1.4394009e+002 -1.0518638e+001
  3.7600000e+002 -1.4467099e+002 -1.1776770e+001
  3.8000000e+002 -1.4503664e+002 -1.2362013e+001
  3.8400000e+002 -1.4608876e+002 -1.3079590e+001
  3.8800000e+002 -1.4656503e+002 -1.3411696e+001
  3.9200000e+002 -1.4699011e+002 -1.4409264e+001
  3.9600000e+002 -1.4813847e+002 -1.4905331e+001
  4.0000000e+002 -1.4990364e+002 -1.5276999e+001
  4.0400000e+002 -1.5135074e+002 -1.6380428e+001
  4.0800000e+002 -1.5317180e+002 -1.6239046e+001
  4.1200000e+002 -1.5398175e+002 -1.4836349e+001
  4.1600000e+002 -1.5493135e+002 -1.4848375e+001
  4.2000000e+002 -1.5628580e+002 -1.4656473e+001
  4.2400000e+002 -1.5717761e+002 -1.3258518e+001
  4.2800000e+002 -1.5715610e+002 -1.1617498e+001
  4.3200000e+002 -1.5783459e+002 -1.0178195e+001
  4.3600000e+002 -1.5855551e+002 -9.6983080e+000
  4.4000000e+002 -1.5810837e+002 -9.4679184e+000
  4.4400000e+002 -1.5807045e+002 -7.8949695e+000
  4.4800000e+002 -1.5739255e+002 -7.1916552e+000
  4.5200000e+002 -1.5722758e+002 -7.3451214e+000
  4.5600000e+002 -1.5790436e+002 -7.4449663e+000
  4.6000000e+002 -1.5775854e+002 -6.9768705e+000
  4.6400000e+002 -1.5802376e+002 -6.7693882e+000
  4.6800000e+002 -1.5885417e+002 -5.7686334e+000
  4.7200000e+002 -1.5822775e+002 -5.6314254e+000
  4.7600000e+002 -1.5732463e+002 -4.7832575e+000
  4.8000000e+002 -1.5692601e+002 -4.3093300e+000
  4.8400000e+002 -1.5774982e+002 -4.4377065e+000
  4.8800000e+002 -1.5824184e+002 -4.2638388e+000
  4.9200000e+002 -1.5807719e+002 -3.4416671e+000
  4.9600000e+002 -1.5709076e+002 -3.2451565e+000
  5.0000000e+002 -1.5722614e+002 -3.2737796e+000
  5.0400000e+002 -1.5649413e+002 -3.0782354e+000
  5.0800000e+002 -1.5644147e+002 -2.4414275e+000
  5.1200000e+002 -1.5702037e+002 -2.7394092e+000
  5.1600000e+002 -1.5691702e+002 -3.0108573e+000
  5.2000000e+002 -1.5626221e+002 -2.7519338e+000
  5.2400000e+002 -1.5617172e+002 -2.5524251e+000
  5.2800000e+002 -1.5591226e+002 -1.7623495e+000
  5.3200000e+002 -1.5648178e+002 -2.4188738e+000
  5.3600000e+002 -1.5634506e+002 -2.3212185e+000
  5.4000000e+002 -1.5666393e+002 -1.7232332e+000
  5.4400000e+002 -1.5657782e+002 -1.5912234e+000
  5.4800000e+002 -1.5653406e+002 -1.5585412e+000
  5.5200000e+002 -1.5611456e+002 -1.4730448e+000
  5.5600000e+002 -1.5600609e+002 -1.0241176e+000
  5.6000000e+002 -1.5634573e+002 -1.2647849e+000
  5.6400000e+002 -1.5548973e+002 -9.5979899e-001
  5.6800000e+002 -1.5617303e+002 -9.1771460e-001
  5.7200000e+002 -1.5612430e+002 -5.7326049e-001
  5.7600000e+002 -1.5577927e+002 -8.3715796e-001
  5.8000000e+002 -1.5582668e+002 -7.0126468e-001
  5.8400000e+002 -1.5572183e+002 -3.8514057e-001
  5.8800000e+002 -1.5584193e+002 -4.3189937e-001
  5.9200000e+002 -1.5631407e+002 -4.9819231e-001
  5.9600000e+002 -1.5570258e+002 -6.2974203e-001
  6.0000000e+002 -1.5534312e+002 -3.6469090e-001
  6.0400000e+002 -1.5529572e+002 -4.0527797e-001
  6.0800000e+002 -1.5492999e+002 -9.0269077e-001
  6.1200000e+002 -1.5570882e+002 -8.2678980e-001
  6.1600000e+002 -1.5567709e+002 -6.7334735e-001
  6.2000000e+002 -1.5538849e+002 -6.2346715e-001
  6.2400000e+002 -1.5580067e+002 -6.0120493e-001
  6.2800000e+002 -1.5556082e+002 -5.3347576e-001
  6.3200000e+002 -1.5554253e+002  1.1238854e-001
  6.3600000e+002 -1.5579716e+002 -2.2967616e-001
  6.4000000e+002 -1.5582460e+002 -1.9210778e-001
  6.4400000e+002 -1.5568814e+002 -5.4283798e-001
  6.4800000e+002 -1.5537398e+002 -5.5298555e-001
  6.5200000e+002 -1.5500609e+002 -5.0602359e-001
  6.5600000e+002 -1.5483377e+002  1.4564084e-002
  6.6000000e+002 -1.5515985e+002 -2.2112584e-001
  6.6400000e+002 -1.5539728e+002 -3.0843607e-001
  6.6800000e+002 -1.5517397e+002  4.3003556e-001
  6.7200000e+002 -1.5513014e+002  4.6596724e-001
  6.7600000e+002 -1.5498209e+002 -4.1506853e-002
  6.8000000e+002 -1.5491568e+002 -3.5323596e-001
  6.8400000e+002 -1.5491858e+002  1.6598226e-001
  6.8800000e+002 -1.5462892e+002  4.1957647e-001
  6.9200000e+002 -1.5422954e+002  4.0393677e-001
  6.9600000e+002 -1.5498943e+002  7.0099920e-001
  7.0000000e+002 -1.5517476e+002  9.6847385e-001
  7.0400000e+002 -1.5495390e+002  2.4311380e-001
  7.0800000e+002 -1.5475485e+002 -1.3224663e-001
  7.1200000e+002 -1.5482230e+002  3.4321490e-001
  7.1600000e+002 -1.5496410e+002  7.0501941e-001
  7.2000000e+002 -1.5481570e+002  8.1294173e-001
  7.2400000e+002 -1.5526231e+002  1.2785157e+000
  7.2800000e+002 -1.5489421e+002  1.2985854e+000
  7.3200000e+002 -1.5485805e+002  9.0612948e-001
  7.3600000e+002 -1.5453809e+002  8.7454706e-001
  7.4000000e+002 -1.5419167e+002  1.0901915e+000
  7.4400000e+002 -1.5438654e+002  1.2016635e+000
  7.4800000e+002 -1.5473964e+002  1.4367419e+000
  7.5200000e+002 -1.5491591e+002  1.0509025e+000
  7.5600000e+002 -1.5457500e+002  8.9244086e-001
  7.6000000e+002 -1.5446907e+002  1.1625956e+000
  7.6400000e+002 -1.5477931e+002  9.3631905e-001
  7.6800000e+002 -1.5495679e+002  8.4121221e-001
  7.7200000e+002 -1.5498135e+002  9.4368827e-001
  7.7600000e+002 -1.5495425e+002  9.9765456e-001
  7.8000000e+002 -1.5516100e+002  6.3071412e-001
  7.8400000e+002 -1.5514749e+002  1.0920494e+000
  7.8800000e+002 -1.5452104e+002  9.5410478e-001
  7.9200000e+002 -1.5484804e+002  4.4543892e-001
  7.9600000e+002 -1.5503891e+002  1.1532878e+000
  8.0000000e+002 -1.5471730e+002  9.7201413e-001
  8.0400000e+002 -1.5488594e+002  8.6819637e-001
  8.0800000e+002 -1.5541080e+002  9.4008994e-001
  8.1200000e+002 -1.5612489e+002  1.4279791e+000
  8.1600000e+002 -1.5559819e+002  1.7279415e+000
  8.2000000e+002 -1.5564235e+002  1.4903635e+000
  8.2400000e+002 -1.5491805e+002  8.6474609e-001
  8.2800000e+002 -1.5498111e+002  1.3165008e+000
  8.3200000e+002 -1.5558516e+002  1.7700870e+000
  8.3600000e+002 -1.5570174e+002  1.7634211e+000
  8.4000000e+002 -1.5518471e+002  1.6680604e+000
  8.4400000e+002 -1.5513979e+002  1.9937880e+000
  8.4800000e+002 -1.5562337e+002  1.3105435e+000
  8.5200000e+002 -1.5534845e+002  1.6646554e+000
  8.5600000e+002 -1.5491907e+002  2.1573472e+000
  8.6000000e+002 -1.5536407e+002  1.2383167e+000
  8.6400000e+002 -1.5539064e+002  1.5585374e+000
  8.6800000e+002 -1.5521683e+002  1.8438743e+000
  8.7200000e+002 -1.5502792e+002  2.0634775e+000
  8.7600000e+002 -1.5518185e+002  1.6069777e+000
  8.8000000e+002 -1.5543427e+002  1.9027859e+000
  8.8400000e+002 -1.5514297e+002  2.0904980e+000
  8.8800000e+002 -1.5537457e+002  1.9961737e+000
  8.9200000e+002 -1.5500670e+002  2.3473163e+000
  8.9600000e+002 -1.5490413e+002  2.3545580e+000
  9.0000000e+002 -1.5526491e+002  2.0460122e+000
  9.0400000e+002 -1.5517329e+002  2.2656181e+000
  9.0800000e+002 -1.5467180e+002  2.7796910e+000
  9.1200000e+002 -1.5480252e+002  1.7461818e+000
  9.1600000e+002 -1.5510194e+002  1.8627340e+000
  9.2000000e+002 -1.5535516e+002  1.9614774e+000
  9.2400000e+002 -1.5502260e+002  2.2099648e+000
  9.2800000e+002 -1.5491629e+002  2.5158620e+000
  9.3200000e+002 -1.5471980e+002  2.5258651e+000
  9.3600000e+002 -1.5527357e+002  1.9548832e+000
  9.4000000e+002 -1.5474306e+002  2.3342421e+000
  9.4400000e+002 -1.5457797e+002  2.5258031e+000
  9.4800000e+002 -1.5512140e+002  2.5920250e+000
  9.5200000e+002 -1.5474443e+002  2.6695378e+000
  9.5600000e+002 -1.5457945e+002  2.0420346e+000
  9.6000000e+002 -1.5533450e+002  2.0679376e+000
  9.6400000e+002 -1.5559618e+002  2.1661344e+000
  9.6800000e+002 -1.5523729e+002  2.1361837e+000
  9.7200000e+002 -1.5495952e+002  2.4398475e+000
  9.7600000e+002 -1.5490794e+002  2.8222153e+000
  9.8000000e+002 -1.5485573e+002  2.8225670e+000
  9.8400000e+002 -1.5462531e+002  2.8093960e+000
  9.8800000e+002 -1.5493730e+002  2.3515794e+000
  9.9200000e+002 -1.5522746e+002  2.5781543e+000
  9.9600000e+002 -1.5541293e+002  2.4530194e+000
  1.0000000e+003 -1.5472101e+002  3.1964629e+000
  1.0040000e+003 -1.5469479e+002  3.0858738e+000
  1.0080000e+003 -1.5502933e+002  2.9857433e+000
  1.0120000e+003 -1.5488657e+002  2.4655268e+000
  1.0160000e+003 -1.5511920e+002  2.0606887e+000
  1.0200000e+003 -1.5492517e+002  2.1931489e+000
  1.0240000e+003 -1.5539595e+002  2.2423284e+000
  1.0280000e+003 -1.5562621e+002  2.7877645e+000
  1.0320000e+003 -1.5571562e+002  2.9936509e+000
  1.0360000e+003 -1.5489635e+002  2.5761113e+000
  1.0400000e+003 -1.5547667e+002  2.4629993e+000
  1.0440000e+003 -1.5608662e+002  2.2543750e+000
  1.0480000e+003 -1.5545067e+002  2.2665284e+000
  1.0520000e+003 -1.5520302e+002  2.6418903e+000
  1.0560000e+003 -1.5526186e+002  2.7313552e+000
  1.0600000e+003 -1.5529637e+002  2.6031997e+000
  1.0640000e+003 -1.5584117e+002  2.3367763e+000
  1.0680000e+003 -1.5555553e+002  2.5448275e+000
  1.0720000e+003 -1.5536488e+002  2.2969642e+000
  1.0760000e+003 -1.5542801e+002  2.5265756e+000
  1.0800000e+003 -1.5499487e+002  2.3961163e+000
  1.0840000e+003 -1.5529016e+002  2.7505512e+000
  1.0880000e+003 -1.5578833e+002  2.8677280e+000
  1.0920000e+003 -1.5551094e+002  2.9890206e+000
  1.0960000e+003 -1.5524066e+002  3.3295617e+000
  1.1000000e+003 -1.5554533e+002  2.6613407e+000
  1.1040000e+003 -1.5566737e+002  2.6596701e+000
  1.1080000e+003 -1.5553810e+002  3.4528885e+000
  1.1120000e+003 -1.5544472e+002  3.0711906e+000
  1.1160000e+003 -1.5534860e+002  2.6663179e+000
  1.1200000e+003 -1.5547592e+002  2.6608200e+000
  1.1240000e+003 -1.5568495e+002  2.9967062e+000
  1.1280000e+003 -1.5578493e+002  3.0633178e+000
  1.1320000e+003 -1.5568309e+002  2.7463415e+000
  1.1360000e+003 -1.5560115e+002  3.0524042e+000
  1.1400000e+003 -1.5574460e+002  2.9831576e+000
  1.1440000e+003 -1.5565199e+002  3.2982616e+000
  1.1480000e+003 -1.5583957e+002  2.7142327e+000
  1.1520000e+003 -1.5575687e+002  2.6681583e+000
  1.1560000e+003 -1.5572214e+002  2.8789179e+000
  1.1600000e+003 -1.5557274e+002  2.7361887e+000
  1.1640000e+003 -1.5556071e+002  2.3188527e+000
  1.1680000e+003 -1.5599162e+002  2.4077463e+000
  1.1720000e+003 -1.5605795e+002  2.8380110e+000
  1.1760000e+003 -1.5582903e+002  3.3645613e+000
  1.1800000e+003 -1.5635477e+002  3.5040019e+000
  1.1840000e+003 -1.5639238e+002  3.0144906e+000
  1.1880000e+003 -1.5587300e+002  3.2122066e+000
  1.1920000e+003 -1.5609769e+002  2.9204085e+000
  1.1960000e+003 -1.5619112e+002  2.7823727e+000
  1.2000000e+003 -1.5591269e+002  3.1987667e+000
  1.2040000e+003 -1.5603842e+002  3.2834206e+000
  1.2080000e+003 -1.5628612e+002  2.9487190e+000
  1.2120000e+003 -1.5662175e+002  2.8855333e+000
  1.2160000e+003 -1.5597331e+002  2.5896449e+000
  1.2200000e+003 -1.5615466e+002  3.1177013e+000
  1.2240000e+003 -1.5652261e+002  3.3837099e+000
  1.2280000e+003 -1.5675676e+002  3.3485010e+000
  1.2320000e+003 -1.5615982e+002  2.9135849e+000
  1.2360000e+003 -1.5588911e+002  3.1315219e+000
  1.2400000e+003 -1.5597536e+002  3.1551306e+000
  1.2440000e+003 -1.5629465e+002  3.3321502e+000
  1.2480000e+003 -1.5609058e+002  3.4436691e+000
  1.2520000e+003 -1.5625615e+002  3.3071282e+000
  1.2560000e+003 -1.5694412e+002  3.5391867e+000
  1.2600000e+003 -1.5665582e+002  3.9471707e+000
  1.2640000e+003 -1.5642725e+002  3.6578822e+000
  1.2680000e+003 -1.5697412e+002  3.7771964e+000
  1.2720000e+003 -1.5677838e+002  3.3400018e+000
  1.2760000e+003 -1.5657474e+002  3.5739417e+000
  1.2800000e+003 -1.5631863e+002  3.2981124e+000
  1.2840000e+003 -1.5635722e+002  3.4625516e+000
  1.2880000e+003 -1.5711644e+002  3.7654016e+000
  1.2920000e+003 -1.5696001e+002  4.0238924e+000
  1.2960000e+003 -1.5663643e+002  3.8621244e+000
  1.3000000e+003 -1.5629289e+002  3.2768860e+000
  1.3040000e+003 -1.5663387e+002  3.1544282e+000
  1.3080000e+003 -1.5739252e+002  3.8966877e+000
  1.3120000e+003 -1.5705139e+002  4.0654168e+000
  1.3160000e+003 -1.5701807e+002  3.8219485e+000
  1.3200000e+003 -1.5714406e+002  3.5793874e+000
  1.3240000e+003 -1.5718092e+002  3.7363222e+000
  1.3280000e+003 -1.5733868e+002  3.7758636e+000
  1.3320000e+003 -1.5723430e+002  3.7711079e+000
  1.3360000e+003 -1.5755559e+002  3.2268610e+000
  1.3400000e+003 -1.5733992e+002  4.0718846e+000
  1.3440000e+003 -1.5653699e+002  3.7854512e+000
  1.3480000e+003 -1.5675783e+002  3.7983875e+000
  1.3520000e+003 -1.5696556e+002  4.0179911e+000
  1.3560000e+003 -1.5756256e+002  4.0942640e+000
  1.3600000e+003 -1.5718719e+002  3.8318198e+000
  1.3640000e+003 -1.5695639e+002  3.9297805e+000
  1.3680000e+003 -1.5738577e+002  3.9231310e+000
  1.3720000e+003 -1.5733342e+002  4.2201605e+000
  1.3760000e+003 -1.5748802e+002  4.2313795e+000
  1.3800000e+003 -1.5741487e+002  3.9258149e+000
  1.3840000e+003 -1.5706935e+002  4.1590357e+000
  1.3880000e+003 -1.5734996e+002  4.7251577e+000
  1.3920000e+003 -1.5752573e+002  4.8297162e+000
  1.3960000e+003 -1.5730157e+002  4.4797797e+000
  1.4000000e+003 -1.5704163e+002  4.0798769e+000
  1.4040000e+003 -1.5701141e+002  4.2548308e+000
  1.4080000e+003 -1.5760526e+002  4.5926981e+000
  1.4120000e+003 -1.5765770e+002  4.3169708e+000
  1.4160000e+003 -1.5787708e+002  3.7215044e+000
  1.4200000e+003 -1.5790341e+002  3.9556537e+000
  1.4240000e+003 -1.5734947e+002  4.3104243e+000
  1.4280000e+003 -1.5682603e+002  4.5008502e+000
  1.4320000e+003 -1.5671146e+002  4.7530365e+000
  1.4360000e+003 -1.5727829e+002  4.8440428e+000
  1.4400000e+003 -1.5716463e+002  4.3375196e+000
  1.4440000e+003 -1.5716565e+002  3.8967068e+000
  1.4480000e+003 -1.5788174e+002  4.1605949e+000
  1.4520000e+003 -1.5774989e+002  4.4685826e+000
  1.4560000e+003 -1.5769901e+002  3.8805935e+000
  1.4600000e+003 -1.5755807e+002  3.9942977e+000
  1.4640000e+003 -1.5717368e+002  4.3092351e+000
  1.4680000e+003 -1.5699675e+002  4.5094209e+000
  1.4720000e+003 -1.5742778e+002  4.3572869e+000
  1.4760000e+003 -1.5755638e+002  4.2451320e+000
  1.4800000e+003 -1.5699991e+002  4.0886641e+000
  1.4840000e+003 -1.5758763e+002  4.6026936e+000
  1.4880000e+003 -1.5796101e+002  4.4926686e+000
  1.4920000e+003 -1.5775888e+002  4.1651492e+000
  1.4960000e+003 -1.5779268e+002  4.4860544e+000
  1.5000000e+003 -1.5768037e+002  4.2670364e+000
  1.5040000e+003 -1.5804765e+002  3.8722696e+000
  1.5080000e+003 -1.5779306e+002  4.0965157e+000
  1.5120000e+003 -1.5737517e+002  4.4274898e+000
  1.5160000e+003 -1.5811325e+002  4.2146468e+000
  1.5200000e+003 -1.5798199e+002  4.6767073e+000
  1.5240000e+003 -1.5790892e+002  4.2792411e+000
  1.5280000e+003 -1.5811591e+002  3.8998969e+000
  1.5320000e+003 -1.5823654e+002  3.9341633e+000
  1.5360000e+003 -1.5809950e+002  4.2653093e+000
  1.5400000e+003 -1.5793642e+002  4.3916664e+000
  1.5440000e+003 -1.5792943e+002  4.3160486e+000
  1.5480000e+003 -1.5745149e+002  4.2372837e+000
  1.5520000e+003 -1.5774666e+002  4.5924664e+000
  1.5560000e+003 -1.5786311e+002  4.2604427e+000
  1.5600000e+003 -1.5788237e+002  4.2670650e+000
  1.5640000e+003 -1.5812250e+002  4.6309619e+000
  1.5680000e+003 -1.5804497e+002  4.3507500e+000
  1.5720000e+003 -1.5796651e+002  4.3696170e+000
  1.5760000e+003 -1.5762079e+002  4.2987523e+000
  1.5800000e+003 -1.5824950e+002  4.1458111e+000
  1.5840000e+003 -1.5850543e+002  3.9218125e+000
  1.5880000e+003 -1.5830219e+002  3.7619145e+000
  1.5920000e+003 -1.5838461e+002  4.1711154e+000
  1.5960000e+003 -1.5853018e+002  3.9778254e+000
  1.6000000e+003 -1.5829732e+002  4.1808743e+000
