1.000000e+001 2.304602e-003 -4.354183e-011
1.500000e+001 1.023249e-003 -4.361798e-011
2.000000e+001 5.759610e-004 -4.366421e-011
2.500000e+001 3.686506e-004 -4.370872e-011
3.000000e+001 2.559417e-004 -4.375748e-011
3.500000e+001 1.879731e-004 -4.381160e-011
4.000000e+001 1.439079e-004 -4.387254e-011
4.500000e+001 1.136650e-004 -4.394139e-011
5.000000e+001 9.204049e-005 -4.401779e-011
5.500000e+001 7.604065e-005 -4.410203e-011
6.000000e+001 6.386697e-005 -4.419461e-011
6.500000e+001 5.439610e-005 -4.429531e-011
7.000000e+001 4.688028e-005 -4.440444e-011
7.500000e+001 4.081685e-005 -4.452204e-011
8.000000e+001 3.585541e-005 -4.464826e-011
8.500000e+001 3.174373e-005 -4.478323e-011
9.000000e+001 2.829776e-005 -4.492709e-011
9.500000e+001 2.538052e-005 -4.507998e-011
1.000000e+002 2.288957e-005 -4.524209e-011
1.050000e+002 2.074606e-005 -4.541364e-011
1.100000e+002 1.888862e-005 -4.559461e-011
1.150000e+002 1.726749e-005 -4.578540e-011
1.200000e+002 1.584520e-005 -4.598600e-011
1.250000e+002 1.458942e-005 -4.619685e-011
1.300000e+002 1.347600e-005 -4.641795e-011
1.350000e+002 1.248377e-005 -4.664970e-011
1.400000e+002 1.159578e-005 -4.689231e-011
1.450000e+002 1.079797e-005 -4.714598e-011
1.500000e+002 1.007856e-005 -4.741102e-011
1.550000e+002 9.427568e-006 -4.768773e-011
1.600000e+002 8.836465e-006 -4.797645e-011
1.650000e+002 8.298221e-006 -4.827744e-011
1.700000e+002 7.806554e-006 -4.859119e-011
1.750000e+002 7.356402e-006 -4.891793e-011
1.800000e+002 6.943073e-006 -4.925811e-011
1.850000e+002 6.562688e-006 -4.961215e-011
1.900000e+002 6.211833e-006 -4.998048e-011
1.950000e+002 5.887467e-006 -5.036357e-011
2.000000e+002 5.587007e-006 -5.076192e-011
2.050000e+002 5.308122e-006 -5.117605e-011
2.100000e+002 5.048795e-006 -5.160650e-011
2.150000e+002 4.807229e-006 -5.205384e-011
2.200000e+002 4.581797e-006 -5.251873e-011
2.250000e+002 4.371032e-006 -5.300195e-011
2.300000e+002 4.173760e-006 -5.350397e-011
2.350000e+002 3.988774e-006 -5.402570e-011
2.400000e+002 3.815069e-006 -5.456791e-011
2.450000e+002 3.651743e-006 -5.513138e-011
2.500000e+002 3.497971e-006 -5.571698e-011
2.550000e+002 3.352961e-006 -5.632584e-011
2.600000e+002 3.216056e-006 -5.695892e-011
2.650000e+002 3.086649e-006 -5.761727e-011
2.700000e+002 2.964184e-006 -5.830203e-011
2.750000e+002 2.848145e-006 -5.901450e-011
2.800000e+002 2.738070e-006 -5.975598e-011
2.850000e+002 2.633534e-006 -6.052790e-011
2.900000e+002 2.534140e-006 -6.133185e-011
2.950000e+002 2.439540e-006 -6.216942e-011
3.000000e+002 2.349400e-006 -6.304240e-011
3.050000e+002 2.263415e-006 -6.395273e-011
3.100000e+002 2.181319e-006 -6.490231e-011
3.150000e+002 2.102843e-006 -6.589346e-011
3.200000e+002 2.027747e-006 -6.692858e-011
3.250000e+002 1.955811e-006 -6.801024e-011
3.300000e+002 1.886828e-006 -6.914120e-011
3.350000e+002 1.820607e-006 -7.032450e-011
3.400000e+002 1.756963e-006 -7.156352e-011
3.450000e+002 1.695738e-006 -7.286163e-011
3.500000e+002 1.636756e-006 -7.422311e-011
3.550000e+002 1.579887e-006 -7.565179e-011
3.600000e+002 1.524979e-006 -7.715261e-011
3.650000e+002 1.471899e-006 -7.873069e-011
3.700000e+002 1.420519e-006 -8.039171e-011
3.750000e+002 1.370724e-006 -8.214162e-011
3.800000e+002 1.322388e-006 -8.398759e-011
3.850000e+002 1.275402e-006 -8.593712e-011
3.900000e+002 1.229661e-006 -8.799841e-011
3.950000e+002 1.185050e-006 -9.018123e-011
4.000000e+002 1.141470e-006 -9.249565e-011
4.050000e+002 1.098814e-006 -9.495359e-011
4.100000e+002 1.056976e-006 -9.756823e-011
4.150000e+002 1.015849e-006 -1.003545e-010
4.200000e+002 9.753335e-007 -1.033287e-010
4.250000e+002 9.353062e-007 -1.065106e-010
4.300000e+002 8.956602e-007 -1.099213e-010
4.350000e+002 8.562708e-007 -1.135859e-010
4.400000e+002 8.170032e-007 -1.175334e-010
4.450000e+002 7.777179e-007 -1.217967e-010
4.500000e+002 7.382589e-007 -1.264145e-010
4.550000e+002 6.984551e-007 -1.314317e-010
4.600000e+002 6.581134e-007 -1.369012e-010
4.650000e+002 6.170062e-007 -1.428869e-010
4.700000e+002 5.748762e-007 -1.494641e-010
4.750000e+002 5.314284e-007 -1.567228e-010
4.800000e+002 4.862973e-007 -1.647747e-010
4.850000e+002 4.390550e-007 -1.737548e-010
4.900000e+002 3.891706e-007 -1.838323e-010
4.950000e+002 3.359902e-007 -1.952187e-010
5.000000e+002 2.786744e-007 -2.081871e-010
5.050000e+002 2.161622e-007 -2.230871e-010
5.100000e+002 1.470470e-007 -2.403836e-010
5.150000e+002 6.945426e-008 -2.606999e-010
5.200000e+002 -1.921426e-008 -2.849015e-010
5.250000e+002 -1.226388e-007 -3.142183e-010
5.300000e+002 -2.462085e-007 -3.504548e-010
5.350000e+002 -3.981815e-007 -3.963796e-010
5.400000e+002 -5.919213e-007 -4.564756e-010
5.450000e+002 -8.505075e-007 -5.384899e-010
5.500000e+002 -1.217536e-006 -6.570617e-010
5.550000e+002 -1.786572e-006 -8.436150e-010
5.600000e+002 -2.801427e-006 -1.180042e-009
5.650000e+002 -5.160719e-006 -1.968184e-009
5.700000e+002 -1.709787e-005 -5.973647e-009
5.750000e+002 1.772492e-005 5.727466e-009
5.800000e+002 6.409929e-006 1.930771e-009
5.850000e+002 4.101889e-006 1.159411e-009
5.900000e+002 3.102704e-006 8.275977e-010
5.950000e+002 2.541896e-006 6.429393e-010
6.000000e+002 2.180968e-006 5.253282e-010
6.050000e+002 1.927917e-006 4.438631e-010
6.100000e+002 1.739752e-006 3.841063e-010
6.150000e+002 1.593668e-006 3.384010e-010
6.200000e+002 1.476470e-006 3.023175e-010
6.250000e+002 1.379980e-006 2.731105e-010
6.300000e+002 1.298842e-006 2.489844e-010
6.350000e+002 1.229427e-006 2.287225e-010
6.400000e+002 1.169174e-006 2.114665e-010
6.450000e+002 1.116224e-006 1.965944e-010
6.500000e+002 1.069201e-006 1.836455e-010
6.550000e+002 1.027054e-006 1.722700e-010
6.600000e+002 9.889767e-007 1.621980e-010
6.650000e+002 9.543341e-007 1.532186e-010
6.700000e+002 9.226204e-007 1.451635e-010
6.750000e+002 8.934271e-007 1.378974e-010
6.800000e+002 8.664222e-007 1.313103e-010
6.850000e+002 8.413311e-007 1.253118e-010
6.900000e+002 8.179254e-007 1.198265e-010
6.950000e+002 7.960132e-007 1.147916e-010
7.000000e+002 7.754324e-007 1.101541e-010
7.050000e+002 7.560449e-007 1.058691e-010
7.100000e+002 7.377321e-007 1.018979e-010
7.150000e+002 7.203913e-007 9.820758e-011
7.200000e+002 7.039342e-007 9.476952e-011
7.250000e+002 6.882833e-007 9.155898e-011
7.300000e+002 6.733698e-007 8.855409e-011
7.350000e+002 6.591348e-007 8.573606e-011
7.400000e+002 6.455234e-007 8.308780e-011
7.450000e+002 6.324904e-007 8.059490e-011
7.500000e+002 6.199917e-007 7.824387e-011
7.550000e+002 6.079909e-007 7.602325e-011
7.600000e+002 5.964533e-007 7.392245e-011
7.650000e+002 5.853494e-007 7.193234e-011
7.700000e+002 5.746496e-007 7.004417e-011
7.750000e+002 5.643299e-007 6.825053e-011
7.800000e+002 5.543675e-007 6.654462e-011
7.850000e+002 5.447407e-007 6.492009e-011
7.900000e+002 5.354311e-007 6.337141e-011
7.950000e+002 5.264212e-007 6.189349e-011
8.000000e+002 5.176941e-007 6.048150e-011
8.050000e+002 5.092354e-007 5.913125e-011
8.100000e+002 5.010313e-007 5.783880e-011
8.150000e+002 4.930693e-007 5.660062e-011
8.200000e+002 4.853373e-007 5.541333e-011
8.250000e+002 4.778242e-007 5.427388e-011
8.300000e+002 4.705204e-007 5.317955e-011
8.350000e+002 4.634160e-007 5.212768e-011
8.400000e+002 4.565020e-007 5.111587e-011
8.450000e+002 4.497709e-007 5.014200e-011
8.500000e+002 4.432139e-007 4.920386e-011
8.550000e+002 4.368242e-007 4.829962e-011
8.600000e+002 4.305951e-007 4.742748e-011
8.650000e+002 4.245198e-007 4.658579e-011
8.700000e+002 4.185928e-007 4.577301e-011
8.750000e+002 4.128079e-007 4.498769e-011
8.800000e+002 4.071596e-007 4.422842e-011
8.850000e+002 4.016434e-007 4.349403e-011
8.900000e+002 3.962539e-007 4.278327e-011
8.950000e+002 3.909870e-007 4.209506e-011
9.000000e+002 3.858380e-007 4.142833e-011
9.050000e+002 3.808028e-007 4.078210e-011
9.100000e+002 3.758779e-007 4.015549e-011
9.150000e+002 3.710591e-007 3.954758e-011
9.200000e+002 3.663435e-007 3.895762e-011
9.250000e+002 3.617269e-007 3.838473e-011
9.300000e+002 3.572068e-007 3.782828e-011
9.350000e+002 3.527797e-007 3.728753e-011
9.400000e+002 3.484432e-007 3.676187e-011
9.450000e+002 3.441938e-007 3.625062e-011
9.500000e+002 3.400294e-007 3.575326e-011
9.550000e+002 3.359472e-007 3.526921e-011
9.600000e+002 3.319448e-007 3.479793e-011
9.650000e+002 3.280200e-007 3.433896e-011
9.700000e+002 3.241704e-007 3.389180e-011
9.750000e+002 3.203939e-007 3.345601e-011
9.800000e+002 3.166884e-007 3.303117e-011
9.850000e+002 3.130519e-007 3.261686e-011
9.900000e+002 3.094825e-007 3.221269e-011
9.950000e+002 3.059785e-007 3.181832e-011
1.000000e+003 3.025381e-007 3.143338e-011
1.005000e+003 2.991594e-007 3.105753e-011
1.010000e+003 2.958410e-007 3.069046e-011
1.015000e+003 2.925812e-007 3.033186e-011
1.020000e+003 2.893785e-007 2.998145e-011
1.025000e+003 2.862316e-007 2.963894e-011
1.030000e+003 2.831389e-007 2.930406e-011
1.035000e+003 2.800990e-007 2.897657e-011
1.040000e+003 2.771108e-007 2.865622e-011
1.045000e+003 2.741728e-007 2.834277e-011
1.050000e+003 2.712840e-007 2.803601e-011
1.055000e+003 2.684431e-007 2.773571e-011
1.060000e+003 2.656489e-007 2.744168e-011
1.065000e+003 2.629004e-007 2.715372e-011
1.070000e+003 2.601964e-007 2.687163e-011
1.075000e+003 2.575361e-007 2.659524e-011
1.080000e+003 2.549181e-007 2.632437e-011
1.085000e+003 2.523419e-007 2.605886e-011
1.090000e+003 2.498062e-007 2.579854e-011
1.095000e+003 2.473102e-007 2.554325e-011
1.100000e+003 2.448531e-007 2.529286e-011
1.105000e+003 2.424339e-007 2.504721e-011
1.110000e+003 2.400518e-007 2.480617e-011
1.115000e+003 2.377060e-007 2.456961e-011
1.120000e+003 2.353958e-007 2.433739e-011
1.125000e+003 2.331203e-007 2.410940e-011
1.130000e+003 2.308788e-007 2.388551e-011
1.135000e+003 2.286707e-007 2.366561e-011
1.140000e+003 2.264951e-007 2.344959e-011
1.145000e+003 2.243515e-007 2.323734e-011
1.150000e+003 2.222391e-007 2.302877e-011
1.155000e+003 2.201574e-007 2.282376e-011
1.160000e+003 2.181057e-007 2.262223e-011
1.165000e+003 2.160834e-007 2.242408e-011
1.170000e+003 2.140898e-007 2.222922e-011
1.175000e+003 2.121245e-007 2.203757e-011
1.180000e+003 2.101869e-007 2.184904e-011
1.185000e+003 2.082763e-007 2.166355e-011
1.190000e+003 2.063924e-007 2.148101e-011
1.195000e+003 2.045345e-007 2.130137e-011
1.200000e+003 2.027022e-007 2.112453e-011
1.205000e+003 2.008949e-007 2.095044e-011
1.210000e+003 1.991123e-007 2.077902e-011
1.215000e+003 1.973537e-007 2.061020e-011
1.220000e+003 1.956189e-007 2.044392e-011
1.225000e+003 1.939072e-007 2.028012e-011
1.230000e+003 1.922184e-007 2.011874e-011
1.235000e+003 1.905519e-007 1.995971e-011
1.240000e+003 1.889074e-007 1.980299e-011
1.245000e+003 1.872845e-007 1.964850e-011
1.250000e+003 1.856827e-007 1.949621e-011
1.255000e+003 1.841016e-007 1.934606e-011
1.260000e+003 1.825410e-007 1.919799e-011
1.265000e+003 1.810005e-007 1.905196e-011
1.270000e+003 1.794796e-007 1.890792e-011
1.275000e+003 1.779781e-007 1.876583e-011
1.280000e+003 1.764955e-007 1.862562e-011
1.285000e+003 1.750316e-007 1.848728e-011
1.290000e+003 1.735861e-007 1.835075e-011
1.295000e+003 1.721585e-007 1.821598e-011
1.300000e+003 1.707487e-007 1.808295e-011
1.305000e+003 1.693563e-007 1.795160e-011
1.310000e+003 1.679810e-007 1.782191e-011
1.315000e+003 1.666225e-007 1.769382e-011
1.320000e+003 1.652806e-007 1.756732e-011
1.325000e+003 1.639549e-007 1.744236e-011
1.330000e+003 1.626451e-007 1.731890e-011
1.335000e+003 1.613512e-007 1.719692e-011
1.340000e+003 1.600726e-007 1.707638e-011
1.345000e+003 1.588093e-007 1.695725e-011
1.350000e+003 1.575609e-007 1.683950e-011
1.355000e+003 1.563273e-007 1.672310e-011
1.360000e+003 1.551081e-007 1.660801e-011
1.365000e+003 1.539031e-007 1.649422e-011
1.370000e+003 1.527122e-007 1.638168e-011
1.375000e+003 1.515350e-007 1.627038e-011
1.380000e+003 1.503715e-007 1.616029e-011
1.385000e+003 1.492212e-007 1.605138e-011
1.390000e+003 1.480841e-007 1.594363e-011
1.395000e+003 1.469599e-007 1.583701e-011
1.400000e+003 1.458485e-007 1.573149e-011
1.405000e+003 1.447496e-007 1.562706e-011
1.410000e+003 1.436631e-007 1.552369e-011
1.415000e+003 1.425887e-007 1.542135e-011
1.420000e+003 1.415262e-007 1.532004e-011
1.425000e+003 1.404756e-007 1.521971e-011
1.430000e+003 1.394365e-007 1.512036e-011
1.435000e+003 1.384089e-007 1.502195e-011
1.440000e+003 1.373925e-007 1.492448e-011
1.445000e+003 1.363872e-007 1.482793e-011
1.450000e+003 1.353928e-007 1.473226e-011
1.455000e+003 1.344092e-007 1.463747e-011
1.460000e+003 1.334362e-007 1.454354e-011
1.465000e+003 1.324736e-007 1.445044e-011
1.470000e+003 1.315213e-007 1.435816e-011
1.475000e+003 1.305791e-007 1.426668e-011
1.480000e+003 1.296469e-007 1.417599e-011
1.485000e+003 1.287245e-007 1.408607e-011
1.490000e+003 1.278119e-007 1.399690e-011
1.495000e+003 1.269088e-007 1.390846e-011
1.500000e+003 1.260152e-007 1.382075e-011
1.505000e+003 1.251308e-007 1.373374e-011
1.510000e+003 1.242555e-007 1.364742e-011
1.515000e+003 1.233893e-007 1.356178e-011
1.520000e+003 1.225320e-007 1.347680e-011
1.525000e+003 1.216835e-007 1.339247e-011
1.530000e+003 1.208436e-007 1.330877e-011
1.535000e+003 1.200122e-007 1.322568e-011
1.540000e+003 1.191893e-007 1.314321e-011
1.545000e+003 1.183746e-007 1.306132e-011
1.550000e+003 1.175682e-007 1.298002e-011
1.555000e+003 1.167697e-007 1.289928e-011
1.560000e+003 1.159793e-007 1.281910e-011
1.565000e+003 1.151966e-007 1.273946e-011
1.570000e+003 1.144218e-007 1.266036e-011
1.575000e+003 1.136545e-007 1.258177e-011
1.580000e+003 1.128948e-007 1.250369e-011
1.585000e+003 1.121425e-007 1.242610e-011
1.590000e+003 1.113975e-007 1.234900e-011
1.595000e+003 1.106598e-007 1.227237e-011
1.600000e+003 1.099292e-007 1.219621e-011
1.605000e+003 1.092057e-007 1.212049e-011
1.610000e+003 1.084890e-007 1.204522e-011
1.615000e+003 1.077793e-007 1.197039e-011
1.620000e+003 1.070763e-007 1.189597e-011
1.625000e+003 1.063800e-007 1.182196e-011
1.630000e+003 1.056902e-007 1.174836e-011
1.635000e+003 1.050070e-007 1.167514e-011
1.640000e+003 1.043302e-007 1.160231e-011
1.645000e+003 1.036597e-007 1.152986e-011
1.650000e+003 1.029955e-007 1.145776e-011
1.655000e+003 1.023375e-007 1.138602e-011
1.660000e+003 1.016855e-007 1.131463e-011
1.665000e+003 1.010396e-007 1.124358e-011
1.670000e+003 1.003996e-007 1.117285e-011
1.675000e+003 9.976546e-008 1.110244e-011
1.680000e+003 9.913711e-008 1.103234e-011
1.685000e+003 9.851449e-008 1.096255e-011
1.690000e+003 9.789751e-008 1.089304e-011
1.695000e+003 9.728611e-008 1.082383e-011
1.700000e+003 9.668021e-008 1.075489e-011
1.705000e+003 9.607976e-008 1.068623e-011
1.710000e+003 9.548467e-008 1.061782e-011
1.715000e+003 9.489488e-008 1.054967e-011
1.720000e+003 9.431032e-008 1.048177e-011
1.725000e+003 9.373095e-008 1.041411e-011
1.730000e+003 9.315668e-008 1.034667e-011
1.735000e+003 9.258746e-008 1.027947e-011
1.740000e+003 9.202322e-008 1.021247e-011
1.745000e+003 9.146392e-008 1.014569e-011
1.750000e+003 9.090947e-008 1.007912e-011
1.755000e+003 9.035984e-008 1.001273e-011
1.760000e+003 8.981495e-008 9.946539e-012
1.765000e+003 8.927475e-008 9.880527e-012
1.770000e+003 8.873920e-008 9.814689e-012
1.775000e+003 8.820822e-008 9.749019e-012
1.780000e+003 8.768176e-008 9.683508e-012
1.785000e+003 8.715978e-008 9.618153e-012
1.790000e+003 8.664221e-008 9.552945e-012
1.795000e+003 8.612903e-008 9.487879e-012
1.800000e+003 8.562015e-008 9.422947e-012
1.805000e+003 8.511553e-008 9.358143e-012
1.810000e+003 8.461513e-008 9.293460e-012
1.815000e+003 8.411890e-008 9.228893e-012
1.820000e+003 8.362678e-008 9.164435e-012
1.825000e+003 8.313873e-008 9.100078e-012
1.830000e+003 8.265470e-008 9.035819e-012
1.835000e+003 8.217465e-008 8.971649e-012
1.840000e+003 8.169853e-008 8.907562e-012
1.845000e+003 8.122629e-008 8.843554e-012
1.850000e+003 8.075789e-008 8.779617e-012
1.855000e+003 8.029329e-008 8.715746e-012
1.860000e+003 7.983244e-008 8.651934e-012
1.865000e+003 7.937530e-008 8.588176e-012
1.870000e+003 7.892183e-008 8.524465e-012
1.875000e+003 7.847198e-008 8.460795e-012
1.880000e+003 7.802571e-008 8.397160e-012
1.885000e+003 7.758299e-008 8.333556e-012
1.890000e+003 7.714378e-008 8.269976e-012
1.895000e+003 7.670803e-008 8.206413e-012
1.900000e+003 7.627571e-008 8.142862e-012
1.905000e+003 7.584678e-008 8.079318e-012
1.910000e+003 7.542119e-008 8.015773e-012
1.915000e+003 7.499892e-008 7.952223e-012
1.920000e+003 7.457992e-008 7.888661e-012
1.925000e+003 7.416416e-008 7.825083e-012
1.930000e+003 7.375161e-008 7.761482e-012
1.935000e+003 7.334222e-008 7.697852e-012
1.940000e+003 7.293597e-008 7.634188e-012
1.945000e+003 7.253282e-008 7.570483e-012
1.950000e+003 7.213273e-008 7.506733e-012
1.955000e+003 7.173567e-008 7.442930e-012
1.960000e+003 7.134161e-008 7.379071e-012
1.965000e+003 7.095051e-008 7.315147e-012
1.970000e+003 7.056235e-008 7.251155e-012
1.975000e+003 7.017709e-008 7.187088e-012
1.980000e+003 6.979470e-008 7.122940e-012
1.985000e+003 6.941514e-008 7.058705e-012
1.990000e+003 6.903840e-008 6.994378e-012
1.995000e+003 6.866442e-008 6.929953e-012
2.000000e+003 6.829321e-008 6.865425e-012
2.005000e+003 6.792470e-008 6.800786e-012
2.010000e+003 6.755889e-008 6.736032e-012
2.015000e+003 6.719573e-008 6.671157e-012
2.020000e+003 6.683521e-008 6.606153e-012
2.025000e+003 6.647728e-008 6.541017e-012
2.030000e+003 6.612194e-008 6.475741e-012
2.035000e+003 6.576914e-008 6.410320e-012
2.040000e+003 6.541885e-008 6.344747e-012
2.045000e+003 6.507107e-008 6.279017e-012
2.050000e+003 6.472575e-008 6.213124e-012
2.055000e+003 6.438287e-008 6.147061e-012
2.060000e+003 6.404241e-008 6.080822e-012
2.065000e+003 6.370434e-008 6.014403e-012
2.070000e+003 6.336863e-008 5.947794e-012
2.075000e+003 6.303526e-008 5.880991e-012
2.080000e+003 6.270420e-008 5.813988e-012
2.085000e+003 6.237543e-008 5.746778e-012
2.090000e+003 6.204893e-008 5.679354e-012
2.095000e+003 6.172466e-008 5.611711e-012
2.100000e+003 6.140262e-008 5.543842e-012
2.105000e+003 6.108277e-008 5.475740e-012
2.110000e+003 6.076510e-008 5.407399e-012
2.115000e+003 6.044957e-008 5.338812e-012
2.120000e+003 6.013617e-008 5.269973e-012
2.125000e+003 5.982487e-008 5.200874e-012
2.130000e+003 5.951565e-008 5.131510e-012
2.135000e+003 5.920850e-008 5.061873e-012
2.140000e+003 5.890337e-008 4.991955e-012
2.145000e+003 5.860027e-008 4.921751e-012
2.150000e+003 5.829916e-008 4.851252e-012
2.155000e+003 5.800003e-008 4.780453e-012
2.160000e+003 5.770285e-008 4.709346e-012
2.165000e+003 5.740760e-008 4.637923e-012
2.170000e+003 5.711427e-008 4.566179e-012
2.175000e+003 5.682284e-008 4.494104e-012
2.180000e+003 5.653327e-008 4.421690e-012
2.185000e+003 5.624555e-008 4.348931e-012
2.190000e+003 5.595967e-008 4.275819e-012
2.195000e+003 5.567561e-008 4.202347e-012
2.200000e+003 5.539333e-008 4.128505e-012
2.205000e+003 5.511284e-008 4.054288e-012
2.210000e+003 5.483411e-008 3.979686e-012
2.215000e+003 5.455711e-008 3.904690e-012
2.220000e+003 5.428183e-008 3.829294e-012
2.225000e+003 5.400826e-008 3.753488e-012
2.230000e+003 5.373637e-008 3.677263e-012
2.235000e+003 5.346614e-008 3.600613e-012
2.240000e+003 5.319757e-008 3.523526e-012
2.245000e+003 5.293062e-008 3.445997e-012
2.250000e+003 5.266529e-008 3.368013e-012
2.255000e+003 5.240156e-008 3.289568e-012
2.260000e+003 5.213941e-008 3.210650e-012
2.265000e+003 5.187882e-008 3.131253e-012
2.270000e+003 5.161977e-008 3.051364e-012
2.275000e+003 5.136225e-008 2.970975e-012
2.280000e+003 5.110624e-008 2.890078e-012
2.285000e+003 5.085173e-008 2.808660e-012
2.290000e+003 5.059870e-008 2.726712e-012
2.295000e+003 5.034714e-008 2.644225e-012
2.300000e+003 5.009702e-008 2.561186e-012
2.305000e+003 4.984833e-008 2.477586e-012
2.310000e+003 4.960106e-008 2.393416e-012
2.315000e+003 4.935519e-008 2.308662e-012
2.320000e+003 4.911070e-008 2.223315e-012
2.325000e+003 4.886758e-008 2.137362e-012
2.330000e+003 4.862581e-008 2.050793e-012
2.335000e+003 4.838539e-008 1.963595e-012
2.340000e+003 4.814628e-008 1.875759e-012
2.345000e+003 4.790849e-008 1.787268e-012
2.350000e+003 4.767199e-008 1.698114e-012
2.355000e+003 4.743677e-008 1.608284e-012
2.360000e+003 4.720280e-008 1.517762e-012
2.365000e+003 4.697010e-008 1.426539e-012
2.370000e+003 4.673861e-008 1.334598e-012
2.375000e+003 4.650836e-008 1.241929e-012
2.380000e+003 4.627931e-008 1.148516e-012
2.385000e+003 4.605145e-008 1.054347e-012
2.390000e+003 4.582476e-008 9.594054e-013
2.395000e+003 4.559924e-008 8.636787e-013
2.400000e+003 4.537487e-008 7.671513e-013
2.405000e+003 4.515163e-008 6.698078e-013
2.410000e+003 4.492952e-008 5.716340e-013
2.415000e+003 4.470850e-008 4.726126e-013
2.420000e+003 4.448858e-008 3.727283e-013
2.425000e+003 4.426974e-008 2.719651e-013
2.430000e+003 4.405197e-008 1.703073e-013
2.435000e+003 4.383524e-008 6.773640e-014
2.440000e+003 4.361955e-008 -3.576614e-014
2.445000e+003 4.340489e-008 -1.402133e-013
2.450000e+003 4.319123e-008 -2.456293e-013
2.455000e+003 4.297857e-008 -3.520289e-013
2.460000e+003 4.276690e-008 -4.594305e-013
2.465000e+003 4.255619e-008 -5.678550e-013
2.470000e+003 4.234643e-008 -6.773213e-013
2.475000e+003 4.213762e-008 -7.878497e-013
2.480000e+003 4.192974e-008 -8.994609e-013
2.485000e+003 4.172277e-008 -1.012176e-012
2.490000e+003 4.151670e-008 -1.126015e-012
2.495000e+003 4.131151e-008 -1.241003e-012
2.500000e+003 4.110721e-008 -1.357160e-012
2.505000e+003 4.090376e-008 -1.474508e-012
2.510000e+003 4.070116e-008 -1.593071e-012
2.515000e+003 4.049939e-008 -1.712877e-012
2.520000e+003 4.029844e-008 -1.833947e-012
2.525000e+003 4.009829e-008 -1.956306e-012
2.530000e+003 3.989894e-008 -2.079981e-012
2.535000e+003 3.970036e-008 -2.204997e-012
2.540000e+003 3.950255e-008 -2.331383e-012
2.545000e+003 3.930549e-008 -2.459165e-012
2.550000e+003 3.910917e-008 -2.588373e-012
2.555000e+003 3.891357e-008 -2.719034e-012
2.560000e+003 3.871867e-008 -2.851181e-012
2.565000e+003 3.852447e-008 -2.984841e-012
2.570000e+003 3.833096e-008 -3.120046e-012
2.575000e+003 3.813811e-008 -3.256829e-012
2.580000e+003 3.794591e-008 -3.395224e-012
2.585000e+003 3.775434e-008 -3.535264e-012
2.590000e+003 3.756340e-008 -3.676984e-012
2.595000e+003 3.737307e-008 -3.820416e-012
2.600000e+003 3.718333e-008 -3.965601e-012
2.605000e+003 3.699417e-008 -4.112574e-012
2.610000e+003 3.680557e-008 -4.261376e-012
2.615000e+003 3.661752e-008 -4.412044e-012
2.620000e+003 3.643001e-008 -4.564619e-012
2.625000e+003 3.624301e-008 -4.719145e-012
2.630000e+003 3.605651e-008 -4.875663e-012
2.635000e+003 3.587050e-008 -5.034217e-012
2.640000e+003 3.568496e-008 -5.194851e-012
2.645000e+003 3.549988e-008 -5.357615e-012
2.650000e+003 3.531523e-008 -5.522556e-012
2.655000e+003 3.513101e-008 -5.689720e-012
2.660000e+003 3.494718e-008 -5.859163e-012
2.665000e+003 3.476375e-008 -6.030935e-012
2.670000e+003 3.458069e-008 -6.205087e-012
2.675000e+003 3.439797e-008 -6.381677e-012
2.680000e+003 3.421560e-008 -6.560763e-012
2.685000e+003 3.403354e-008 -6.742401e-012
2.690000e+003 3.385178e-008 -6.926656e-012
2.695000e+003 3.367030e-008 -7.113585e-012
2.700000e+003 3.348908e-008 -7.303256e-012
2.705000e+003 3.330810e-008 -7.495733e-012
2.710000e+003 3.312734e-008 -7.691088e-012
2.715000e+003 3.294679e-008 -7.889386e-012
2.720000e+003 3.276641e-008 -8.090708e-012
2.725000e+003 3.258619e-008 -8.295123e-012
2.730000e+003 3.240612e-008 -8.502709e-012
2.735000e+003 3.222616e-008 -8.713547e-012
2.740000e+003 3.204630e-008 -8.927722e-012
2.745000e+003 3.186650e-008 -9.145318e-012
2.750000e+003 3.168676e-008 -9.366422e-012
2.755000e+003 3.150704e-008 -9.591130e-012
2.760000e+003 3.132732e-008 -9.819530e-012
2.765000e+003 3.114758e-008 -1.005173e-011
2.770000e+003 3.096778e-008 -1.028782e-011
2.775000e+003 3.078791e-008 -1.052791e-011
2.780000e+003 3.060793e-008 -1.077211e-011
2.785000e+003 3.042783e-008 -1.102053e-011
2.790000e+003 3.024756e-008 -1.127329e-011
2.795000e+003 3.006710e-008 -1.153051e-011
2.800000e+003 2.988643e-008 -1.179232e-011
2.805000e+003 2.970550e-008 -1.205883e-011
2.810000e+003 2.952429e-008 -1.233020e-011
2.815000e+003 2.934276e-008 -1.260656e-011
2.820000e+003 2.916088e-008 -1.288806e-011
2.825000e+003 2.897862e-008 -1.317484e-011
2.830000e+003 2.879594e-008 -1.346706e-011
2.835000e+003 2.861279e-008 -1.376489e-011
2.840000e+003 2.842915e-008 -1.406850e-011
2.845000e+003 2.824497e-008 -1.437806e-011
2.850000e+003 2.806022e-008 -1.469376e-011
2.855000e+003 2.787484e-008 -1.501579e-011
2.860000e+003 2.768879e-008 -1.534434e-011
2.865000e+003 2.750203e-008 -1.567963e-011
2.870000e+003 2.731451e-008 -1.602187e-011
2.875000e+003 2.712618e-008 -1.637129e-011
2.880000e+003 2.693698e-008 -1.672812e-011
2.885000e+003 2.674687e-008 -1.709261e-011
2.890000e+003 2.655579e-008 -1.746502e-011
2.895000e+003 2.636368e-008 -1.784561e-011
2.900000e+003 2.617048e-008 -1.823467e-011
2.905000e+003 2.597613e-008 -1.863249e-011
2.910000e+003 2.578055e-008 -1.903937e-011
2.915000e+003 2.558369e-008 -1.945564e-011
2.920000e+003 2.538548e-008 -1.988163e-011
2.925000e+003 2.518582e-008 -2.031771e-011
2.930000e+003 2.498466e-008 -2.076423e-011
2.935000e+003 2.478190e-008 -2.122158e-011
2.940000e+003 2.457746e-008 -2.169018e-011
2.945000e+003 2.437125e-008 -2.217046e-011
2.950000e+003 2.416318e-008 -2.266286e-011
2.955000e+003 2.395314e-008 -2.316785e-011
2.960000e+003 2.374104e-008 -2.368595e-011
2.965000e+003 2.352677e-008 -2.421766e-011
2.970000e+003 2.331020e-008 -2.476355e-011
2.975000e+003 2.309122e-008 -2.532420e-011
2.980000e+003 2.286971e-008 -2.590023e-011
2.985000e+003 2.264552e-008 -2.649230e-011
2.990000e+003 2.241851e-008 -2.710107e-011
2.995000e+003 2.218855e-008 -2.772729e-011
3.000000e+003 2.195546e-008 -2.837174e-011
3.005000e+003 2.171908e-008 -2.903522e-011
3.010000e+003 2.147923e-008 -2.971860e-011
3.015000e+003 2.123573e-008 -3.042281e-011
3.020000e+003 2.098838e-008 -3.114882e-011
3.025000e+003 2.073696e-008 -3.189768e-011
3.030000e+003 2.048125e-008 -3.267048e-011
3.035000e+003 2.022101e-008 -3.346840e-011
3.040000e+003 1.995597e-008 -3.429273e-011
3.045000e+003 1.968589e-008 -3.514478e-011
3.050000e+003 1.941044e-008 -3.602602e-011
3.055000e+003 1.912934e-008 -3.693795e-011
3.060000e+003 1.884225e-008 -3.788223e-011
3.065000e+003 1.854880e-008 -3.886065e-011
3.070000e+003 1.824861e-008 -3.987508e-011
3.075000e+003 1.794128e-008 -4.092757e-011
3.080000e+003 1.762635e-008 -4.202033e-011
3.085000e+003 1.730336e-008 -4.315573e-011
3.090000e+003 1.697177e-008 -4.433632e-011
3.095000e+003 1.663104e-008 -4.556487e-011
3.100000e+003 1.628057e-008 -4.684438e-011
3.105000e+003 1.591968e-008 -4.817814e-011
3.110000e+003 1.554768e-008 -4.956964e-011
3.115000e+003 1.516379e-008 -5.102276e-011
3.120000e+003 1.476716e-008 -5.254172e-011
3.125000e+003 1.435686e-008 -5.413112e-011
3.130000e+003 1.393189e-008 -5.579597e-011
3.135000e+003 1.349114e-008 -5.754180e-011
3.140000e+003 1.303338e-008 -5.937470e-011
3.145000e+003 1.255727e-008 -6.130136e-011
3.150000e+003 1.206131e-008 -6.332924e-011
3.155000e+003 1.154387e-008 -6.546648e-011
3.160000e+003 1.100311e-008 -6.772227e-011
3.165000e+003 1.043698e-008 -7.010676e-011
3.170000e+003 9.843224e-009 -7.263128e-011
3.175000e+003 9.219259e-009 -7.530865e-011
3.180000e+003 8.562221e-009 -7.815316e-011
3.185000e+003 7.868859e-009 -8.118104e-011
3.190000e+003 7.135504e-009 -8.441058e-011
3.195000e+003 6.357951e-009 -8.786274e-011
3.200000e+003 5.531425e-009 -9.156137e-011
3.205000e+003 4.650417e-009 -9.553392e-011
3.210000e+003 3.708600e-009 -9.981197e-011
3.215000e+003 2.698610e-009 -1.044323e-010
3.220000e+003 1.611851e-009 -1.094377e-010
3.225000e+003 4.382393e-010 -1.148785e-010
3.230000e+003 -8.341008e-010 -1.208141e-010
3.235000e+003 -2.219410e-009 -1.273154e-010
3.240000e+003 -3.734702e-009 -1.344674e-010
3.245000e+003 -5.400576e-009 -1.423729e-010
3.250000e+003 -7.242270e-009 -1.511577e-010
3.255000e+003 -9.290914e-009 -1.609773e-010
3.260000e+003 -1.158549e-008 -1.720263e-010
3.265000e+003 -1.417534e-008 -1.845508e-010
3.270000e+003 -1.712398e-008 -1.988678e-010
3.275000e+003 -2.051449e-008 -2.153920e-010
3.280000e+003 -2.445771e-008 -2.346766e-010
3.285000e+003 -2.910491e-008 -2.574765e-010
3.290000e+003 -3.466815e-008 -2.848502e-010
3.295000e+003 -4.145385e-008 -3.183268e-010
3.300000e+003 -4.992237e-008 -3.602040e-010
3.305000e+003 -6.079848e-008 -4.140991e-010
3.310000e+003 -7.529227e-008 -4.860514e-010
3.315000e+003 -9.558839e-008 -5.869645e-010
3.320000e+003 -1.260732e-007 -7.387301e-010
3.325000e+003 -1.770432e-007 -9.927373e-010
3.330000e+003 -2.797148e-007 -1.504785e-009
3.335000e+003 -5.942107e-007 -3.074030e-009
3.340000e+003 1.916730e-005 9.555432e-008
3.345000e+003 6.060237e-007 2.916983e-009
3.350000e+003 3.197348e-007 1.488511e-009
3.355000e+003 2.222832e-007 1.002508e-009
3.360000e+003 1.731419e-007 7.576158e-010
3.365000e+003 1.435057e-007 6.100698e-010
3.370000e+003 1.236723e-007 5.114479e-010
3.375000e+003 1.094600e-007 4.408779e-010
3.380000e+003 9.876871e-008 3.878800e-010
3.385000e+003 9.042915e-008 3.466175e-010
3.390000e+003 8.373810e-008 3.135810e-010
3.395000e+003 7.824736e-008 2.865335e-010
3.400000e+003 7.365759e-008 2.639811e-010
3.405000e+003 6.976159e-008 2.448897e-010
3.410000e+003 6.641098e-008 2.285187e-010
3.415000e+003 6.349702e-008 2.143254e-010
3.420000e+003 6.093806e-008 2.019023e-010
3.425000e+003 5.867159e-008 1.909375e-010
3.430000e+003 5.664903e-008 1.811885e-010
3.435000e+003 5.483197e-008 1.724636e-010
3.440000e+003 5.318967e-008 1.646094e-010
3.445000e+003 5.169725e-008 1.575017e-010
3.450000e+003 5.033433e-008 1.510388e-010
3.455000e+003 4.908409e-008 1.451369e-010
3.460000e+003 4.793249e-008 1.397257e-010
3.465000e+003 4.686777e-008 1.347466e-010
3.470000e+003 4.587991e-008 1.301498e-010
3.475000e+003 4.496043e-008 1.258927e-010
3.480000e+003 4.410205e-008 1.219392e-010
3.485000e+003 4.329848e-008 1.182577e-010
3.490000e+003 4.254425e-008 1.148211e-010
3.495000e+003 4.183464e-008 1.116057e-010
3.500000e+003 4.116549e-008 1.085909e-010
3.505000e+003 4.053316e-008 1.057584e-010
3.510000e+003 3.993441e-008 1.030921e-010
3.515000e+003 3.936640e-008 1.005778e-010
3.520000e+003 3.882658e-008 9.820290e-011
3.525000e+003 3.831270e-008 9.595602e-011
3.530000e+003 3.782272e-008 9.382709e-011
3.535000e+003 3.735483e-008 9.180705e-011
3.540000e+003 3.690740e-008 8.988777e-011
3.545000e+003 3.647895e-008 8.806185e-011
3.550000e+003 3.606814e-008 8.632263e-011
3.555000e+003 3.567375e-008 8.466407e-011
3.560000e+003 3.529469e-008 8.308068e-011
3.565000e+003 3.492995e-008 8.156745e-011
3.570000e+003 3.457862e-008 8.011979e-011
3.575000e+003 3.423984e-008 7.873355e-011
3.580000e+003 3.391286e-008 7.740488e-011
3.585000e+003 3.359697e-008 7.613025e-011
3.590000e+003 3.329151e-008 7.490642e-011
3.595000e+003 3.299589e-008 7.373042e-011
3.600000e+003 3.270955e-008 7.259949e-011
3.605000e+003 3.243199e-008 7.151107e-011
3.610000e+003 3.216271e-008 7.046280e-011
3.615000e+003 3.190130e-008 6.945250e-011
3.620000e+003 3.164733e-008 6.847814e-011
3.625000e+003 3.140042e-008 6.753781e-011
3.630000e+003 3.116024e-008 6.662978e-011
3.635000e+003 3.092643e-008 6.575238e-011
3.640000e+003 3.069870e-008 6.490411e-011
3.645000e+003 3.047676e-008 6.408350e-011
3.650000e+003 3.026034e-008 6.328926e-011
3.655000e+003 3.004918e-008 6.252009e-011
3.660000e+003 2.984305e-008 6.177485e-011
3.665000e+003 2.964172e-008 6.105241e-011
3.670000e+003 2.944500e-008 6.035175e-011
3.675000e+003 2.925267e-008 5.967190e-011
3.680000e+003 2.906456e-008 5.901192e-011
3.685000e+003 2.888050e-008 5.837097e-011
3.690000e+003 2.870031e-008 5.774823e-011
3.695000e+003 2.852384e-008 5.714293e-011
3.700000e+003 2.835094e-008 5.655433e-011
3.705000e+003 2.818149e-008 5.598176e-011
3.710000e+003 2.801533e-008 5.542457e-011
3.715000e+003 2.785236e-008 5.488214e-011
3.720000e+003 2.769246e-008 5.435389e-011
3.725000e+003 2.753550e-008 5.383926e-011
3.730000e+003 2.738139e-008 5.333775e-011
3.735000e+003 2.723002e-008 5.284883e-011
3.740000e+003 2.708130e-008 5.237205e-011
3.745000e+003 2.693514e-008 5.190696e-011
3.750000e+003 2.679145e-008 5.145312e-011
3.755000e+003 2.665014e-008 5.101014e-011
3.760000e+003 2.651115e-008 5.057762e-011
3.765000e+003 2.637439e-008 5.015520e-011
3.770000e+003 2.623979e-008 4.974251e-011
3.775000e+003 2.610729e-008 4.933924e-011
3.780000e+003 2.597681e-008 4.894505e-011
3.785000e+003 2.584831e-008 4.855965e-011
3.790000e+003 2.572170e-008 4.818273e-011
3.795000e+003 2.559695e-008 4.781402e-011
3.800000e+003 2.547400e-008 4.745325e-011
3.805000e+003 2.535278e-008 4.710018e-011
3.810000e+003 2.523326e-008 4.675454e-011
3.815000e+003 2.511538e-008 4.641610e-011
3.820000e+003 2.499910e-008 4.608465e-011
3.825000e+003 2.488438e-008 4.575996e-011
3.830000e+003 2.477116e-008 4.544183e-011
3.835000e+003 2.465942e-008 4.513006e-011
3.840000e+003 2.454911e-008 4.482446e-011
3.845000e+003 2.444019e-008 4.452484e-011
3.850000e+003 2.433263e-008 4.423103e-011
3.855000e+003 2.422639e-008 4.394287e-011
3.860000e+003 2.412144e-008 4.366019e-011
3.865000e+003 2.401775e-008 4.338282e-011
3.870000e+003 2.391528e-008 4.311063e-011
3.875000e+003 2.381401e-008 4.284346e-011
3.880000e+003 2.371391e-008 4.258118e-011
3.885000e+003 2.361494e-008 4.232366e-011
3.890000e+003 2.351709e-008 4.207075e-011
3.895000e+003 2.342032e-008 4.182234e-011
3.900000e+003 2.332461e-008 4.157832e-011
3.905000e+003 2.322994e-008 4.133855e-011
3.910000e+003 2.313628e-008 4.110293e-011
3.915000e+003 2.304361e-008 4.087136e-011
3.920000e+003 2.295191e-008 4.064372e-011
3.925000e+003 2.286116e-008 4.041992e-011
3.930000e+003 2.277134e-008 4.019986e-011
3.935000e+003 2.268242e-008 3.998344e-011
3.940000e+003 2.259439e-008 3.977058e-011
3.945000e+003 2.250723e-008 3.956117e-011
3.950000e+003 2.242092e-008 3.935516e-011
3.955000e+003 2.233545e-008 3.915243e-011
3.960000e+003 2.225080e-008 3.895293e-011
3.965000e+003 2.216694e-008 3.875657e-011
3.970000e+003 2.208387e-008 3.856327e-011
3.975000e+003 2.200158e-008 3.837297e-011
3.980000e+003 2.192003e-008 3.818560e-011
3.985000e+003 2.183923e-008 3.800107e-011
3.990000e+003 2.175915e-008 3.781934e-011
3.995000e+003 2.167979e-008 3.764033e-011
4.000000e+003 2.160112e-008 3.746399e-011
4.005000e+003 2.152315e-008 3.729025e-011
4.010000e+003 2.144584e-008 3.711906e-011
4.015000e+003 2.136920e-008 3.695036e-011
4.020000e+003 2.129321e-008 3.678409e-011
4.025000e+003 2.121786e-008 3.662020e-011
4.030000e+003 2.114314e-008 3.645864e-011
4.035000e+003 2.106903e-008 3.629936e-011
4.040000e+003 2.099553e-008 3.614231e-011
4.045000e+003 2.092263e-008 3.598745e-011
4.050000e+003 2.085031e-008 3.583472e-011
4.055000e+003 2.077857e-008 3.568408e-011
4.060000e+003 2.070739e-008 3.553549e-011
4.065000e+003 2.063677e-008 3.538891e-011
4.070000e+003 2.056670e-008 3.524429e-011
4.075000e+003 2.049717e-008 3.510160e-011
4.080000e+003 2.042818e-008 3.496079e-011
4.085000e+003 2.035970e-008 3.482183e-011
4.090000e+003 2.029174e-008 3.468468e-011
4.095000e+003 2.022428e-008 3.454930e-011
4.100000e+003 2.015733e-008 3.441567e-011
4.105000e+003 2.009086e-008 3.428374e-011
4.110000e+003 2.002488e-008 3.415348e-011
4.115000e+003 1.995938e-008 3.402486e-011
4.120000e+003 1.989435e-008 3.389785e-011
4.125000e+003 1.982977e-008 3.377242e-011
4.130000e+003 1.976566e-008 3.364854e-011
4.135000e+003 1.970199e-008 3.352617e-011
4.140000e+003 1.963877e-008 3.340530e-011
4.145000e+003 1.957598e-008 3.328588e-011
4.150000e+003 1.951363e-008 3.316790e-011
4.155000e+003 1.945170e-008 3.305133e-011
4.160000e+003 1.939019e-008 3.293615e-011
4.165000e+003 1.932909e-008 3.282232e-011
4.170000e+003 1.926840e-008 3.270982e-011
4.175000e+003 1.920811e-008 3.259863e-011
4.180000e+003 1.914822e-008 3.248873e-011
4.185000e+003 1.908872e-008 3.238010e-011
4.190000e+003 1.902961e-008 3.227270e-011
4.195000e+003 1.897088e-008 3.216652e-011
4.200000e+003 1.891252e-008 3.206154e-011
4.205000e+003 1.885454e-008 3.195773e-011
4.210000e+003 1.879692e-008 3.185509e-011
4.215000e+003 1.873967e-008 3.175357e-011
4.220000e+003 1.868277e-008 3.165318e-011
4.225000e+003 1.862623e-008 3.155388e-011
4.230000e+003 1.857003e-008 3.145567e-011
4.235000e+003 1.851418e-008 3.135851e-011
4.240000e+003 1.845867e-008 3.126240e-011
4.245000e+003 1.840350e-008 3.116732e-011
4.250000e+003 1.834866e-008 3.107324e-011
4.255000e+003 1.829415e-008 3.098016e-011
4.260000e+003 1.823996e-008 3.088805e-011
4.265000e+003 1.818610e-008 3.079691e-011
4.270000e+003 1.813255e-008 3.070671e-011
4.275000e+003 1.807932e-008 3.061744e-011
4.280000e+003 1.802639e-008 3.052908e-011
4.285000e+003 1.797377e-008 3.044163e-011
4.290000e+003 1.792146e-008 3.035506e-011
4.295000e+003 1.786944e-008 3.026936e-011
4.300000e+003 1.781773e-008 3.018453e-011
4.305000e+003 1.776630e-008 3.010053e-011
4.310000e+003 1.771516e-008 3.001737e-011
4.315000e+003 1.766432e-008 2.993503e-011
4.320000e+003 1.761375e-008 2.985350e-011
4.325000e+003 1.756347e-008 2.977276e-011
4.330000e+003 1.751346e-008 2.969280e-011
4.335000e+003 1.746373e-008 2.961362e-011
4.340000e+003 1.741427e-008 2.953519e-011
4.345000e+003 1.736508e-008 2.945751e-011
4.350000e+003 1.731615e-008 2.938056e-011
4.355000e+003 1.726749e-008 2.930434e-011
4.360000e+003 1.721909e-008 2.922884e-011
4.365000e+003 1.717095e-008 2.915404e-011
4.370000e+003 1.712306e-008 2.907993e-011
4.375000e+003 1.707543e-008 2.900651e-011
4.380000e+003 1.702805e-008 2.893376e-011
4.385000e+003 1.698091e-008 2.886167e-011
4.390000e+003 1.693402e-008 2.879024e-011
4.395000e+003 1.688738e-008 2.871946e-011
4.400000e+003 1.684097e-008 2.864931e-011
4.405000e+003 1.679481e-008 2.857978e-011
4.410000e+003 1.674888e-008 2.851088e-011
4.415000e+003 1.670318e-008 2.844258e-011
4.420000e+003 1.665772e-008 2.837489e-011
4.425000e+003 1.661248e-008 2.830779e-011
4.430000e+003 1.656748e-008 2.824127e-011
4.435000e+003 1.652269e-008 2.817533e-011
4.440000e+003 1.647814e-008 2.810995e-011
4.445000e+003 1.643380e-008 2.804514e-011
4.450000e+003 1.638968e-008 2.798088e-011
4.455000e+003 1.634578e-008 2.791716e-011
4.460000e+003 1.630210e-008 2.785399e-011
4.465000e+003 1.625863e-008 2.779134e-011
4.470000e+003 1.621537e-008 2.772922e-011
4.475000e+003 1.617232e-008 2.766761e-011
4.480000e+003 1.612948e-008 2.760651e-011
4.485000e+003 1.608684e-008 2.754592e-011
4.490000e+003 1.604441e-008 2.748582e-011
4.495000e+003 1.600218e-008 2.742621e-011
4.500000e+003 1.596015e-008 2.736709e-011
4.505000e+003 1.591832e-008 2.730844e-011
4.510000e+003 1.587669e-008 2.725027e-011
4.515000e+003 1.583525e-008 2.719255e-011
4.520000e+003 1.579401e-008 2.713530e-011
4.525000e+003 1.575296e-008 2.707850e-011
4.530000e+003 1.571210e-008 2.702215e-011
4.535000e+003 1.567143e-008 2.696624e-011
4.540000e+003 1.563095e-008 2.691076e-011
4.545000e+003 1.559065e-008 2.685572e-011
4.550000e+003 1.555054e-008 2.680110e-011
4.555000e+003 1.551061e-008 2.674690e-011
4.560000e+003 1.547087e-008 2.669312e-011
4.565000e+003 1.543130e-008 2.663974e-011
4.570000e+003 1.539191e-008 2.658677e-011
4.575000e+003 1.535270e-008 2.653419e-011
4.580000e+003 1.531367e-008 2.648202e-011
4.585000e+003 1.527480e-008 2.643023e-011
4.590000e+003 1.523612e-008 2.637882e-011
4.595000e+003 1.519760e-008 2.632780e-011
4.600000e+003 1.515926e-008 2.627715e-011
4.605000e+003 1.512108e-008 2.622687e-011
4.610000e+003 1.508307e-008 2.617696e-011
4.615000e+003 1.504523e-008 2.612741e-011
4.620000e+003 1.500756e-008 2.607822e-011
4.625000e+003 1.497004e-008 2.602938e-011
4.630000e+003 1.493269e-008 2.598089e-011
4.635000e+003 1.489551e-008 2.593275e-011
4.640000e+003 1.485848e-008 2.588495e-011
4.645000e+003 1.482161e-008 2.583748e-011
4.650000e+003 1.478490e-008 2.579035e-011
4.655000e+003 1.474835e-008 2.574354e-011
4.660000e+003 1.471195e-008 2.569707e-011
4.665000e+003 1.467571e-008 2.565091e-011
4.670000e+003 1.463962e-008 2.560507e-011
4.675000e+003 1.460368e-008 2.555955e-011
4.680000e+003 1.456790e-008 2.551433e-011
4.685000e+003 1.453226e-008 2.546943e-011
4.690000e+003 1.449677e-008 2.542483e-011
4.695000e+003 1.446144e-008 2.538052e-011
4.700000e+003 1.442625e-008 2.533652e-011
4.705000e+003 1.439120e-008 2.529281e-011
4.710000e+003 1.435630e-008 2.524938e-011
4.715000e+003 1.432154e-008 2.520625e-011
4.720000e+003 1.428693e-008 2.516340e-011
4.725000e+003 1.425246e-008 2.512082e-011
4.730000e+003 1.421813e-008 2.507853e-011
4.735000e+003 1.418394e-008 2.503651e-011
4.740000e+003 1.414988e-008 2.499476e-011
4.745000e+003 1.411597e-008 2.495328e-011
4.750000e+003 1.408219e-008 2.491207e-011
4.755000e+003 1.404855e-008 2.487112e-011
4.760000e+003 1.401505e-008 2.483042e-011
4.765000e+003 1.398168e-008 2.478999e-011
4.770000e+003 1.394844e-008 2.474980e-011
4.775000e+003 1.391534e-008 2.470987e-011
4.780000e+003 1.388237e-008 2.467019e-011
4.785000e+003 1.384952e-008 2.463075e-011
4.790000e+003 1.381681e-008 2.459156e-011
4.795000e+003 1.378423e-008 2.455261e-011
4.800000e+003 1.375178e-008 2.451389e-011
4.805000e+003 1.371945e-008 2.447541e-011
4.810000e+003 1.368725e-008 2.443717e-011
4.815000e+003 1.365517e-008 2.439915e-011
4.820000e+003 1.362322e-008 2.436136e-011
4.825000e+003 1.359140e-008 2.432380e-011
4.830000e+003 1.355970e-008 2.428646e-011
4.835000e+003 1.352812e-008 2.424934e-011
4.840000e+003 1.349666e-008 2.421244e-011
4.845000e+003 1.346533e-008 2.417576e-011
4.850000e+003 1.343411e-008 2.413929e-011
4.855000e+003 1.340301e-008 2.410303e-011
4.860000e+003 1.337204e-008 2.406698e-011
4.865000e+003 1.334118e-008 2.403114e-011
4.870000e+003 1.331044e-008 2.399551e-011
4.875000e+003 1.327981e-008 2.396008e-011
4.880000e+003 1.324930e-008 2.392485e-011
4.885000e+003 1.321891e-008 2.388982e-011
4.890000e+003 1.318863e-008 2.385498e-011
4.895000e+003 1.315846e-008 2.382035e-011
4.900000e+003 1.312841e-008 2.378590e-011
4.905000e+003 1.309847e-008 2.375165e-011
4.910000e+003 1.306864e-008 2.371758e-011
4.915000e+003 1.303893e-008 2.368370e-011
4.920000e+003 1.300932e-008 2.365001e-011
4.925000e+003 1.297982e-008 2.361650e-011
4.930000e+003 1.295044e-008 2.358317e-011
4.935000e+003 1.292116e-008 2.355003e-011
4.940000e+003 1.289199e-008 2.351706e-011
4.945000e+003 1.286292e-008 2.348427e-011
4.950000e+003 1.283396e-008 2.345165e-011
4.955000e+003 1.280511e-008 2.341920e-011
4.960000e+003 1.277636e-008 2.338693e-011
4.965000e+003 1.274772e-008 2.335482e-011
4.970000e+003 1.271919e-008 2.332289e-011
4.975000e+003 1.269075e-008 2.329112e-011
4.980000e+003 1.266242e-008 2.325951e-011
4.985000e+003 1.263419e-008 2.322807e-011
4.990000e+003 1.260606e-008 2.319679e-011
4.995000e+003 1.257804e-008 2.316567e-011
5.000000e+003 1.255011e-008 2.313470e-011
5.005000e+003 1.252229e-008 2.310390e-011
5.010000e+003 1.249456e-008 2.307324e-011
5.015000e+003 1.246693e-008 2.304275e-011
5.020000e+003 1.243940e-008 2.301240e-011
5.025000e+003 1.241197e-008 2.298221e-011
5.030000e+003 1.238464e-008 2.295216e-011
5.035000e+003 1.235740e-008 2.292226e-011
5.040000e+003 1.233026e-008 2.289251e-011
5.045000e+003 1.230321e-008 2.286290e-011
5.050000e+003 1.227626e-008 2.283344e-011
5.055000e+003 1.224941e-008 2.280412e-011
5.060000e+003 1.222265e-008 2.277494e-011
5.065000e+003 1.219598e-008 2.274590e-011
5.070000e+003 1.216940e-008 2.271700e-011
5.075000e+003 1.214292e-008 2.268823e-011
5.080000e+003 1.211653e-008 2.265960e-011
5.085000e+003 1.209023e-008 2.263111e-011
5.090000e+003 1.206402e-008 2.260275e-011
5.095000e+003 1.203790e-008 2.257452e-011
5.100000e+003 1.201187e-008 2.254642e-011
5.105000e+003 1.198593e-008 2.251845e-011
5.110000e+003 1.196008e-008 2.249061e-011
5.115000e+003 1.193432e-008 2.246289e-011
5.120000e+003 1.190865e-008 2.243530e-011
5.125000e+003 1.188306e-008 2.240784e-011
5.130000e+003 1.185757e-008 2.238050e-011
5.135000e+003 1.183215e-008 2.235328e-011
5.140000e+003 1.180683e-008 2.232618e-011
5.145000e+003 1.178159e-008 2.229920e-011
5.150000e+003 1.175644e-008 2.227234e-011
5.155000e+003 1.173137e-008 2.224560e-011
5.160000e+003 1.170638e-008 2.221898e-011
5.165000e+003 1.168148e-008 2.219247e-011
5.170000e+003 1.165666e-008 2.216607e-011
5.175000e+003 1.163193e-008 2.213979e-011
5.180000e+003 1.160728e-008 2.211362e-011
5.185000e+003 1.158271e-008 2.208756e-011
5.190000e+003 1.155822e-008 2.206162e-011
5.195000e+003 1.153381e-008 2.203578e-011
5.200000e+003 1.150949e-008 2.201005e-011
5.205000e+003 1.148524e-008 2.198443e-011
5.210000e+003 1.146108e-008 2.195891e-011
5.215000e+003 1.143700e-008 2.193350e-011
5.220000e+003 1.141299e-008 2.190820e-011
5.225000e+003 1.138906e-008 2.188299e-011
5.230000e+003 1.136522e-008 2.185789e-011
5.235000e+003 1.134145e-008 2.183289e-011
5.240000e+003 1.131776e-008 2.180800e-011
5.245000e+003 1.129414e-008 2.178320e-011
5.250000e+003 1.127061e-008 2.175850e-011
5.255000e+003 1.124714e-008 2.173390e-011
5.260000e+003 1.122376e-008 2.170939e-011
5.265000e+003 1.120045e-008 2.168498e-011
5.270000e+003 1.117722e-008 2.166067e-011
5.275000e+003 1.115406e-008 2.163645e-011
5.280000e+003 1.113098e-008 2.161232e-011
5.285000e+003 1.110797e-008 2.158829e-011
5.290000e+003 1.108504e-008 2.156435e-011
5.295000e+003 1.106217e-008 2.154050e-011
5.300000e+003 1.103939e-008 2.151674e-011
5.305000e+003 1.101667e-008 2.149307e-011
5.310000e+003 1.099403e-008 2.146949e-011
5.315000e+003 1.097146e-008 2.144599e-011
5.320000e+003 1.094896e-008 2.142258e-011
5.325000e+003 1.092653e-008 2.139926e-011
5.330000e+003 1.090418e-008 2.137602e-011
5.335000e+003 1.088189e-008 2.135287e-011
5.340000e+003 1.085968e-008 2.132980e-011
5.345000e+003 1.083754e-008 2.130682e-011
5.350000e+003 1.081546e-008 2.128391e-011
5.355000e+003 1.079346e-008 2.126109e-011
5.360000e+003 1.077152e-008 2.123835e-011
5.365000e+003 1.074965e-008 2.121569e-011
5.370000e+003 1.072786e-008 2.119311e-011
5.375000e+003 1.070613e-008 2.117060e-011
5.380000e+003 1.068446e-008 2.114818e-011
5.385000e+003 1.066287e-008 2.112583e-011
5.390000e+003 1.064134e-008 2.110356e-011
5.395000e+003 1.061988e-008 2.108136e-011
5.400000e+003 1.059849e-008 2.105924e-011
5.405000e+003 1.057716e-008 2.103719e-011
5.410000e+003 1.055590e-008 2.101522e-011
5.415000e+003 1.053470e-008 2.099332e-011
5.420000e+003 1.051357e-008 2.097149e-011
5.425000e+003 1.049250e-008 2.094973e-011
5.430000e+003 1.047150e-008 2.092805e-011
5.435000e+003 1.045057e-008 2.090643e-011
5.440000e+003 1.042969e-008 2.088488e-011
5.445000e+003 1.040888e-008 2.086341e-011
5.450000e+003 1.038814e-008 2.084200e-011
5.455000e+003 1.036746e-008 2.082066e-011
5.460000e+003 1.034684e-008 2.079938e-011
5.465000e+003 1.032628e-008 2.077817e-011
5.470000e+003 1.030579e-008 2.075703e-011
5.475000e+003 1.028536e-008 2.073595e-011
5.480000e+003 1.026499e-008 2.071494e-011
5.485000e+003 1.024468e-008 2.069399e-011
5.490000e+003 1.022443e-008 2.067311e-011
5.495000e+003 1.020424e-008 2.065229e-011
5.500000e+003 1.018412e-008 2.063153e-011
5.505000e+003 1.016405e-008 2.061083e-011
5.510000e+003 1.014405e-008 2.059019e-011
5.515000e+003 1.012410e-008 2.056961e-011
5.520000e+003 1.010422e-008 2.054910e-011
5.525000e+003 1.008439e-008 2.052864e-011
5.530000e+003 1.006462e-008 2.050824e-011
5.535000e+003 1.004491e-008 2.048790e-011
5.540000e+003 1.002526e-008 2.046762e-011
5.545000e+003 1.000567e-008 2.044739e-011
5.550000e+003 9.986140e-009 2.042722e-011
5.555000e+003 9.966664e-009 2.040711e-011
5.560000e+003 9.947246e-009 2.038705e-011
5.565000e+003 9.927885e-009 2.036705e-011
5.570000e+003 9.908581e-009 2.034710e-011
5.575000e+003 9.889334e-009 2.032720e-011
5.580000e+003 9.870143e-009 2.030736e-011
5.585000e+003 9.851008e-009 2.028757e-011
5.590000e+003 9.831930e-009 2.026784e-011
5.595000e+003 9.812907e-009 2.024815e-011
5.600000e+003 9.793940e-009 2.022852e-011
5.605000e+003 9.775028e-009 2.020894e-011
5.610000e+003 9.756171e-009 2.018940e-011
5.615000e+003 9.737369e-009 2.016992e-011
5.620000e+003 9.718621e-009 2.015049e-011
5.625000e+003 9.699928e-009 2.013110e-011
5.630000e+003 9.681289e-009 2.011176e-011
5.635000e+003 9.662703e-009 2.009248e-011
5.640000e+003 9.644172e-009 2.007323e-011
5.645000e+003 9.625693e-009 2.005404e-011
5.650000e+003 9.607268e-009 2.003489e-011
5.655000e+003 9.588896e-009 2.001579e-011
5.660000e+003 9.570576e-009 1.999673e-011
5.665000e+003 9.552309e-009 1.997772e-011
5.670000e+003 9.534094e-009 1.995875e-011
5.675000e+003 9.515931e-009 1.993983e-011
5.680000e+003 9.497820e-009 1.992095e-011
5.685000e+003 9.479761e-009 1.990211e-011
5.690000e+003 9.461752e-009 1.988332e-011
5.695000e+003 9.443795e-009 1.986456e-011
5.700000e+003 9.425889e-009 1.984585e-011
5.705000e+003 9.408034e-009 1.982718e-011
5.710000e+003 9.390229e-009 1.980855e-011
5.715000e+003 9.372474e-009 1.978997e-011
5.720000e+003 9.354770e-009 1.977142e-011
5.725000e+003 9.337115e-009 1.975291e-011
5.730000e+003 9.319510e-009 1.973444e-011
5.735000e+003 9.301954e-009 1.971601e-011
5.740000e+003 9.284447e-009 1.969762e-011
5.745000e+003 9.266990e-009 1.967926e-011
5.750000e+003 9.249581e-009 1.966094e-011
5.755000e+003 9.232221e-009 1.964266e-011
5.760000e+003 9.214909e-009 1.962442e-011
5.765000e+003 9.197646e-009 1.960621e-011
5.770000e+003 9.180430e-009 1.958804e-011
5.775000e+003 9.163263e-009 1.956990e-011
5.780000e+003 9.146143e-009 1.955180e-011
5.785000e+003 9.129070e-009 1.953373e-011
5.790000e+003 9.112044e-009 1.951570e-011
5.795000e+003 9.095066e-009 1.949770e-011
5.800000e+003 9.078134e-009 1.947973e-011
5.805000e+003 9.061249e-009 1.946179e-011
5.810000e+003 9.044410e-009 1.944389e-011
5.815000e+003 9.027618e-009 1.942602e-011
5.820000e+003 9.010871e-009 1.940819e-011
5.825000e+003 8.994171e-009 1.939038e-011
5.830000e+003 8.977516e-009 1.937260e-011
5.835000e+003 8.960907e-009 1.935486e-011
5.840000e+003 8.944342e-009 1.933714e-011
5.845000e+003 8.927823e-009 1.931946e-011
5.850000e+003 8.911349e-009 1.930180e-011
5.855000e+003 8.894920e-009 1.928417e-011
5.860000e+003 8.878535e-009 1.926658e-011
5.865000e+003 8.862194e-009 1.924900e-011
5.870000e+003 8.845898e-009 1.923146e-011
5.875000e+003 8.829646e-009 1.921395e-011
5.880000e+003 8.813437e-009 1.919646e-011
5.885000e+003 8.797273e-009 1.917900e-011
5.890000e+003 8.781151e-009 1.916156e-011
5.895000e+003 8.765073e-009 1.914415e-011
5.900000e+003 8.749038e-009 1.912677e-011
5.905000e+003 8.733046e-009 1.910941e-011
5.910000e+003 8.717097e-009 1.909208e-011
5.915000e+003 8.701191e-009 1.907477e-011
5.920000e+003 8.685326e-009 1.905749e-011
5.925000e+003 8.669504e-009 1.904022e-011
5.930000e+003 8.653725e-009 1.902299e-011
5.935000e+003 8.637987e-009 1.900577e-011
5.940000e+003 8.622291e-009 1.898858e-011
5.945000e+003 8.606636e-009 1.897141e-011
5.950000e+003 8.591023e-009 1.895426e-011
5.955000e+003 8.575451e-009 1.893714e-011
5.960000e+003 8.559920e-009 1.892003e-011
5.965000e+003 8.544430e-009 1.890295e-011
5.970000e+003 8.528981e-009 1.888589e-011
5.975000e+003 8.513573e-009 1.886884e-011
5.980000e+003 8.498205e-009 1.885182e-011
5.985000e+003 8.482877e-009 1.883482e-011
5.990000e+003 8.467589e-009 1.881783e-011
5.995000e+003 8.452341e-009 1.880087e-011
6.000000e+003 8.437133e-009 1.878392e-011
6.005000e+003 8.421965e-009 1.876699e-011
6.010000e+003 8.406836e-009 1.875008e-011
6.015000e+003 8.391747e-009 1.873319e-011
6.020000e+003 8.376696e-009 1.871632e-011
6.025000e+003 8.361685e-009 1.869946e-011
6.030000e+003 8.346713e-009 1.868261e-011
6.035000e+003 8.331779e-009 1.866579e-011
6.040000e+003 8.316884e-009 1.864898e-011
6.045000e+003 8.302027e-009 1.863218e-011
6.050000e+003 8.287208e-009 1.861540e-011
6.055000e+003 8.272428e-009 1.859864e-011
6.060000e+003 8.257685e-009 1.858189e-011
6.065000e+003 8.242981e-009 1.856515e-011
6.070000e+003 8.228314e-009 1.854843e-011
6.075000e+003 8.213684e-009 1.853172e-011
6.080000e+003 8.199092e-009 1.851502e-011
6.085000e+003 8.184537e-009 1.849834e-011
6.090000e+003 8.170019e-009 1.848167e-011
6.095000e+003 8.155538e-009 1.846501e-011
6.100000e+003 8.141094e-009 1.844837e-011
6.105000e+003 8.126686e-009 1.843173e-011
6.110000e+003 8.112315e-009 1.841511e-011
6.115000e+003 8.097981e-009 1.839849e-011
6.120000e+003 8.083682e-009 1.838189e-011
6.125000e+003 8.069420e-009 1.836530e-011
6.130000e+003 8.055193e-009 1.834872e-011
6.135000e+003 8.041003e-009 1.833215e-011
6.140000e+003 8.026847e-009 1.831558e-011
6.145000e+003 8.012728e-009 1.829903e-011
6.150000e+003 7.998644e-009 1.828248e-011
6.155000e+003 7.984595e-009 1.826595e-011
6.160000e+003 7.970581e-009 1.824942e-011
6.165000e+003 7.956602e-009 1.823290e-011
6.170000e+003 7.942658e-009 1.821638e-011
6.175000e+003 7.928749e-009 1.819987e-011
6.180000e+003 7.914874e-009 1.818337e-011
6.185000e+003 7.901034e-009 1.816688e-011
6.190000e+003 7.887228e-009 1.815039e-011
6.195000e+003 7.873456e-009 1.813391e-011
6.200000e+003 7.859718e-009 1.811743e-011
6.205000e+003 7.846014e-009 1.810096e-011
6.210000e+003 7.832344e-009 1.808449e-011
6.215000e+003 7.818707e-009 1.806803e-011
6.220000e+003 7.805104e-009 1.805157e-011
6.225000e+003 7.791534e-009 1.803512e-011
6.230000e+003 7.777998e-009 1.801867e-011
6.235000e+003 7.764495e-009 1.800222e-011
6.240000e+003 7.751025e-009 1.798578e-011
6.245000e+003 7.737587e-009 1.796933e-011
6.250000e+003 7.724183e-009 1.795289e-011
6.255000e+003 7.710810e-009 1.793646e-011
6.260000e+003 7.697471e-009 1.792002e-011
6.265000e+003 7.684164e-009 1.790359e-011
6.270000e+003 7.670889e-009 1.788715e-011
6.275000e+003 7.657646e-009 1.787072e-011
6.280000e+003 7.644435e-009 1.785428e-011
6.285000e+003 7.631256e-009 1.783785e-011
6.290000e+003 7.618109e-009 1.782142e-011
6.295000e+003 7.604994e-009 1.780498e-011
6.300000e+003 7.591910e-009 1.778855e-011
6.305000e+003 7.578857e-009 1.777211e-011
6.310000e+003 7.565836e-009 1.775568e-011
6.315000e+003 7.552846e-009 1.773924e-011
6.320000e+003 7.539886e-009 1.772279e-011
6.325000e+003 7.526958e-009 1.770635e-011
6.330000e+003 7.514061e-009 1.768990e-011
6.335000e+003 7.501194e-009 1.767345e-011
6.340000e+003 7.488358e-009 1.765700e-011
6.345000e+003 7.475552e-009 1.764054e-011
6.350000e+003 7.462777e-009 1.762408e-011
6.355000e+003 7.450032e-009 1.760761e-011
6.360000e+003 7.437317e-009 1.759114e-011
6.365000e+003 7.424631e-009 1.757467e-011
6.370000e+003 7.411976e-009 1.755818e-011
6.375000e+003 7.399351e-009 1.754170e-011
6.380000e+003 7.386755e-009 1.752520e-011
6.385000e+003 7.374189e-009 1.750870e-011
6.390000e+003 7.361652e-009 1.749220e-011
6.395000e+003 7.349144e-009 1.747568e-011
6.400000e+003 7.336666e-009 1.745916e-011
6.405000e+003 7.324217e-009 1.744264e-011
6.410000e+003 7.311797e-009 1.742610e-011
6.415000e+003 7.299405e-009 1.740955e-011
6.420000e+003 7.287042e-009 1.739300e-011
6.425000e+003 7.274709e-009 1.737644e-011
6.430000e+003 7.262403e-009 1.735987e-011
6.435000e+003 7.250126e-009 1.734328e-011
6.440000e+003 7.237877e-009 1.732669e-011
6.445000e+003 7.225657e-009 1.731009e-011
6.450000e+003 7.213464e-009 1.729348e-011
6.455000e+003 7.201300e-009 1.727685e-011
6.460000e+003 7.189164e-009 1.726022e-011
6.465000e+003 7.177055e-009 1.724357e-011
6.470000e+003 7.164974e-009 1.722691e-011
6.475000e+003 7.152920e-009 1.721024e-011
6.480000e+003 7.140894e-009 1.719356e-011
6.485000e+003 7.128896e-009 1.717686e-011
6.490000e+003 7.116924e-009 1.716015e-011
6.495000e+003 7.104980e-009 1.714343e-011
6.500000e+003 7.093063e-009 1.712669e-011
6.505000e+003 7.081173e-009 1.710993e-011
6.510000e+003 7.069309e-009 1.709317e-011
6.515000e+003 7.057473e-009 1.707638e-011
6.520000e+003 7.045663e-009 1.705959e-011
6.525000e+003 7.033879e-009 1.704277e-011
6.530000e+003 7.022122e-009 1.702594e-011
6.535000e+003 7.010392e-009 1.700910e-011
6.540000e+003 6.998687e-009 1.699223e-011
6.545000e+003 6.987009e-009 1.697535e-011
6.550000e+003 6.975357e-009 1.695845e-011
6.555000e+003 6.963731e-009 1.694154e-011
6.560000e+003 6.952130e-009 1.692460e-011
6.565000e+003 6.940555e-009 1.690765e-011
6.570000e+003 6.929006e-009 1.689068e-011
6.575000e+003 6.917483e-009 1.687369e-011
6.580000e+003 6.905985e-009 1.685667e-011
6.585000e+003 6.894512e-009 1.683964e-011
6.590000e+003 6.883064e-009 1.682259e-011
6.595000e+003 6.871642e-009 1.680552e-011
6.600000e+003 6.860245e-009 1.678843e-011
6.605000e+003 6.848873e-009 1.677131e-011
6.610000e+003 6.837525e-009 1.675417e-011
6.615000e+003 6.826202e-009 1.673701e-011
6.620000e+003 6.814904e-009 1.671983e-011
6.625000e+003 6.803631e-009 1.670262e-011
6.630000e+003 6.792382e-009 1.668540e-011
6.635000e+003 6.781157e-009 1.666814e-011
6.640000e+003 6.769957e-009 1.665087e-011
6.645000e+003 6.758781e-009 1.663356e-011
6.650000e+003 6.747629e-009 1.661624e-011
6.655000e+003 6.736501e-009 1.659888e-011
6.660000e+003 6.725397e-009 1.658151e-011
6.665000e+003 6.714317e-009 1.656410e-011
6.670000e+003 6.703260e-009 1.654667e-011
6.675000e+003 6.692227e-009 1.652921e-011
6.680000e+003 6.681218e-009 1.651173e-011
6.685000e+003 6.670232e-009 1.649422e-011
6.690000e+003 6.659269e-009 1.647668e-011
6.695000e+003 6.648330e-009 1.645911e-011
6.700000e+003 6.637414e-009 1.644151e-011
6.705000e+003 6.626521e-009 1.642388e-011
6.710000e+003 6.615651e-009 1.640622e-011
6.715000e+003 6.604804e-009 1.638853e-011
6.720000e+003 6.593980e-009 1.637081e-011
6.725000e+003 6.583178e-009 1.635307e-011
6.730000e+003 6.572399e-009 1.633528e-011
6.735000e+003 6.561643e-009 1.631747e-011
6.740000e+003 6.550909e-009 1.629963e-011
6.745000e+003 6.540197e-009 1.628175e-011
6.750000e+003 6.529508e-009 1.626384e-011
6.755000e+003 6.518841e-009 1.624589e-011
6.760000e+003 6.508196e-009 1.622791e-011
6.765000e+003 6.497573e-009 1.620990e-011
6.770000e+003 6.486972e-009 1.619185e-011
6.775000e+003 6.476393e-009 1.617377e-011
6.780000e+003 6.465835e-009 1.615565e-011
6.785000e+003 6.455300e-009 1.613749e-011
6.790000e+003 6.444785e-009 1.611930e-011
6.795000e+003 6.434293e-009 1.610107e-011
6.800000e+003 6.423821e-009 1.608280e-011
6.805000e+003 6.413371e-009 1.606450e-011
6.810000e+003 6.402943e-009 1.604615e-011
6.815000e+003 6.392535e-009 1.602777e-011
6.820000e+003 6.382149e-009 1.600935e-011
6.825000e+003 6.371783e-009 1.599089e-011
6.830000e+003 6.361438e-009 1.597238e-011
6.835000e+003 6.351114e-009 1.595384e-011
6.840000e+003 6.340811e-009 1.593525e-011
6.845000e+003 6.330529e-009 1.591663e-011
6.850000e+003 6.320267e-009 1.589796e-011
6.855000e+003 6.310025e-009 1.587924e-011
6.860000e+003 6.299804e-009 1.586049e-011
6.865000e+003 6.289603e-009 1.584169e-011
6.870000e+003 6.279422e-009 1.582285e-011
6.875000e+003 6.269262e-009 1.580396e-011
6.880000e+003 6.259121e-009 1.578502e-011
6.885000e+003 6.249000e-009 1.576604e-011
6.890000e+003 6.238900e-009 1.574702e-011
6.895000e+003 6.228819e-009 1.572794e-011
6.900000e+003 6.218758e-009 1.570882e-011
6.905000e+003 6.208716e-009 1.568965e-011
6.910000e+003 6.198694e-009 1.567044e-011
6.915000e+003 6.188691e-009 1.565117e-011
6.920000e+003 6.178708e-009 1.563185e-011
6.925000e+003 6.168744e-009 1.561249e-011
6.930000e+003 6.158799e-009 1.559307e-011
6.935000e+003 6.148874e-009 1.557360e-011
6.940000e+003 6.138967e-009 1.555408e-011
6.945000e+003 6.129079e-009 1.553451e-011
6.950000e+003 6.119211e-009 1.551488e-011
6.955000e+003 6.109361e-009 1.549521e-011
6.960000e+003 6.099529e-009 1.547547e-011
6.965000e+003 6.089717e-009 1.545569e-011
6.970000e+003 6.079923e-009 1.543584e-011
6.975000e+003 6.070147e-009 1.541594e-011
6.980000e+003 6.060390e-009 1.539599e-011
6.985000e+003 6.050651e-009 1.537598e-011
6.990000e+003 6.040930e-009 1.535591e-011
6.995000e+003 6.031227e-009 1.533578e-011
7.000000e+003 6.021543e-009 1.531559e-011
7.005000e+003 6.011876e-009 1.529535e-011
7.010000e+003 6.002228e-009 1.527504e-011
7.015000e+003 5.992597e-009 1.525467e-011
7.020000e+003 5.982984e-009 1.523425e-011
7.025000e+003 5.973388e-009 1.521376e-011
7.030000e+003 5.963810e-009 1.519320e-011
7.035000e+003 5.954250e-009 1.517259e-011
7.040000e+003 5.944707e-009 1.515191e-011
7.045000e+003 5.935181e-009 1.513116e-011
7.050000e+003 5.925672e-009 1.511035e-011
7.055000e+003 5.916181e-009 1.508948e-011
7.060000e+003 5.906707e-009 1.506853e-011
7.065000e+003 5.897250e-009 1.504752e-011
7.070000e+003 5.887809e-009 1.502645e-011
7.075000e+003 5.878386e-009 1.500530e-011
7.080000e+003 5.868979e-009 1.498408e-011
7.085000e+003 5.859589e-009 1.496280e-011
7.090000e+003 5.850216e-009 1.494144e-011
7.095000e+003 5.840859e-009 1.492001e-011
7.100000e+003 5.831518e-009 1.489851e-011
7.105000e+003 5.822194e-009 1.487694e-011
7.110000e+003 5.812886e-009 1.485529e-011
7.115000e+003 5.803595e-009 1.483357e-011
7.120000e+003 5.794319e-009 1.481177e-011
7.125000e+003 5.785059e-009 1.478990e-011
7.130000e+003 5.775816e-009 1.476795e-011
7.135000e+003 5.766588e-009 1.474592e-011
7.140000e+003 5.757376e-009 1.472382e-011
7.145000e+003 5.748180e-009 1.470163e-011
7.150000e+003 5.738999e-009 1.467937e-011
7.155000e+003 5.729834e-009 1.465702e-011
7.160000e+003 5.720685e-009 1.463459e-011
7.165000e+003 5.711550e-009 1.461208e-011
7.170000e+003 5.702431e-009 1.458949e-011
7.175000e+003 5.693328e-009 1.456681e-011
7.180000e+003 5.684239e-009 1.454405e-011
7.185000e+003 5.675165e-009 1.452120e-011
7.190000e+003 5.666107e-009 1.449827e-011
7.195000e+003 5.657063e-009 1.447525e-011
7.200000e+003 5.648034e-009 1.445214e-011
7.205000e+003 5.639020e-009 1.442894e-011
7.210000e+003 5.630021e-009 1.440565e-011
7.215000e+003 5.621036e-009 1.438227e-011
7.220000e+003 5.612065e-009 1.435879e-011
7.225000e+003 5.603109e-009 1.433523e-011
7.230000e+003 5.594167e-009 1.431157e-011
7.235000e+003 5.585240e-009 1.428781e-011
7.240000e+003 5.576327e-009 1.426396e-011
7.245000e+003 5.567427e-009 1.424001e-011
7.250000e+003 5.558542e-009 1.421597e-011
7.255000e+003 5.549670e-009 1.419182e-011
7.260000e+003 5.540813e-009 1.416758e-011
7.265000e+003 5.531969e-009 1.414324e-011
7.270000e+003 5.523139e-009 1.411879e-011
7.275000e+003 5.514322e-009 1.409424e-011
7.280000e+003 5.505519e-009 1.406959e-011
7.285000e+003 5.496729e-009 1.404483e-011
7.290000e+003 5.487952e-009 1.401997e-011
7.295000e+003 5.479189e-009 1.399500e-011
7.300000e+003 5.470439e-009 1.396992e-011
7.305000e+003 5.461702e-009 1.394473e-011
7.310000e+003 5.452978e-009 1.391943e-011
7.315000e+003 5.444266e-009 1.389402e-011
7.320000e+003 5.435568e-009 1.386850e-011
7.325000e+003 5.426882e-009 1.384286e-011
7.330000e+003 5.418209e-009 1.381711e-011
7.335000e+003 5.409549e-009 1.379124e-011
7.340000e+003 5.400901e-009 1.376526e-011
7.345000e+003 5.392265e-009 1.373916e-011
7.350000e+003 5.383641e-009 1.371293e-011
7.355000e+003 5.375030e-009 1.368659e-011
7.360000e+003 5.366431e-009 1.366012e-011
7.365000e+003 5.357843e-009 1.363353e-011
7.370000e+003 5.349268e-009 1.360682e-011
7.375000e+003 5.340705e-009 1.357998e-011
7.380000e+003 5.332153e-009 1.355301e-011
7.385000e+003 5.323613e-009 1.352592e-011
7.390000e+003 5.315084e-009 1.349869e-011
7.395000e+003 5.306567e-009 1.347133e-011
7.400000e+003 5.298062e-009 1.344384e-011
7.405000e+003 5.289567e-009 1.341622e-011
7.410000e+003 5.281084e-009 1.338846e-011
7.415000e+003 5.272612e-009 1.336056e-011
7.420000e+003 5.264151e-009 1.333253e-011
7.425000e+003 5.255701e-009 1.330436e-011
7.430000e+003 5.247262e-009 1.327604e-011
7.435000e+003 5.238833e-009 1.324758e-011
7.440000e+003 5.230415e-009 1.321898e-011
7.445000e+003 5.222008e-009 1.319023e-011
7.450000e+003 5.213611e-009 1.316134e-011
7.455000e+003 5.205224e-009 1.313229e-011
7.460000e+003 5.196848e-009 1.310310e-011
7.465000e+003 5.188482e-009 1.307375e-011
7.470000e+003 5.180126e-009 1.304425e-011
7.475000e+003 5.171779e-009 1.301460e-011
7.480000e+003 5.163443e-009 1.298479e-011
7.485000e+003 5.155117e-009 1.295482e-011
7.490000e+003 5.146800e-009 1.292468e-011
7.495000e+003 5.138492e-009 1.289439e-011
7.500000e+003 5.130195e-009 1.286394e-011
7.505000e+003 5.121906e-009 1.283331e-011
7.510000e+003 5.113627e-009 1.280252e-011
7.515000e+003 5.105357e-009 1.277157e-011
7.520000e+003 5.097096e-009 1.274044e-011
7.525000e+003 5.088844e-009 1.270913e-011
7.530000e+003 5.080601e-009 1.267766e-011
7.535000e+003 5.072366e-009 1.264600e-011
7.540000e+003 5.064140e-009 1.261417e-011
7.545000e+003 5.055923e-009 1.258216e-011
7.550000e+003 5.047714e-009 1.254997e-011
7.555000e+003 5.039514e-009 1.251759e-011
7.560000e+003 5.031321e-009 1.248502e-011
7.565000e+003 5.023137e-009 1.245227e-011
7.570000e+003 5.014961e-009 1.241932e-011
7.575000e+003 5.006792e-009 1.238619e-011
7.580000e+003 4.998632e-009 1.235285e-011
7.585000e+003 4.990479e-009 1.231932e-011
7.590000e+003 4.982333e-009 1.228559e-011
7.595000e+003 4.974195e-009 1.225166e-011
7.600000e+003 4.966065e-009 1.221753e-011
7.605000e+003 4.957941e-009 1.218319e-011
7.610000e+003 4.949825e-009 1.214864e-011
7.615000e+003 4.941715e-009 1.211388e-011
7.620000e+003 4.933613e-009 1.207891e-011
7.625000e+003 4.925517e-009 1.204372e-011
7.630000e+003 4.917427e-009 1.200831e-011
7.635000e+003 4.909344e-009 1.197269e-011
7.640000e+003 4.901268e-009 1.193684e-011
7.645000e+003 4.893198e-009 1.190076e-011
7.650000e+003 4.885133e-009 1.186445e-011
7.655000e+003 4.877075e-009 1.182792e-011
7.660000e+003 4.869023e-009 1.179115e-011
7.665000e+003 4.860976e-009 1.175414e-011
7.670000e+003 4.852935e-009 1.171690e-011
7.675000e+003 4.844899e-009 1.167941e-011
7.680000e+003 4.836869e-009 1.164168e-011
7.685000e+003 4.828844e-009 1.160370e-011
7.690000e+003 4.820824e-009 1.156547e-011
7.695000e+003 4.812808e-009 1.152699e-011
7.700000e+003 4.804798e-009 1.148825e-011
7.705000e+003 4.796792e-009 1.144925e-011
7.710000e+003 4.788791e-009 1.140999e-011
7.715000e+003 4.780794e-009 1.137046e-011
7.720000e+003 4.772801e-009 1.133066e-011
7.725000e+003 4.764812e-009 1.129059e-011
7.730000e+003 4.756827e-009 1.125024e-011
7.735000e+003 4.748846e-009 1.120962e-011
7.740000e+003 4.740869e-009 1.116871e-011
7.745000e+003 4.732895e-009 1.112751e-011
7.750000e+003 4.724924e-009 1.108603e-011
7.755000e+003 4.716957e-009 1.104425e-011
7.760000e+003 4.708992e-009 1.100218e-011
7.765000e+003 4.701031e-009 1.095981e-011
7.770000e+003 4.693072e-009 1.091713e-011
7.775000e+003 4.685115e-009 1.087414e-011
7.780000e+003 4.677161e-009 1.083084e-011
7.785000e+003 4.669209e-009 1.078723e-011
7.790000e+003 4.661259e-009 1.074330e-011
7.795000e+003 4.653311e-009 1.069904e-011
7.800000e+003 4.645364e-009 1.065445e-011
7.805000e+003 4.637419e-009 1.060954e-011
7.810000e+003 4.629476e-009 1.056428e-011
7.815000e+003 4.621533e-009 1.051869e-011
7.820000e+003 4.613591e-009 1.047275e-011
7.825000e+003 4.605651e-009 1.042646e-011
7.830000e+003 4.597710e-009 1.037982e-011
7.835000e+003 4.589771e-009 1.033282e-011
7.840000e+003 4.581831e-009 1.028545e-011
7.845000e+003 4.573891e-009 1.023772e-011
7.850000e+003 4.565951e-009 1.018961e-011
7.855000e+003 4.558011e-009 1.014112e-011
7.860000e+003 4.550070e-009 1.009226e-011
7.865000e+003 4.542129e-009 1.004300e-011
7.870000e+003 4.534186e-009 9.993351e-012
7.875000e+003 4.526242e-009 9.943302e-012
7.880000e+003 4.518297e-009 9.892850e-012
7.885000e+003 4.510350e-009 9.841988e-012
7.890000e+003 4.502401e-009 9.790710e-012
7.895000e+003 4.494450e-009 9.739012e-012
7.900000e+003 4.486497e-009 9.686888e-012
7.905000e+003 4.478541e-009 9.634330e-012
7.910000e+003 4.470583e-009 9.581334e-012
7.915000e+003 4.462621e-009 9.527894e-012
7.920000e+003 4.454656e-009 9.474003e-012
7.925000e+003 4.446688e-009 9.419654e-012
7.930000e+003 4.438716e-009 9.364842e-012
7.935000e+003 4.430740e-009 9.309560e-012
7.940000e+003 4.422759e-009 9.253801e-012
7.945000e+003 4.414774e-009 9.197559e-012
7.950000e+003 4.406785e-009 9.140825e-012
7.955000e+003 4.398790e-009 9.083595e-012
7.960000e+003 4.390790e-009 9.025859e-012
7.965000e+003 4.382784e-009 8.967612e-012
7.970000e+003 4.374773e-009 8.908844e-012
7.975000e+003 4.366755e-009 8.849550e-012
7.980000e+003 4.358731e-009 8.789720e-012
7.985000e+003 4.350700e-009 8.729348e-012
7.990000e+003 4.342662e-009 8.668425e-012
7.995000e+003 4.334616e-009 8.606942e-012
8.000000e+003 4.326563e-009 8.544892e-012
8.005000e+003 4.318502e-009 8.482267e-012
8.010000e+003 4.310432e-009 8.419055e-012
8.015000e+003 4.302354e-009 8.355251e-012
8.020000e+003 4.294267e-009 8.290844e-012
8.025000e+003 4.286171e-009 8.225825e-012
8.030000e+003 4.278065e-009 8.160184e-012
8.035000e+003 4.269949e-009 8.093913e-012
8.040000e+003 4.261822e-009 8.027000e-012
8.045000e+003 4.253685e-009 7.959437e-012
8.050000e+003 4.245536e-009 7.891213e-012
8.055000e+003 4.237376e-009 7.822317e-012
8.060000e+003 4.229205e-009 7.752739e-012
8.065000e+003 4.221020e-009 7.682467e-012
8.070000e+003 4.212824e-009 7.611492e-012
8.075000e+003 4.204614e-009 7.539801e-012
8.080000e+003 4.196390e-009 7.467383e-012
8.085000e+003 4.188153e-009 7.394226e-012
8.090000e+003 4.179901e-009 7.320318e-012
8.095000e+003 4.171634e-009 7.245647e-012
8.100000e+003 4.163352e-009 7.170200e-012
8.105000e+003 4.155054e-009 7.093963e-012
8.110000e+003 4.146740e-009 7.016925e-012
8.115000e+003 4.138410e-009 6.939071e-012
8.120000e+003 4.130062e-009 6.860388e-012
8.125000e+003 4.121696e-009 6.780861e-012
8.130000e+003 4.113313e-009 6.700477e-012
8.135000e+003 4.104910e-009 6.619220e-012
8.140000e+003 4.096488e-009 6.537075e-012
8.145000e+003 4.088047e-009 6.454028e-012
8.150000e+003 4.079585e-009 6.370061e-012
8.155000e+003 4.071102e-009 6.285160e-012
8.160000e+003 4.062597e-009 6.199308e-012
8.165000e+003 4.054070e-009 6.112487e-012
8.170000e+003 4.045521e-009 6.024681e-012
8.175000e+003 4.036948e-009 5.935871e-012
8.180000e+003 4.028352e-009 5.846040e-012
8.185000e+003 4.019730e-009 5.755170e-012
8.190000e+003 4.011083e-009 5.663240e-012
8.195000e+003 4.002411e-009 5.570232e-012
8.200000e+003 3.993711e-009 5.476126e-012
8.205000e+003 3.984984e-009 5.380901e-012
8.210000e+003 3.976229e-009 5.284536e-012
8.215000e+003 3.967446e-009 5.187011e-012
8.220000e+003 3.958632e-009 5.088302e-012
8.225000e+003 3.949788e-009 4.988387e-012
8.230000e+003 3.940913e-009 4.887245e-012
8.235000e+003 3.932005e-009 4.784849e-012
8.240000e+003 3.923065e-009 4.681177e-012
8.245000e+003 3.914091e-009 4.576203e-012
8.250000e+003 3.905082e-009 4.469901e-012
8.255000e+003 3.896038e-009 4.362246e-012
8.260000e+003 3.886957e-009 4.253211e-012
8.265000e+003 3.877839e-009 4.142767e-012
8.270000e+003 3.868682e-009 4.030887e-012
8.275000e+003 3.859485e-009 3.917540e-012
8.280000e+003 3.850249e-009 3.802698e-012
8.285000e+003 3.840970e-009 3.686329e-012
8.290000e+003 3.831649e-009 3.568402e-012
8.295000e+003 3.822284e-009 3.448885e-012
8.300000e+003 3.812874e-009 3.327743e-012
8.305000e+003 3.803418e-009 3.204942e-012
8.310000e+003 3.793915e-009 3.080448e-012
8.315000e+003 3.784363e-009 2.954223e-012
8.320000e+003 3.774761e-009 2.826231e-012
8.325000e+003 3.765108e-009 2.696433e-012
8.330000e+003 3.755403e-009 2.564789e-012
8.335000e+003 3.745643e-009 2.431258e-012
8.340000e+003 3.735828e-009 2.295799e-012
8.345000e+003 3.725956e-009 2.158369e-012
8.350000e+003 3.716026e-009 2.018923e-012
8.355000e+003 3.706036e-009 1.877414e-012
8.360000e+003 3.695984e-009 1.733797e-012
8.365000e+003 3.685869e-009 1.588022e-012
8.370000e+003 3.675689e-009 1.440038e-012
8.375000e+003 3.665442e-009 1.289796e-012
8.380000e+003 3.655127e-009 1.137239e-012
8.385000e+003 3.644741e-009 9.823153e-013
8.390000e+003 3.634283e-009 8.249662e-013
8.395000e+003 3.623750e-009 6.651330e-013
8.400000e+003 3.613141e-009 5.027563e-013
8.405000e+003 3.602453e-009 3.377729e-013
8.410000e+003 3.591685e-009 1.701178e-013
8.415000e+003 3.580833e-009 -2.747726e-016
8.420000e+003 3.569896e-009 -1.734747e-013
8.425000e+003 3.558872e-009 -3.495529e-013
8.430000e+003 3.547757e-009 -5.285830e-013
8.435000e+003 3.536549e-009 -7.106412e-013
8.440000e+003 3.525245e-009 -8.958067e-013
8.445000e+003 3.513843e-009 -1.084161e-012
8.450000e+003 3.502339e-009 -1.275788e-012
8.455000e+003 3.490732e-009 -1.470776e-012
8.460000e+003 3.479017e-009 -1.669216e-012
8.465000e+003 3.467191e-009 -1.871201e-012
8.470000e+003 3.455252e-009 -2.076829e-012
8.475000e+003 3.443196e-009 -2.286201e-012
8.480000e+003 3.431018e-009 -2.499422e-012
8.485000e+003 3.418716e-009 -2.716601e-012
8.490000e+003 3.406286e-009 -2.937849e-012
8.495000e+003 3.393723e-009 -3.163285e-012
8.500000e+003 3.381025e-009 -3.393029e-012
8.505000e+003 3.368185e-009 -3.627210e-012
8.510000e+003 3.355200e-009 -3.865957e-012
8.515000e+003 3.342065e-009 -4.109408e-012
8.520000e+003 3.328776e-009 -4.357706e-012
8.525000e+003 3.315327e-009 -4.610995e-012
8.530000e+003 3.301713e-009 -4.869433e-012
8.535000e+003 3.287929e-009 -5.133180e-012
8.540000e+003 3.273969e-009 -5.402402e-012
8.545000e+003 3.259827e-009 -5.677273e-012
8.550000e+003 3.245497e-009 -5.957976e-012
8.555000e+003 3.230973e-009 -6.244700e-012
8.560000e+003 3.216247e-009 -6.537641e-012
8.565000e+003 3.201314e-009 -6.837009e-012
8.570000e+003 3.186165e-009 -7.143018e-012
8.575000e+003 3.170793e-009 -7.455894e-012
8.580000e+003 3.155190e-009 -7.775870e-012
8.585000e+003 3.139347e-009 -8.103199e-012
8.590000e+003 3.123257e-009 -8.438135e-012
8.595000e+003 3.106909e-009 -8.780950e-012
8.600000e+003 3.090294e-009 -9.131929e-012
8.605000e+003 3.073403e-009 -9.491366e-012
8.610000e+003 3.056224e-009 -9.859577e-012
8.615000e+003 3.038746e-009 -1.023689e-011
8.620000e+003 3.020959e-009 -1.062364e-011
8.625000e+003 3.002848e-009 -1.102020e-011
8.630000e+003 2.984403e-009 -1.142694e-011
8.635000e+003 2.965609e-009 -1.184428e-011
8.640000e+003 2.946452e-009 -1.227262e-011
8.645000e+003 2.926917e-009 -1.271241e-011
8.650000e+003 2.906988e-009 -1.316412e-011
8.655000e+003 2.886649e-009 -1.362825e-011
8.660000e+003 2.865881e-009 -1.410532e-011
8.665000e+003 2.844667e-009 -1.459587e-011
8.670000e+003 2.822986e-009 -1.510050e-011
8.675000e+003 2.800818e-009 -1.561982e-011
8.680000e+003 2.778140e-009 -1.615448e-011
8.685000e+003 2.754929e-009 -1.670518e-011
8.690000e+003 2.731161e-009 -1.727265e-011
8.695000e+003 2.706809e-009 -1.785769e-011
8.700000e+003 2.681844e-009 -1.846111e-011
8.705000e+003 2.656237e-009 -1.908380e-011
8.710000e+003 2.629957e-009 -1.972672e-011
8.715000e+003 2.602968e-009 -2.039085e-011
8.720000e+003 2.575236e-009 -2.107727e-011
8.725000e+003 2.546721e-009 -2.178713e-011
8.730000e+003 2.517382e-009 -2.252166e-011
8.735000e+003 2.487174e-009 -2.328217e-011
8.740000e+003 2.456051e-009 -2.407006e-011
8.745000e+003 2.423961e-009 -2.488685e-011
8.750000e+003 2.390849e-009 -2.573416e-011
8.755000e+003 2.356656e-009 -2.661375e-011
8.760000e+003 2.321319e-009 -2.752749e-011
8.765000e+003 2.284769e-009 -2.847742e-011
8.770000e+003 2.246932e-009 -2.946574e-011
8.775000e+003 2.207727e-009 -3.049483e-011
8.780000e+003 2.167067e-009 -3.156728e-011
8.785000e+003 2.124858e-009 -3.268589e-011
8.790000e+003 2.080997e-009 -3.385371e-011
8.795000e+003 2.035371e-009 -3.507407e-011
8.800000e+003 1.987858e-009 -3.635060e-011
8.805000e+003 1.938323e-009 -3.768730e-011
8.810000e+003 1.886620e-009 -3.908850e-011
8.815000e+003 1.832586e-009 -4.055903e-011
8.820000e+003 1.776043e-009 -4.210414e-011
8.825000e+003 1.716795e-009 -4.372968e-011
8.830000e+003 1.654623e-009 -4.544211e-011
8.835000e+003 1.589287e-009 -4.724859e-011
8.840000e+003 1.520515e-009 -4.915710e-011
8.845000e+003 1.448010e-009 -5.117655e-011
8.850000e+003 1.371432e-009 -5.331692e-011
8.855000e+003 1.290406e-009 -5.558940e-011
8.860000e+003 1.204503e-009 -5.800666e-011
8.865000e+003 1.113242e-009 -6.058297e-011
8.870000e+003 1.016075e-009 -6.333458e-011
8.875000e+003 9.123761e-010 -6.628005e-011
8.880000e+003 8.014281e-010 -6.944062e-011
8.885000e+003 6.824053e-010 -7.284078e-011
8.890000e+003 5.543521e-010 -7.650886e-011
8.895000e+003 4.161561e-010 -8.047782e-011
8.900000e+003 2.665128e-010 -8.478634e-011
8.905000e+003 1.038871e-010 -8.947993e-011
8.910000e+003 -7.354577e-011 -9.461267e-011
8.915000e+003 -2.679675e-010 -1.002492e-010
8.920000e+003 -4.820117e-010 -1.064677e-010
8.925000e+003 -7.188837e-010 -1.133631e-010
8.930000e+003 -9.825300e-010 -1.210524e-010
8.935000e+003 -1.277859e-009 -1.296811e-010
8.940000e+003 -1.611058e-009 -1.394326e-010
8.945000e+003 -1.990035e-009 -1.505414e-010
8.950000e+003 -2.425073e-009 -1.633122e-010
8.955000e+003 -2.929763e-009 -1.781480e-010
8.960000e+003 -3.522504e-009 -1.955941e-010
8.965000e+003 -4.228773e-009 -2.164058e-010
8.970000e+003 -5.084936e-009 -2.416612e-010
8.975000e+003 -6.144755e-009 -2.729538e-010
8.980000e+003 -7.491171e-009 -3.127425e-010
8.985000e+003 -9.259251e-009 -3.650310e-010
8.990000e+003 -1.168474e-008 -4.368077e-010
8.995000e+003 -1.521939e-008 -5.414641e-010
9.000000e+003 -2.085177e-008 -7.083053e-010
9.005000e+003 -3.124182e-008 -1.016181e-009
9.010000e+003 -5.683899e-008 -1.774852e-009
9.015000e+003 -2.223196e-007 -6.680175e-009
9.020000e+003 1.341408e-007 3.886728e-009
9.025000e+003 5.431343e-008 1.520477e-009
9.030000e+003 3.509415e-008 9.508697e-010
9.035000e+003 2.644980e-008 6.947417e-010
9.040000e+003 2.153444e-008 5.491539e-010
9.045000e+003 1.836247e-008 4.552465e-010
9.050000e+003 1.614552e-008 3.896492e-010
9.055000e+003 1.450829e-008 3.412367e-010
9.060000e+003 1.324936e-008 3.040379e-010
9.065000e+003 1.225092e-008 2.745611e-010
9.070000e+003 1.143949e-008 2.506278e-010
9.075000e+003 1.076685e-008 2.308084e-010
9.080000e+003 1.020005e-008 2.141262e-010
9.085000e+003 9.715797e-009 1.998908e-010
9.090000e+003 9.297170e-009 1.876007e-010
9.095000e+003 8.931578e-009 1.768825e-010
9.100000e+003 8.609459e-009 1.674528e-010
9.105000e+003 8.323417e-009 1.590924e-010
9.110000e+003 8.067645e-009 1.516290e-010
9.115000e+003 7.837519e-009 1.449257e-010
9.120000e+003 7.629312e-009 1.388720e-010
9.125000e+003 7.439983e-009 1.333777e-010
9.130000e+003 7.267034e-009 1.283687e-010
9.135000e+003 7.108384e-009 1.237835e-010
9.140000e+003 6.962294e-009 1.195703e-010
9.145000e+003 6.827294e-009 1.156857e-010
9.150000e+003 6.702136e-009 1.120927e-010
9.155000e+003 6.585753e-009 1.087596e-010
9.160000e+003 6.477224e-009 1.056591e-010
9.165000e+003 6.375757e-009 1.027678e-010
9.170000e+003 6.280661e-009 1.000651e-010
9.175000e+003 6.191330e-009 9.753316e-011
9.180000e+003 6.107237e-009 9.515628e-011
9.185000e+003 6.027915e-009 9.292061e-011
9.190000e+003 5.952950e-009 9.081394e-011
9.195000e+003 5.881977e-009 8.882540e-011
9.200000e+003 5.814669e-009 8.694531e-011
9.205000e+003 5.750734e-009 8.516504e-011
9.210000e+003 5.689912e-009 8.347683e-011
9.215000e+003 5.631966e-009 8.187372e-011
9.220000e+003 5.576686e-009 8.034942e-011
9.225000e+003 5.523879e-009 7.889825e-011
9.230000e+003 5.473372e-009 7.751507e-011
9.235000e+003 5.425007e-009 7.619520e-011
9.240000e+003 5.378641e-009 7.493439e-011
9.245000e+003 5.334142e-009 7.372876e-011
9.250000e+003 5.291392e-009 7.257476e-011
9.255000e+003 5.250279e-009 7.146912e-011
9.260000e+003 5.210704e-009 7.040888e-011
9.265000e+003 5.172574e-009 6.939129e-011
9.270000e+003 5.135804e-009 6.841381e-011
9.275000e+003 5.100314e-009 6.747413e-011
9.280000e+003 5.066033e-009 6.657009e-011
9.285000e+003 5.032894e-009 6.569968e-011
9.290000e+003 5.000833e-009 6.486107e-011
9.295000e+003 4.969793e-009 6.405255e-011
9.300000e+003 4.939720e-009 6.327251e-011
9.305000e+003 4.910564e-009 6.251948e-011
9.310000e+003 4.882279e-009 6.179207e-011
9.315000e+003 4.854821e-009 6.108900e-011
9.320000e+003 4.828149e-009 6.040905e-011
9.325000e+003 4.802226e-009 5.975112e-011
9.330000e+003 4.777016e-009 5.911413e-011
9.335000e+003 4.752485e-009 5.849711e-011
9.340000e+003 4.728603e-009 5.789912e-011
9.345000e+003 4.705339e-009 5.731930e-011
9.350000e+003 4.682667e-009 5.675683e-011
9.355000e+003 4.660560e-009 5.621094e-011
9.360000e+003 4.638994e-009 5.568091e-011
9.365000e+003 4.617945e-009 5.516605e-011
9.370000e+003 4.597393e-009 5.466571e-011
9.375000e+003 4.577317e-009 5.417930e-011
9.380000e+003 4.557696e-009 5.370623e-011
9.385000e+003 4.538513e-009 5.324596e-011
9.390000e+003 4.519751e-009 5.279798e-011
9.395000e+003 4.501393e-009 5.236180e-011
9.400000e+003 4.483423e-009 5.193695e-011
9.405000e+003 4.465827e-009 5.152301e-011
9.410000e+003 4.448590e-009 5.111955e-011
9.415000e+003 4.431699e-009 5.072617e-011
9.420000e+003 4.415142e-009 5.034251e-011
9.425000e+003 4.398907e-009 4.996821e-011
9.430000e+003 4.382981e-009 4.960293e-011
9.435000e+003 4.367355e-009 4.924634e-011
9.440000e+003 4.352017e-009 4.889813e-011
9.445000e+003 4.336958e-009 4.855802e-011
9.450000e+003 4.322169e-009 4.822572e-011
9.455000e+003 4.307639e-009 4.790096e-011
9.460000e+003 4.293362e-009 4.758349e-011
9.465000e+003 4.279327e-009 4.727307e-011
9.470000e+003 4.265529e-009 4.696946e-011
9.475000e+003 4.251958e-009 4.667243e-011
9.480000e+003 4.238608e-009 4.638179e-011
9.485000e+003 4.225472e-009 4.609731e-011
9.490000e+003 4.212544e-009 4.581882e-011
9.495000e+003 4.199816e-009 4.554611e-011
9.500000e+003 4.187283e-009 4.527901e-011
9.505000e+003 4.174939e-009 4.501734e-011
9.510000e+003 4.162779e-009 4.476095e-011
9.515000e+003 4.150797e-009 4.450967e-011
9.520000e+003 4.138987e-009 4.426335e-011
9.525000e+003 4.127346e-009 4.402185e-011
9.530000e+003 4.115868e-009 4.378501e-011
9.535000e+003 4.104549e-009 4.355272e-011
9.540000e+003 4.093383e-009 4.332483e-011
9.545000e+003 4.082368e-009 4.310123e-011
9.550000e+003 4.071499e-009 4.288179e-011
9.555000e+003 4.060772e-009 4.266640e-011
9.560000e+003 4.050184e-009 4.245494e-011
9.565000e+003 4.039729e-009 4.224730e-011
9.570000e+003 4.029406e-009 4.204339e-011
9.575000e+003 4.019211e-009 4.184311e-011
9.580000e+003 4.009140e-009 4.164635e-011
9.585000e+003 3.999191e-009 4.145303e-011
9.590000e+003 3.989359e-009 4.126305e-011
9.595000e+003 3.979643e-009 4.107632e-011
9.600000e+003 3.970040e-009 4.089277e-011
9.605000e+003 3.960546e-009 4.071231e-011
9.610000e+003 3.951159e-009 4.053487e-011
9.615000e+003 3.941877e-009 4.036037e-011
9.620000e+003 3.932697e-009 4.018873e-011
9.625000e+003 3.923617e-009 4.001989e-011
9.630000e+003 3.914634e-009 3.985377e-011
9.635000e+003 3.905746e-009 3.969032e-011
9.640000e+003 3.896951e-009 3.952946e-011
9.645000e+003 3.888247e-009 3.937114e-011
9.650000e+003 3.879632e-009 3.921529e-011
9.655000e+003 3.871103e-009 3.906186e-011
9.660000e+003 3.862660e-009 3.891079e-011
9.665000e+003 3.854299e-009 3.876202e-011
9.670000e+003 3.846020e-009 3.861551e-011
9.675000e+003 3.837820e-009 3.847120e-011
9.680000e+003 3.829698e-009 3.832904e-011
9.685000e+003 3.821653e-009 3.818898e-011
9.690000e+003 3.813682e-009 3.805098e-011
9.695000e+003 3.805784e-009 3.791499e-011
9.700000e+003 3.797957e-009 3.778097e-011
9.705000e+003 3.790201e-009 3.764887e-011
9.710000e+003 3.782513e-009 3.751866e-011
9.715000e+003 3.774893e-009 3.739029e-011
9.720000e+003 3.767339e-009 3.726372e-011
9.725000e+003 3.759849e-009 3.713891e-011
9.730000e+003 3.752423e-009 3.701584e-011
9.735000e+003 3.745059e-009 3.689445e-011
9.740000e+003 3.737756e-009 3.677472e-011
9.745000e+003 3.730513e-009 3.665661e-011
9.750000e+003 3.723328e-009 3.654010e-011
9.755000e+003 3.716202e-009 3.642514e-011
9.760000e+003 3.709131e-009 3.631170e-011
9.765000e+003 3.702117e-009 3.619976e-011
9.770000e+003 3.695156e-009 3.608929e-011
9.775000e+003 3.688250e-009 3.598025e-011
9.780000e+003 3.681395e-009 3.587262e-011
9.785000e+003 3.674593e-009 3.576637e-011
9.790000e+003 3.667841e-009 3.566147e-011
9.795000e+003 3.661139e-009 3.555791e-011
9.800000e+003 3.654486e-009 3.545564e-011
9.805000e+003 3.647880e-009 3.535465e-011
9.810000e+003 3.641323e-009 3.525492e-011
9.815000e+003 3.634811e-009 3.515641e-011
9.820000e+003 3.628346e-009 3.505912e-011
9.825000e+003 3.621925e-009 3.496300e-011
9.830000e+003 3.615548e-009 3.486805e-011
9.835000e+003 3.609215e-009 3.477425e-011
9.840000e+003 3.602924e-009 3.468156e-011
9.845000e+003 3.596676e-009 3.458997e-011
9.850000e+003 3.590469e-009 3.449946e-011
9.855000e+003 3.584302e-009 3.441002e-011
9.860000e+003 3.578176e-009 3.432161e-011
9.865000e+003 3.572089e-009 3.423423e-011
9.870000e+003 3.566041e-009 3.414786e-011
9.875000e+003 3.560031e-009 3.406248e-011
9.880000e+003 3.554059e-009 3.397806e-011
9.885000e+003 3.548123e-009 3.389460e-011
9.890000e+003 3.542224e-009 3.381208e-011
9.895000e+003 3.536361e-009 3.373048e-011
9.900000e+003 3.530534e-009 3.364979e-011
9.905000e+003 3.524741e-009 3.356999e-011
9.910000e+003 3.518983e-009 3.349107e-011
9.915000e+003 3.513258e-009 3.341300e-011
9.920000e+003 3.507567e-009 3.333579e-011
9.925000e+003 3.501908e-009 3.325940e-011
9.930000e+003 3.496282e-009 3.318384e-011
9.935000e+003 3.490688e-009 3.310908e-011
9.940000e+003 3.485126e-009 3.303512e-011
9.945000e+003 3.479594e-009 3.296194e-011
9.950000e+003 3.474093e-009 3.288952e-011
9.955000e+003 3.468623e-009 3.281786e-011
9.960000e+003 3.463182e-009 3.274695e-011
9.965000e+003 3.457770e-009 3.267676e-011
9.970000e+003 3.452387e-009 3.260730e-011
9.975000e+003 3.447033e-009 3.253854e-011
9.980000e+003 3.441707e-009 3.247049e-011
9.985000e+003 3.436409e-009 3.240312e-011
9.990000e+003 3.431139e-009 3.233642e-011
9.995000e+003 3.425895e-009 3.227040e-011
1.000000e+004 3.420678e-009 3.220503e-011
