1.000000e+001 2.237796e-004 2.237796e-004 
1.200000e+001 1.553941e-004 1.553941e-004 
1.400000e+001 1.141641e-004 1.141641e-004 
1.600000e+001 8.740137e-005 8.740137e-005 
1.800000e+001 6.905579e-005 6.905579e-005 
2.000000e+001 5.593174e-005 5.593174e-005 
2.200000e+001 4.622194e-005 4.622194e-005 
2.400000e+001 3.883690e-005 3.883690e-005 
2.600000e+001 3.308965e-005 3.308965e-005 
2.800000e+001 2.852913e-005 2.852913e-005 
3.000000e+001 2.485007e-005 2.485007e-005 
3.200000e+001 2.183899e-005 2.183899e-005 
3.400000e+001 1.934356e-005 1.934356e-005 
3.600000e+001 1.725229e-005 1.725229e-005 
3.800000e+001 1.548248e-005 1.548248e-005 
4.000000e+001 1.397141e-005 1.397141e-005 
4.200000e+001 1.267105e-005 1.267105e-005 
4.400000e+001 1.154394e-005 1.154394e-005 
4.600000e+001 1.056061e-005 1.056061e-005 
4.800000e+001 9.697635e-006 9.697635e-006 
5.000000e+001 8.936116e-006 8.936116e-006 
5.200000e+001 8.260765e-006 8.260765e-006 
5.400000e+001 7.659051e-006 7.659051e-006 
5.600000e+001 7.120653e-006 7.120653e-006 
5.800000e+001 6.636973e-006 6.636973e-006 
6.000000e+001 6.200859e-006 6.200859e-006 
6.200000e+001 5.806257e-006 5.806257e-006 
6.400000e+001 5.448065e-006 5.448065e-006 
6.600000e+001 5.121943e-006 5.121943e-006 
6.800000e+001 4.824166e-006 4.824166e-006 
7.000000e+001 4.551545e-006 4.551545e-006 
7.200000e+001 4.301323e-006 4.301323e-006 
7.400000e+001 4.071112e-006 4.071112e-006 
7.600000e+001 3.858835e-006 3.858835e-006 
7.800000e+001 3.662673e-006 3.662673e-006 
8.000000e+001 3.481036e-006 3.481036e-006 
8.200000e+001 3.312527e-006 3.312527e-006 
8.400000e+001 3.155907e-006 3.155907e-006 
8.600000e+001 3.010086e-006 3.010086e-006 
8.800000e+001 2.874090e-006 2.874090e-006 
9.000000e+001 2.747059e-006 2.747059e-006 
9.200000e+001 2.628219e-006 2.628219e-006 
9.400000e+001 2.516882e-006 2.516882e-006 
9.600000e+001 2.412430e-006 2.412430e-006 
9.800000e+001 2.314304e-006 2.314304e-006 
1.000000e+002 2.222005e-006 2.222005e-006 
1.020000e+002 2.135080e-006 2.135080e-006 
1.040000e+002 2.053119e-006 2.053119e-006 
1.060000e+002 1.975752e-006 1.975752e-006 
1.080000e+002 1.902641e-006 1.902641e-006 
1.100000e+002 1.833479e-006 1.833479e-006 
1.120000e+002 1.767988e-006 1.767988e-006 
1.140000e+002 1.705910e-006 1.705910e-006 
1.160000e+002 1.647014e-006 1.647014e-006 
1.180000e+002 1.591085e-006 1.591085e-006 
1.200000e+002 1.537927e-006 1.537927e-006 
1.220000e+002 1.487359e-006 1.487359e-006 
1.240000e+002 1.439217e-006 1.439217e-006 
1.260000e+002 1.393346e-006 1.393346e-006 
1.280000e+002 1.349607e-006 1.349607e-006 
1.300000e+002 1.307869e-006 1.307869e-006 
1.320000e+002 1.268011e-006 1.268011e-006 
1.340000e+002 1.229922e-006 1.229922e-006 
1.360000e+002 1.193499e-006 1.193499e-006 
1.380000e+002 1.158646e-006 1.158646e-006 
1.400000e+002 1.125274e-006 1.125274e-006 
1.420000e+002 1.093299e-006 1.093299e-006 
1.440000e+002 1.062646e-006 1.062646e-006 
1.460000e+002 1.033240e-006 1.033240e-006 
1.480000e+002 1.005017e-006 1.005017e-006 
1.500000e+002 9.779128e-007 9.779128e-007 
1.520000e+002 9.518689e-007 9.518689e-007 
1.540000e+002 9.268308e-007 9.268308e-007 
1.560000e+002 9.027470e-007 9.027470e-007 
1.580000e+002 8.795695e-007 8.795695e-007 
1.600000e+002 8.572534e-007 8.572534e-007 
1.620000e+002 8.357562e-007 8.357562e-007 
1.640000e+002 8.150381e-007 8.150381e-007 
1.660000e+002 7.950619e-007 7.950619e-007 
1.680000e+002 7.757923e-007 7.757923e-007 
1.700000e+002 7.571962e-007 7.571962e-007 
1.720000e+002 7.392424e-007 7.392424e-007 
1.740000e+002 7.219016e-007 7.219016e-007 
1.760000e+002 7.051460e-007 7.051460e-007 
1.780000e+002 6.889493e-007 6.889493e-007 
1.800000e+002 6.732868e-007 6.732868e-007 
1.820000e+002 6.581350e-007 6.581350e-007 
1.840000e+002 6.434720e-007 6.434720e-007 
1.860000e+002 6.292766e-007 6.292766e-007 
1.880000e+002 6.155291e-007 6.155291e-007 
1.900000e+002 6.022106e-007 6.022106e-007 
1.920000e+002 5.893033e-007 5.893033e-007 
1.940000e+002 5.767902e-007 5.767902e-007 
1.960000e+002 5.646553e-007 5.646553e-007 
1.980000e+002 5.528834e-007 5.528834e-007 
2.000000e+002 5.414598e-007 5.414598e-007 
2.020000e+002 5.303709e-007 5.303709e-007 
2.040000e+002 5.196035e-007 5.196035e-007 
2.060000e+002 5.091451e-007 5.091451e-007 
2.080000e+002 4.989838e-007 4.989838e-007 
2.100000e+002 4.891083e-007 4.891083e-007 
2.120000e+002 4.795079e-007 4.795079e-007 
2.140000e+002 4.701721e-007 4.701721e-007 
2.160000e+002 4.610912e-007 4.610912e-007 
2.180000e+002 4.522557e-007 4.522557e-007 
2.200000e+002 4.436568e-007 4.436568e-007 
2.220000e+002 4.352859e-007 4.352859e-007 
2.240000e+002 4.271347e-007 4.271347e-007 
2.260000e+002 4.191956e-007 4.191956e-007 
2.280000e+002 4.114610e-007 4.114610e-007 
2.300000e+002 4.039236e-007 4.039236e-007 
2.320000e+002 3.965768e-007 3.965768e-007 
2.340000e+002 3.894139e-007 3.894139e-007 
2.360000e+002 3.824286e-007 3.824286e-007 
2.380000e+002 3.756149e-007 3.756149e-007 
2.400000e+002 3.689670e-007 3.689670e-007 
2.420000e+002 3.624794e-007 3.624794e-007 
2.440000e+002 3.561468e-007 3.561468e-007 
2.460000e+002 3.499640e-007 3.499640e-007 
2.480000e+002 3.439262e-007 3.439262e-007 
2.500000e+002 3.380286e-007 3.380286e-007 
2.520000e+002 3.322667e-007 3.322667e-007 
2.540000e+002 3.266361e-007 3.266361e-007 
2.560000e+002 3.211327e-007 3.211327e-007 
2.580000e+002 3.157524e-007 3.157524e-007 
2.600000e+002 3.104914e-007 3.104914e-007 
2.620000e+002 3.053459e-007 3.053459e-007 
2.640000e+002 3.003124e-007 3.003124e-007 
2.660000e+002 2.953873e-007 2.953873e-007 
2.680000e+002 2.905673e-007 2.905673e-007 
2.700000e+002 2.858492e-007 2.858492e-007 
2.720000e+002 2.812299e-007 2.812299e-007 
2.740000e+002 2.767065e-007 2.767065e-007 
2.760000e+002 2.722759e-007 2.722759e-007 
2.780000e+002 2.679355e-007 2.679355e-007 
2.800000e+002 2.636825e-007 2.636825e-007 
2.820000e+002 2.595143e-007 2.595143e-007 
2.840000e+002 2.554284e-007 2.554284e-007 
2.860000e+002 2.514224e-007 2.514224e-007 
2.880000e+002 2.474938e-007 2.474938e-007 
2.900000e+002 2.436405e-007 2.436405e-007 
2.920000e+002 2.398603e-007 2.398603e-007 
2.940000e+002 2.361509e-007 2.361509e-007 
2.960000e+002 2.325103e-007 2.325103e-007 
2.980000e+002 2.289365e-007 2.289365e-007 
3.000000e+002 2.254276e-007 2.254276e-007 
3.020000e+002 2.219816e-007 2.219816e-007 
3.040000e+002 2.185968e-007 2.185968e-007 
3.060000e+002 2.152713e-007 2.152713e-007 
3.080000e+002 2.120034e-007 2.120034e-007 
3.100000e+002 2.087915e-007 2.087915e-007 
3.120000e+002 2.056339e-007 2.056339e-007 
3.140000e+002 2.025289e-007 2.025289e-007 
3.160000e+002 1.994752e-007 1.994752e-007 
3.180000e+002 1.964710e-007 1.964710e-007 
3.200000e+002 1.935151e-007 1.935151e-007 
3.220000e+002 1.906058e-007 1.906058e-007 
3.240000e+002 1.877419e-007 1.877419e-007 
3.260000e+002 1.849220e-007 1.849220e-007 
3.280000e+002 1.821447e-007 1.821447e-007 
3.300000e+002 1.794087e-007 1.794087e-007 
3.320000e+002 1.767127e-007 1.767127e-007 
3.340000e+002 1.740555e-007 1.740555e-007 
3.360000e+002 1.714358e-007 1.714358e-007 
3.380000e+002 1.688524e-007 1.688524e-007 
3.400000e+002 1.663042e-007 1.663042e-007 
3.420000e+002 1.637899e-007 1.637899e-007 
3.440000e+002 1.613084e-007 1.613084e-007 
3.460000e+002 1.588586e-007 1.588586e-007 
3.480000e+002 1.564393e-007 1.564393e-007 
3.500000e+002 1.540495e-007 1.540495e-007 
3.520000e+002 1.516880e-007 1.516880e-007 
3.540000e+002 1.493537e-007 1.493537e-007 
3.560000e+002 1.470457e-007 1.470457e-007 
3.580000e+002 1.447626e-007 1.447626e-007 
3.600000e+002 1.425036e-007 1.425036e-007 
3.620000e+002 1.402676e-007 1.402676e-007 
3.640000e+002 1.380534e-007 1.380534e-007 
3.660000e+002 1.358601e-007 1.358601e-007 
3.680000e+002 1.336864e-007 1.336864e-007 
3.700000e+002 1.315315e-007 1.315315e-007 
3.720000e+002 1.293941e-007 1.293941e-007 
3.740000e+002 1.272732e-007 1.272732e-007 
3.760000e+002 1.251676e-007 1.251676e-007 
3.780000e+002 1.230764e-007 1.230764e-007 
3.800000e+002 1.209982e-007 1.209982e-007 
3.820000e+002 1.189319e-007 1.189319e-007 
3.840000e+002 1.168765e-007 1.168765e-007 
3.860000e+002 1.148306e-007 1.148306e-007 
3.880000e+002 1.127929e-007 1.127929e-007 
3.900000e+002 1.107623e-007 1.107623e-007 
3.920000e+002 1.087374e-007 1.087374e-007 
3.940000e+002 1.067169e-007 1.067169e-007 
3.960000e+002 1.046992e-007 1.046992e-007 
3.980000e+002 1.026830e-007 1.026830e-007 
4.000000e+002 1.006667e-007 1.006667e-007 
4.020000e+002 9.864864e-008 9.864864e-008 
4.040000e+002 9.662722e-008 9.662722e-008 
4.060000e+002 9.460064e-008 9.460064e-008 
4.080000e+002 9.256703e-008 9.256703e-008 
4.100000e+002 9.052441e-008 9.052441e-008 
4.120000e+002 8.847068e-008 8.847068e-008 
4.140000e+002 8.640362e-008 8.640362e-008 
4.160000e+002 8.432085e-008 8.432085e-008 
4.180000e+002 8.221982e-008 8.221982e-008 
4.200000e+002 8.009781e-008 8.009781e-008 
4.220000e+002 7.795189e-008 7.795189e-008 
4.240000e+002 7.577889e-008 7.577889e-008 
4.260000e+002 7.357538e-008 7.357538e-008 
4.280000e+002 7.133764e-008 7.133764e-008 
4.300000e+002 6.906163e-008 6.906163e-008 
4.320000e+002 6.674291e-008 6.674291e-008 
4.340000e+002 6.437666e-008 6.437666e-008 
4.360000e+002 6.195753e-008 6.195753e-008 
4.380000e+002 5.947967e-008 5.947967e-008 
4.400000e+002 5.693657e-008 5.693657e-008 
4.420000e+002 5.432101e-008 5.432101e-008 
4.440000e+002 5.162496e-008 5.162496e-008 
4.460000e+002 4.883943e-008 4.883943e-008 
4.480000e+002 4.595429e-008 4.595429e-008 
4.500000e+002 4.295818e-008 4.295818e-008 
4.520000e+002 3.983819e-008 3.983819e-008 
4.540000e+002 3.657962e-008 3.657962e-008 
4.560000e+002 3.316572e-008 3.316572e-008 
4.580000e+002 2.957719e-008 2.957719e-008 
4.600000e+002 2.579176e-008 2.579176e-008 
4.620000e+002 2.178354e-008 2.178354e-008 
4.640000e+002 1.752230e-008 1.752230e-008 
4.660000e+002 1.297242e-008 1.297242e-008 
4.680000e+002 8.091673e-009 8.091673e-009 
4.700000e+002 2.829637e-009 2.829637e-009 
4.720000e+002 2.874450e-009 -2.874450e-009 
4.740000e+002 9.094519e-009 -9.094519e-009 
4.760000e+002 1.592137e-008 -1.592137e-008 
4.780000e+002 2.346788e-008 -2.346788e-008 
4.800000e+002 3.187615e-008 -3.187615e-008 
4.820000e+002 4.132757e-008 -4.132757e-008 
4.840000e+002 5.205748e-008 -5.205748e-008 
4.860000e+002 6.437690e-008 -6.437690e-008 
4.880000e+002 7.870559e-008 -7.870559e-008 
4.900000e+002 9.562405e-008 -9.562405e-008 
4.920000e+002 1.159590e-007 -1.159590e-007 
4.940000e+002 1.409289e-007 -1.409289e-007 
4.960000e+002 1.724080e-007 -1.724080e-007 
4.980000e+002 2.134354e-007 -2.134354e-007 
5.000000e+002 2.692864e-007 -2.692864e-007 
5.020000e+002 3.499952e-007 -3.499952e-007 
5.040000e+002 4.772797e-007 -4.772797e-007 
5.060000e+002 7.085397e-007 -7.085397e-007 
5.080000e+002 1.261190e-006 -1.261190e-006 
5.100000e+002 4.352815e-006 -4.352815e-006 
5.120000e+002 3.493078e-006 3.493078e-006 
5.140000e+002 1.312726e-006 1.312726e-006 
5.160000e+002 8.318168e-007 8.318168e-007 
5.180000e+002 6.203309e-007 6.203309e-007 
5.200000e+002 5.012230e-007 5.012230e-007 
5.220000e+002 4.246994e-007 4.246994e-007 
5.240000e+002 3.713043e-007 3.713043e-007 
5.260000e+002 3.318687e-007 3.318687e-007 
5.280000e+002 3.015057e-007 3.015057e-007 
5.300000e+002 2.773719e-007 2.773719e-007 
5.320000e+002 2.577001e-007 2.577001e-007 
5.340000e+002 2.413349e-007 2.413349e-007 
5.360000e+002 2.274880e-007 2.274880e-007 
5.380000e+002 2.156040e-007 2.156040e-007 
5.400000e+002 2.052798e-007 2.052798e-007 
5.420000e+002 1.962159e-007 1.962159e-007 
5.440000e+002 1.881852e-007 1.881852e-007 
5.460000e+002 1.810120e-007 1.810120e-007 
5.480000e+002 1.745588e-007 1.745588e-007 
5.500000e+002 1.687160e-007 1.687160e-007 
5.520000e+002 1.633953e-007 1.633953e-007 
5.540000e+002 1.585248e-007 1.585248e-007 
5.560000e+002 1.540453e-007 1.540453e-007 
5.580000e+002 1.499078e-007 1.499078e-007 
5.600000e+002 1.460710e-007 1.460710e-007 
5.620000e+002 1.425002e-007 1.425002e-007 
5.640000e+002 1.391659e-007 1.391659e-007 
5.660000e+002 1.360430e-007 1.360430e-007 
5.680000e+002 1.331096e-007 1.331096e-007 
5.700000e+002 1.303470e-007 1.303470e-007 
5.720000e+002 1.277389e-007 1.277389e-007 
5.740000e+002 1.252710e-007 1.252710e-007 
5.760000e+002 1.229307e-007 1.229307e-007 
5.780000e+002 1.207071e-007 1.207071e-007 
5.800000e+002 1.185903e-007 1.185903e-007 
5.820000e+002 1.165717e-007 1.165717e-007 
5.840000e+002 1.146436e-007 1.146436e-007 
5.860000e+002 1.127990e-007 1.127990e-007 
5.880000e+002 1.110318e-007 1.110318e-007 
5.900000e+002 1.093363e-007 1.093363e-007 
5.920000e+002 1.077075e-007 1.077075e-007 
5.940000e+002 1.061409e-007 1.061409e-007 
5.960000e+002 1.046323e-007 1.046323e-007 
5.980000e+002 1.031780e-007 1.031780e-007 
6.000000e+002 1.017745e-007 1.017745e-007 
6.020000e+002 1.004187e-007 1.004187e-007 
6.040000e+002 9.910782e-008 9.910782e-008 
6.060000e+002 9.783913e-008 9.783913e-008 
6.080000e+002 9.661026e-008 9.661026e-008 
6.100000e+002 9.541898e-008 9.541898e-008 
6.120000e+002 9.426324e-008 9.426324e-008 
6.140000e+002 9.314115e-008 9.314115e-008 
6.160000e+002 9.205095e-008 9.205095e-008 
6.180000e+002 9.099103e-008 9.099103e-008 
6.200000e+002 8.995986e-008 8.995986e-008 
6.220000e+002 8.895606e-008 8.895606e-008 
6.240000e+002 8.797831e-008 8.797831e-008 
6.260000e+002 8.702540e-008 8.702540e-008 
6.280000e+002 8.609618e-008 8.609618e-008 
6.300000e+002 8.518961e-008 8.518961e-008 
6.320000e+002 8.430467e-008 8.430467e-008 
6.340000e+002 8.344045e-008 8.344045e-008 
6.360000e+002 8.259606e-008 8.259606e-008 
6.380000e+002 8.177068e-008 8.177068e-008 
6.400000e+002 8.096355e-008 8.096355e-008 
6.420000e+002 8.017392e-008 8.017392e-008 
6.440000e+002 7.940113e-008 7.940113e-008 
6.460000e+002 7.864451e-008 7.864451e-008 
6.480000e+002 7.790347e-008 7.790347e-008 
6.500000e+002 7.717742e-008 7.717742e-008 
6.520000e+002 7.646581e-008 7.646581e-008 
6.540000e+002 7.576814e-008 7.576814e-008 
6.560000e+002 7.508390e-008 7.508390e-008 
6.580000e+002 7.441264e-008 7.441264e-008 
6.600000e+002 7.375392e-008 7.375392e-008 
6.620000e+002 7.310731e-008 7.310731e-008 
6.640000e+002 7.247242e-008 7.247242e-008 
6.660000e+002 7.184886e-008 7.184886e-008 
6.680000e+002 7.123628e-008 7.123628e-008 
6.700000e+002 7.063434e-008 7.063434e-008 
6.720000e+002 7.004270e-008 7.004270e-008 
6.740000e+002 6.946104e-008 6.946104e-008 
6.760000e+002 6.888909e-008 6.888909e-008 
6.780000e+002 6.832653e-008 6.832653e-008 
6.800000e+002 6.777311e-008 6.777311e-008 
6.820000e+002 6.722857e-008 6.722857e-008 
6.840000e+002 6.669264e-008 6.669264e-008 
6.860000e+002 6.616509e-008 6.616509e-008 
6.880000e+002 6.564570e-008 6.564570e-008 
6.900000e+002 6.513424e-008 6.513424e-008 
6.920000e+002 6.463049e-008 6.463049e-008 
6.940000e+002 6.413427e-008 6.413427e-008 
6.960000e+002 6.364536e-008 6.364536e-008 
6.980000e+002 6.316360e-008 6.316360e-008 
7.000000e+002 6.268878e-008 6.268878e-008 
7.020000e+002 6.222074e-008 6.222074e-008 
7.040000e+002 6.175932e-008 6.175932e-008 
7.060000e+002 6.130435e-008 6.130435e-008 
7.080000e+002 6.085568e-008 6.085568e-008 
7.100000e+002 6.041316e-008 6.041316e-008 
7.120000e+002 5.997664e-008 5.997664e-008 
7.140000e+002 5.954598e-008 5.954598e-008 
7.160000e+002 5.912106e-008 5.912106e-008 
7.180000e+002 5.870174e-008 5.870174e-008 
7.200000e+002 5.828789e-008 5.828789e-008 
7.220000e+002 5.787940e-008 5.787940e-008 
7.240000e+002 5.747615e-008 5.747615e-008 
7.260000e+002 5.707802e-008 5.707802e-008 
7.280000e+002 5.668491e-008 5.668491e-008 
7.300000e+002 5.629671e-008 5.629671e-008 
7.320000e+002 5.591332e-008 5.591332e-008 
7.340000e+002 5.553463e-008 5.553463e-008 
7.360000e+002 5.516056e-008 5.516056e-008 
7.380000e+002 5.479100e-008 5.479100e-008 
7.400000e+002 5.442587e-008 5.442587e-008 
7.420000e+002 5.406509e-008 5.406509e-008 
7.440000e+002 5.370855e-008 5.370855e-008 
7.460000e+002 5.335619e-008 5.335619e-008 
7.480000e+002 5.300792e-008 5.300792e-008 
7.500000e+002 5.266367e-008 5.266367e-008 
7.520000e+002 5.232335e-008 5.232335e-008 
7.540000e+002 5.198690e-008 5.198690e-008 
7.560000e+002 5.165425e-008 5.165425e-008 
7.580000e+002 5.132531e-008 5.132531e-008 
7.600000e+002 5.100003e-008 5.100003e-008 
7.620000e+002 5.067834e-008 5.067834e-008 
7.640000e+002 5.036018e-008 5.036018e-008 
7.660000e+002 5.004548e-008 5.004548e-008 
7.680000e+002 4.973419e-008 4.973419e-008 
7.700000e+002 4.942624e-008 4.942624e-008 
7.720000e+002 4.912157e-008 4.912157e-008 
7.740000e+002 4.882014e-008 4.882014e-008 
7.760000e+002 4.852188e-008 4.852188e-008 
7.780000e+002 4.822674e-008 4.822674e-008 
7.800000e+002 4.793467e-008 4.793467e-008 
7.820000e+002 4.764562e-008 4.764562e-008 
7.840000e+002 4.735954e-008 4.735954e-008 
7.860000e+002 4.707639e-008 4.707639e-008 
7.880000e+002 4.679610e-008 4.679610e-008 
7.900000e+002 4.651865e-008 4.651865e-008 
7.920000e+002 4.624398e-008 4.624398e-008 
7.940000e+002 4.597205e-008 4.597205e-008 
7.960000e+002 4.570281e-008 4.570281e-008 
7.980000e+002 4.543623e-008 4.543623e-008 
8.000000e+002 4.517227e-008 4.517227e-008 
8.020000e+002 4.491087e-008 4.491087e-008 
8.040000e+002 4.465202e-008 4.465202e-008 
8.060000e+002 4.439566e-008 4.439566e-008 
8.080000e+002 4.414175e-008 4.414175e-008 
8.100000e+002 4.389027e-008 4.389027e-008 
8.120000e+002 4.364118e-008 4.364118e-008 
8.140000e+002 4.339444e-008 4.339444e-008 
8.160000e+002 4.315002e-008 4.315002e-008 
8.180000e+002 4.290788e-008 4.290788e-008 
8.200000e+002 4.266799e-008 4.266799e-008 
8.220000e+002 4.243033e-008 4.243033e-008 
8.240000e+002 4.219485e-008 4.219485e-008 
8.260000e+002 4.196152e-008 4.196152e-008 
8.280000e+002 4.173033e-008 4.173033e-008 
8.300000e+002 4.150123e-008 4.150123e-008 
8.320000e+002 4.127419e-008 4.127419e-008 
8.340000e+002 4.104920e-008 4.104920e-008 
8.360000e+002 4.082622e-008 4.082622e-008 
8.380000e+002 4.060522e-008 4.060522e-008 
8.400000e+002 4.038619e-008 4.038619e-008 
8.420000e+002 4.016908e-008 4.016908e-008 
8.440000e+002 3.995388e-008 3.995388e-008 
8.460000e+002 3.974056e-008 3.974056e-008 
8.480000e+002 3.952909e-008 3.952909e-008 
8.500000e+002 3.931946e-008 3.931946e-008 
8.520000e+002 3.911163e-008 3.911163e-008 
8.540000e+002 3.890559e-008 3.890559e-008 
8.560000e+002 3.870131e-008 3.870131e-008 
8.580000e+002 3.849877e-008 3.849877e-008 
8.600000e+002 3.829794e-008 3.829794e-008 
8.620000e+002 3.809881e-008 3.809881e-008 
8.640000e+002 3.790135e-008 3.790135e-008 
8.660000e+002 3.770555e-008 3.770555e-008 
8.680000e+002 3.751137e-008 3.751137e-008 
8.700000e+002 3.731881e-008 3.731881e-008 
8.720000e+002 3.712784e-008 3.712784e-008 
8.740000e+002 3.693844e-008 3.693844e-008 
8.760000e+002 3.675060e-008 3.675060e-008 
8.780000e+002 3.656429e-008 3.656429e-008 
8.800000e+002 3.637949e-008 3.637949e-008 
8.820000e+002 3.619619e-008 3.619619e-008 
8.840000e+002 3.601437e-008 3.601437e-008 
8.860000e+002 3.583402e-008 3.583402e-008 
8.880000e+002 3.565510e-008 3.565510e-008 
8.900000e+002 3.547762e-008 3.547762e-008 
8.920000e+002 3.530155e-008 3.530155e-008 
8.940000e+002 3.512687e-008 3.512687e-008 
8.960000e+002 3.495356e-008 3.495356e-008 
8.980000e+002 3.478163e-008 3.478163e-008 
9.000000e+002 3.461103e-008 3.461103e-008 
9.020000e+002 3.444177e-008 3.444177e-008 
9.040000e+002 3.427382e-008 3.427382e-008 
9.060000e+002 3.410718e-008 3.410718e-008 
9.080000e+002 3.394182e-008 3.394182e-008 
9.100000e+002 3.377773e-008 3.377773e-008 
9.120000e+002 3.361490e-008 3.361490e-008 
9.140000e+002 3.345332e-008 3.345332e-008 
9.160000e+002 3.329296e-008 3.329296e-008 
9.180000e+002 3.313382e-008 3.313382e-008 
9.200000e+002 3.297588e-008 3.297588e-008 
9.220000e+002 3.281914e-008 3.281914e-008 
9.240000e+002 3.266356e-008 3.266356e-008 
9.260000e+002 3.250916e-008 3.250916e-008 
9.280000e+002 3.235590e-008 3.235590e-008 
9.300000e+002 3.220378e-008 3.220378e-008 
9.320000e+002 3.205279e-008 3.205279e-008 
9.340000e+002 3.190291e-008 3.190291e-008 
9.360000e+002 3.175414e-008 3.175414e-008 
9.380000e+002 3.160645e-008 3.160645e-008 
9.400000e+002 3.145985e-008 3.145985e-008 
9.420000e+002 3.131431e-008 3.131431e-008 
9.440000e+002 3.116984e-008 3.116984e-008 
9.460000e+002 3.102640e-008 3.102640e-008 
9.480000e+002 3.088400e-008 3.088400e-008 
9.500000e+002 3.074263e-008 3.074263e-008 
9.520000e+002 3.060227e-008 3.060227e-008 
9.540000e+002 3.046291e-008 3.046291e-008 
9.560000e+002 3.032455e-008 3.032455e-008 
9.580000e+002 3.018717e-008 3.018717e-008 
9.600000e+002 3.005076e-008 3.005076e-008 
9.620000e+002 2.991531e-008 2.991531e-008 
9.640000e+002 2.978082e-008 2.978082e-008 
9.660000e+002 2.964727e-008 2.964727e-008 
9.680000e+002 2.951465e-008 2.951465e-008 
9.700000e+002 2.938297e-008 2.938297e-008 
9.720000e+002 2.925219e-008 2.925219e-008 
9.740000e+002 2.912232e-008 2.912232e-008 
9.760000e+002 2.899335e-008 2.899335e-008 
9.780000e+002 2.886527e-008 2.886527e-008 
9.800000e+002 2.873807e-008 2.873807e-008 
9.820000e+002 2.861175e-008 2.861175e-008 
9.840000e+002 2.848628e-008 2.848628e-008 
9.860000e+002 2.836167e-008 2.836167e-008 
9.880000e+002 2.823790e-008 2.823790e-008 
9.900000e+002 2.811498e-008 2.811498e-008 
9.920000e+002 2.799288e-008 2.799288e-008 
9.940000e+002 2.787161e-008 2.787161e-008 
9.960000e+002 2.775115e-008 2.775115e-008 
9.980000e+002 2.763150e-008 2.763150e-008 
1.000000e+003 2.751265e-008 2.751265e-008 
1.002000e+003 2.739458e-008 2.739458e-008 
1.004000e+003 2.727731e-008 2.727731e-008 
1.006000e+003 2.716081e-008 2.716081e-008 
1.008000e+003 2.704508e-008 2.704508e-008 
1.010000e+003 2.693011e-008 2.693011e-008 
1.012000e+003 2.681589e-008 2.681589e-008 
1.014000e+003 2.670243e-008 2.670243e-008 
1.016000e+003 2.658970e-008 2.658970e-008 
1.018000e+003 2.647771e-008 2.647771e-008 
1.020000e+003 2.636645e-008 2.636645e-008 
1.022000e+003 2.625591e-008 2.625591e-008 
1.024000e+003 2.614609e-008 2.614609e-008 
1.026000e+003 2.603697e-008 2.603697e-008 
1.028000e+003 2.592855e-008 2.592855e-008 
1.030000e+003 2.582083e-008 2.582083e-008 
1.032000e+003 2.571380e-008 2.571380e-008 
1.034000e+003 2.560745e-008 2.560745e-008 
1.036000e+003 2.550178e-008 2.550178e-008 
1.038000e+003 2.539678e-008 2.539678e-008 
1.040000e+003 2.529244e-008 2.529244e-008 
1.042000e+003 2.518876e-008 2.518876e-008 
1.044000e+003 2.508574e-008 2.508574e-008 
1.046000e+003 2.498336e-008 2.498336e-008 
1.048000e+003 2.488163e-008 2.488163e-008 
1.050000e+003 2.478053e-008 2.478053e-008 
1.052000e+003 2.468006e-008 2.468006e-008 
1.054000e+003 2.458021e-008 2.458021e-008 
1.056000e+003 2.448099e-008 2.448099e-008 
1.058000e+003 2.438238e-008 2.438238e-008 
1.060000e+003 2.428438e-008 2.428438e-008 
1.062000e+003 2.418698e-008 2.418698e-008 
1.064000e+003 2.409018e-008 2.409018e-008 
1.066000e+003 2.399397e-008 2.399397e-008 
1.068000e+003 2.389835e-008 2.389835e-008 
1.070000e+003 2.380332e-008 2.380332e-008 
1.072000e+003 2.370886e-008 2.370886e-008 
1.074000e+003 2.361497e-008 2.361497e-008 
1.076000e+003 2.352166e-008 2.352166e-008 
1.078000e+003 2.342891e-008 2.342891e-008 
1.080000e+003 2.333671e-008 2.333671e-008 
1.082000e+003 2.324508e-008 2.324508e-008 
1.084000e+003 2.315399e-008 2.315399e-008 
1.086000e+003 2.306344e-008 2.306344e-008 
1.088000e+003 2.297344e-008 2.297344e-008 
1.090000e+003 2.288397e-008 2.288397e-008 
1.092000e+003 2.279504e-008 2.279504e-008 
1.094000e+003 2.270663e-008 2.270663e-008 
1.096000e+003 2.261874e-008 2.261874e-008 
1.098000e+003 2.253137e-008 2.253137e-008 
1.100000e+003 2.244452e-008 2.244452e-008 
1.102000e+003 2.235818e-008 2.235818e-008 
1.104000e+003 2.227234e-008 2.227234e-008 
1.106000e+003 2.218700e-008 2.218700e-008 
1.108000e+003 2.210217e-008 2.210217e-008 
1.110000e+003 2.201782e-008 2.201782e-008 
1.112000e+003 2.193397e-008 2.193397e-008 
1.114000e+003 2.185060e-008 2.185060e-008 
1.116000e+003 2.176771e-008 2.176771e-008 
1.118000e+003 2.168531e-008 2.168531e-008 
1.120000e+003 2.160337e-008 2.160337e-008 
1.122000e+003 2.152191e-008 2.152191e-008 
1.124000e+003 2.144091e-008 2.144091e-008 
1.126000e+003 2.136038e-008 2.136038e-008 
1.128000e+003 2.128030e-008 2.128030e-008 
1.130000e+003 2.120069e-008 2.120069e-008 
1.132000e+003 2.112152e-008 2.112152e-008 
1.134000e+003 2.104280e-008 2.104280e-008 
1.136000e+003 2.096453e-008 2.096453e-008 
1.138000e+003 2.088670e-008 2.088670e-008 
1.140000e+003 2.080930e-008 2.080930e-008 
1.142000e+003 2.073235e-008 2.073235e-008 
1.144000e+003 2.065582e-008 2.065582e-008 
1.146000e+003 2.057972e-008 2.057972e-008 
1.148000e+003 2.050405e-008 2.050405e-008 
1.150000e+003 2.042880e-008 2.042880e-008 
1.152000e+003 2.035396e-008 2.035396e-008 
1.154000e+003 2.027954e-008 2.027954e-008 
1.156000e+003 2.020554e-008 2.020554e-008 
1.158000e+003 2.013194e-008 2.013194e-008 
1.160000e+003 2.005874e-008 2.005874e-008 
1.162000e+003 1.998595e-008 1.998595e-008 
1.164000e+003 1.991356e-008 1.991356e-008 
1.166000e+003 1.984157e-008 1.984157e-008 
1.168000e+003 1.976997e-008 1.976997e-008 
1.170000e+003 1.969876e-008 1.969876e-008 
1.172000e+003 1.962794e-008 1.962794e-008 
1.174000e+003 1.955750e-008 1.955750e-008 
1.176000e+003 1.948744e-008 1.948744e-008 
1.178000e+003 1.941776e-008 1.941776e-008 
1.180000e+003 1.934846e-008 1.934846e-008 
1.182000e+003 1.927954e-008 1.927954e-008 
1.184000e+003 1.921098e-008 1.921098e-008 
1.186000e+003 1.914279e-008 1.914279e-008 
1.188000e+003 1.907497e-008 1.907497e-008 
1.190000e+003 1.900750e-008 1.900750e-008 
1.192000e+003 1.894040e-008 1.894040e-008 
1.194000e+003 1.887366e-008 1.887366e-008 
1.196000e+003 1.880727e-008 1.880727e-008 
1.198000e+003 1.874123e-008 1.874123e-008 
1.200000e+003 1.867554e-008 1.867554e-008 
